# BP5-QD time series at fltst_strk+36dp+00 (x2=36km, x3=0km)
# Columns: time(s), slip_strike(m), slip_dip(m), log10(V_strike)(m/s), log10(V_dip)(m/s), tau_strike(MPa), tau_dip(MPa), log10(state)(s)
0.000000000000E+00 0.000000000000E+00 0.000000000000E+00 -9.000000000000E+00 -2.000000000000E+01 1.327306118026E+01 1.327306118026E-10 8.146128035678E+00
1.174116117896E-01 1.174120234291E-10 3.829442883603E-19 -8.999996986328E+00 -1.719064730686E+01 1.327306824579E+01 8.556989653358E-08 8.146128035678E+00
2.390014246162E-01 2.390030992675E-10 1.555929509731E-18 -8.999994009310E+00 -1.689249164650E+01 1.327307522632E+01 1.700097851854E-07 8.146128035678E+00
3.435453076747E-01 3.435487248409E-10 3.173825660390E-18 -8.999991522850E+00 -1.674178513644E+01 1.327308105691E+01 2.405349191037E-07 8.146128035678E+00
4.442278575909E-01 4.442335128586E-10 5.251604679376E-18 -8.999989176253E+00 -1.663570409927E+01 1.327308655971E+01 3.070838689255E-07 8.146128035678E+00
5.466714791192E-01 5.466799652686E-10 7.879423356112E-18 -8.999986827899E+00 -1.655047088263E+01 1.327309206677E+01 3.736698451812E-07 8.146128035678E+00
6.457686741224E-01 6.457804220244E-10 1.090689703753E-17 -8.999984588061E+00 -1.648231133036E+01 1.327309731947E+01 4.371651529047E-07 8.146128035678E+00
7.669139593270E-01 7.669303841364E-10 1.524738871598E-17 -8.999981886246E+00 -1.641221312596E+01 1.327310365566E+01 5.137374743456E-07 8.146128035678E+00
8.861837256989E-01 8.862054865045E-10 2.019894297136E-17 -8.999979260141E+00 -1.635346860657E+01 1.327310981441E+01 5.881435533812E-07 8.146128035678E+00
1.004102518153E+00 1.004130259520E-09 2.574793524442E-17 -8.999976692713E+00 -1.630283506726E+01 1.327311583563E+01 6.608676753457E-07 8.146128035678E+00
1.124154364090E+00 1.124188906696E-09 3.205759843601E-17 -8.999974105120E+00 -1.625716592302E+01 1.327312190421E+01 7.341440193537E-07 8.146128035678E+00
1.240123562068E+00 1.240165350758E-09 3.877913462338E-17 -8.999971628211E+00 -1.621754372809E+01 1.327312771327E+01 8.042687108310E-07 8.146128035678E+00
1.240123562068E+00 1.240165350758E-09 3.877913462338E-17 -8.999971628211E+00 -1.621754372809E+01 1.327312771327E+01 8.042687108310E-07 8.146128035678E+00
