# BP5-QD time series at fltst_strk+00dp+10 (x2=0km, x3=10km)
# Columns: time(s), slip_strike(m), slip_dip(m), log10(V_strike)(m/s), log10(V_dip)(m/s), tau_strike(MPa), tau_dip(MPa), log10(state)(s)
0.000000000000E+00 0.000000000000E+00 0.000000000000E+00 -9.000000000000E+00 -2.000000000000E+01 1.949004093134E+01 1.949004093134E-10 8.146128035678E+00
1.174116117896E-01 1.174578815290E-10 -3.999397747196E-17 -8.999661891697E+00 -1.517079072485E+01 1.949011550147E+01 -1.313776371374E-05 8.146128035678E+00
2.390014246162E-01 2.391891727259E-10 -1.630159730650E-16 -8.999330376585E+00 -1.487120636070E+01 1.949018867196E+01 -2.615867203914E-05 8.146128035678E+00
3.435453076747E-01 3.439277530824E-10 -3.331433787483E-16 -8.999054740471E+00 -1.471949896819E+01 1.949024952799E+01 -3.706089572232E-05 8.146128035677E+00
4.442278575909E-01 4.448599160527E-10 -5.520965731610E-16 -8.998795415338E+00 -1.461253177128E+01 1.949030679293E+01 -4.736965757527E-05 8.146128035676E+00
5.466714791192E-01 5.476187888564E-10 -8.295641717646E-16 -8.998536542850E+00 -1.452644392513E+01 1.949036396474E+01 -5.770402091800E-05 8.146128035675E+00
6.457686741224E-01 6.470787596518E-10 -1.149834969006E-15 -8.998290144536E+00 -1.445748981503E+01 1.949041838599E+01 -6.757666112161E-05 8.146128035674E+00
7.669139593270E-01 7.687436010810E-10 -1.609927125678E-15 -8.997993494557E+00 -1.438645372420E+01 1.949048390961E+01 -7.950517852605E-05 8.146128035673E+00
8.861837256989E-01 8.886054904043E-10 -2.135896091679E-15 -8.997705670256E+00 -1.432681565824E+01 1.949054748549E+01 -9.111906718071E-05 8.146128035671E+00
1.004102518153E+00 1.007187314160E-09 -2.726513956335E-15 -8.997424698115E+00 -1.427532380936E+01 1.949060954777E+01 -1.024913345641E-04 8.146128035669E+00
1.124154364090E+00 1.127992566127E-09 -3.399416640260E-15 -8.997141884859E+00 -1.422880371168E+01 1.949067201530E+01 -1.139700428092E-04 8.146128035666E+00
1.240123562068E+00 1.244763888790E-09 -4.117606905476E-15 -8.996871469468E+00 -1.418837942786E+01 1.949073174196E+01 -1.249731879528E-04 8.146128035664E+00
1.240123562068E+00 1.244763888790E-09 -4.117606905476E-15 -8.996871469468E+00 -1.418837942786E+01 1.949073174196E+01 -1.249731879528E-04 8.146128035664E+00
