# BP5-QD time series at fltst_strk-36dp+00 (x2=-36km, x3=0km)
# Columns: time(s), slip_strike(m), slip_dip(m), log10(V_strike)(m/s), log10(V_dip)(m/s), tau_strike(MPa), tau_dip(MPa), log10(state)(s)
0.000000000000E+00 0.000000000000E+00 0.000000000000E+00 -9.000000000000E+00 -2.000000000000E+01 1.327306118026E+01 1.327306118026E-10 8.146128035678E+00
1.174116117896E-01 1.174391372963E-10 1.123242230156E-16 -8.999799170355E+00 -1.472149691116E+01 1.327351464478E+01 2.519348181890E-05 8.146128035678E+00
2.390014246162E-01 2.391127790129E-10 4.587823395966E-16 -8.999603767179E+00 -1.442145449053E+01 1.327395690889E+01 5.025157523324E-05 8.146128035678E+00
3.435453076747E-01 3.437716682547E-10 9.378427456543E-16 -8.999442059679E+00 -1.427005831619E+01 1.327432340720E+01 7.118625366056E-05 8.146128035678E+00
4.442278575909E-01 4.446013213297E-10 1.553771310108E-15 -8.999290402003E+00 -1.416361668361E+01 1.327466742609E+01 9.092794327901E-05 8.146128035677E+00
5.466714791192E-01 5.472303644967E-10 2.333247963536E-15 -8.999139392108E+00 -1.407816807255E+01 1.327501019960E+01 1.106639538957E-04 8.146128035677E+00
6.457686741224E-01 6.465405711568E-10 3.231615762249E-15 -8.998995963517E+00 -1.400987942856E+01 1.327533593375E+01 1.294678853980E-04 8.146128035676E+00
7.669139593270E-01 7.679904202856E-10 4.519942536789E-15 -8.998823626755E+00 -1.393968118249E+01 1.327572750188E+01 1.521250639307E-04 8.146128035675E+00
8.861837256989E-01 8.876067311188E-10 5.989914153924E-15 -8.998656733343E+00 -1.388087086790E+01 1.327610686287E+01 1.741231859717E-04 8.146128035674E+00
1.004102518153E+00 1.005913011815E-09 7.637462422598E-15 -8.998494079912E+00 -1.383018726122E+01 1.327647671694E+01 1.956093711364E-04 8.146128035673E+00
1.124154364090E+00 1.126404584378E-09 9.511064028655E-15 -8.998330599914E+00 -1.378447276194E+01 1.327684856452E+01 2.172465256758E-04 8.146128035671E+00
1.240123562068E+00 1.242841381724E-09 1.150717073919E-14 -8.998174490223E+00 -1.374480683789E+01 1.327720374257E+01 2.379437336813E-04 8.146128035670E+00
1.240123562068E+00 1.242841381724E-09 1.150717073919E-14 -8.998174490223E+00 -1.374480683789E+01 1.327720374257E+01 2.379437336813E-04 8.146128035670E+00
