# BP5-QD global output
# Columns: time(s), log10(Vmax)(m/s)
0.000000000000E+00 -2.000000000000E+00
0.000000000000E+00 -2.000000000000E+00
1.000000000000E-02 -1.986631794518E+00
2.874843850094E-02 -1.977464635907E+00
5.054589940260E-02 -1.974872240460E+00
7.927314436541E-02 -1.974631046639E+00
1.174116117896E-01 -1.978684760044E+00
1.507786533352E-01 -1.980428249347E+00
1.795534687319E-01 -1.981185692262E+00
2.093117896833E-01 -1.978494147109E+00
2.390014246162E-01 -1.975734497181E+00
2.680589141958E-01 -1.973062770409E+00
2.923099241629E-01 -1.970838408993E+00
3.171186317317E-01 -1.968582585072E+00
3.435453076747E-01 -1.966203934399E+00
3.706587488600E-01 -1.963789688062E+00
3.964841855385E-01 -1.961510078524E+00
4.205158757235E-01 -1.959403812668E+00
4.442278575909E-01 -1.957348964133E+00
4.693788060091E-01 -1.955200943836E+00
4.960649282645E-01 -1.952958655443E+00
5.223612017071E-01 -1.950783979941E+00
5.466714791192E-01 -1.948796733769E+00
5.697036565065E-01 -1.946938498943E+00
5.935021864005E-01 -1.945052749661E+00
6.192490130840E-01 -1.943045132922E+00
6.457686741224E-01 -1.940793184429E+00
6.707218774383E-01 -1.938701993578E+00
6.936281762247E-01 -1.936814383210E+00
7.162789484524E-01 -1.934961963672E+00
7.406952670925E-01 -1.932976284114E+00
7.669139593270E-01 -1.930859661486E+00
7.926036698510E-01 -1.928808914424E+00
8.159586541497E-01 -1.926981806539E+00
8.379257683337E-01 -1.925278215082E+00
8.608958101068E-01 -1.923507521663E+00
8.861837256989E-01 -1.921597078812E+00
9.123278106424E-01 -1.919646710718E+00
9.365730060727E-01 -1.917859595819E+00
9.584908930295E-01 -1.916266957126E+00
9.802319095172E-01 -1.914694700449E+00
1.004102518153E+00 -1.913007303822E+00
1.030068980877E+00 -1.911215511909E+00
1.052604817945E+00 -1.909662522715E+00
1.075563163019E+00 -1.908108873467E+00
1.099636189394E+00 -1.906513636548E+00
1.124154364090E+00 -1.904921261752E+00
1.147794300373E+00 -1.903405552818E+00
1.170233565568E+00 -1.901978972157E+00
1.192499824723E+00 -1.900586679959E+00
1.215792888521E+00 -1.899163246284E+00
1.240123562068E+00 -1.897712125810E+00
