# BP5-QD time series at fltst_strk-16dp+10 (x2=-16km, x3=10km)
# Columns: time(s), slip_strike(m), slip_dip(m), log10(V_strike)(m/s), log10(V_dip)(m/s), tau_strike(MPa), tau_dip(MPa), log10(state)(s)
0.000000000000E+00 0.000000000000E+00 0.000000000000E+00 -9.000000000000E+00 -2.000000000000E+01 1.949004093134E+01 1.949004093134E-10 8.146128035678E+00
1.174116117896E-01 1.177675379471E-10 -4.860820627387E-16 -8.997236730528E+00 -1.414521600347E+01 1.948961741776E+01 -1.372332245833E-04 8.146128035677E+00
2.390014246162E-01 2.405758688599E-10 -1.580014317797E-15 -8.994104454566E+00 -1.397998898965E+01 1.948957633001E+01 -1.960684420853E-04 8.146128035673E+00
3.435453076747E-01 3.468753046574E-10 -2.767604046615E-15 -8.991438356368E+00 -1.391601172874E+01 1.948964627776E+01 -2.218575464988E-04 8.146128035668E+00
4.442278575909E-01 4.498631614384E-10 -4.048524071953E-15 -8.988904432027E+00 -1.387759263673E+01 1.948976354357E+01 -2.362658950763E-04 8.146128035661E+00
5.466714791192E-01 5.552673735411E-10 -5.453368590718E-15 -8.986355066555E+00 -1.384958760555E+01 1.948991587520E+01 -2.449116490230E-04 8.146128035652E+00
6.457686741224E-01 6.578161530701E-10 -6.890654946031E-15 -8.983910974890E+00 -1.382822669694E+01 1.949008578766E+01 -2.496655793884E-04 8.146128035641E+00
7.669139593270E-01 7.839643209086E-10 -8.737164219053E-15 -8.980945361970E+00 -1.380634943433E+01 1.949031556544E+01 -2.523639952429E-04 8.146128035625E+00
8.861837256989E-01 9.090012131783E-10 -1.064208232534E-14 -8.978043015491E+00 -1.378732267204E+01 1.949055948218E+01 -2.528016133485E-04 8.146128035607E+00
1.004102518153E+00 1.033444234611E-09 -1.260601814085E-14 -8.975185012844E+00 -1.376979561580E+01 1.949081362931E+01 -2.517718506964E-04 8.146128035587E+00
1.124154364090E+00 1.160981273684E-09 -1.468684376130E-14 -8.972282498883E+00 -1.375259810102E+01 1.949108256466E+01 -2.496669090637E-04 8.146128035564E+00
1.240123562068E+00 1.284992589624E-09 -1.677593133446E-14 -8.969481936989E+00 -1.373624897329E+01 1.949134996914E+01 -2.468784635204E-04 8.146128035539E+00
1.240123562068E+00 1.284992589624E-09 -1.677593133446E-14 -8.969481936989E+00 -1.373624897329E+01 1.949134996914E+01 -2.468784635204E-04 8.146128035539E+00
