# BP5-QD time series at fltst_strk+00dp+22 (x2=0km, x3=22km)
# Columns: time(s), slip_strike(m), slip_dip(m), log10(V_strike)(m/s), log10(V_dip)(m/s), tau_strike(MPa), tau_dip(MPa), log10(state)(s)
0.000000000000E+00 0.000000000000E+00 0.000000000000E+00 -9.000000000000E+00 -2.000000000000E+01 1.327306118026E+01 1.327306118026E-10 8.146128035678E+00
1.174116117896E-01 1.174142837204E-10 3.671336363193E-17 -8.999980457898E+00 -1.520992022799E+01 1.327310547197E+01 8.185217445953E-06 8.146128035678E+00
2.390014246162E-01 2.390122755929E-10 1.483987529699E-16 -8.999961245043E+00 -1.491531066355E+01 1.327314902637E+01 1.612944868959E-05 8.146128035678E+00
3.435453076747E-01 3.435674219476E-10 3.014234047840E-16 -8.999945248208E+00 -1.476712962508E+01 1.327318529338E+01 2.268734649996E-05 8.146128035678E+00
4.442278575909E-01 4.442644178624E-10 4.969243093266E-16 -8.999930185032E+00 -1.466312804219E+01 1.327321944553E+01 2.882500688784E-05 8.146128035678E+00
5.466714791192E-01 5.467262890055E-10 7.430729025945E-16 -8.999915138701E+00 -1.457974437526E+01 1.327325356093E+01 3.492506649435E-05 8.146128035678E+00
6.457686741224E-01 6.458444884727E-10 1.025545664010E-15 -8.999900810616E+00 -1.451317559884E+01 1.327328604891E+01 4.070904667095E-05 8.146128035678E+00
7.669139593270E-01 7.670198590852E-10 1.428974320336E-15 -8.999883553662E+00 -1.444481290485E+01 1.327332517908E+01 4.764698872619E-05 8.146128035678E+00
8.861837256989E-01 8.863239148546E-10 1.887482881670E-15 -8.999866804838E+00 -1.438759631945E+01 1.327336315805E+01 5.435436324842E-05 8.146128035678E+00
1.004102518153E+00 1.004281102961E-09 2.399611481225E-15 -8.999850451119E+00 -1.433832974177E+01 1.327340024184E+01 6.088127998038E-05 8.146128035678E+00
1.124154364090E+00 1.124376576141E-09 2.980184004316E-15 -8.999833987730E+00 -1.429392983584E+01 1.327343757489E+01 6.743204782147E-05 8.146128035678E+00
1.240123562068E+00 1.240392218779E-09 3.596957234755E-15 -8.999818244554E+00 -1.425543386202E+01 1.327347327517E+01 7.367934357513E-05 8.146128035677E+00
1.240123562068E+00 1.240392218779E-09 3.596957234755E-15 -8.999818244554E+00 -1.425543386202E+01 1.327347327517E+01 7.367934357513E-05 8.146128035677E+00
