# BP5-QD time series at fltst_strk+16dp+10 (x2=16km, x3=10km)
# Columns: time(s), slip_strike(m), slip_dip(m), log10(V_strike)(m/s), log10(V_dip)(m/s), tau_strike(MPa), tau_dip(MPa), log10(state)(s)
0.000000000000E+00 0.000000000000E+00 0.000000000000E+00 -9.000000000000E+00 -2.000000000000E+01 1.949004093134E+01 1.949004093134E-10 8.146128035678E+00
1.174116117896E-01 1.174236708320E-10 4.086311461869E-18 -8.999911754538E+00 -1.616191624843E+01 1.949006089640E+01 1.342344166840E-06 8.146128035678E+00
2.390014246162E-01 2.390504523394E-10 1.661963407042E-17 -8.999824746688E+00 -1.586374429778E+01 1.949008058186E+01 2.666880839150E-06 8.146128035678E+00
3.435453076747E-01 3.436453059271E-10 3.390315333631E-17 -8.999752164440E+00 -1.571316710644E+01 1.949009700287E+01 3.771845865241E-06 8.146128035678E+00
4.442278575909E-01 4.443932909186E-10 5.609260683893E-17 -8.999683724001E+00 -1.560722208227E+01 1.949011248624E+01 4.813640468031E-06 8.146128035678E+00
5.466714791192E-01 5.469196446725E-10 8.414741488740E-17 -8.999615281203E+00 -1.552212373410E+01 1.949012796959E+01 5.855267095973E-06 8.146128035677E+00
6.457686741224E-01 6.461121305476E-10 1.164593610205E-16 -8.999550040860E+00 -1.545408873970E+01 1.949014272798E+01 6.847903457529E-06 8.146128035677E+00
7.669139593270E-01 7.673940037845E-10 1.627706351353E-16 -8.999471389876E+00 -1.538413482705E+01 1.949016051942E+01 8.044194363616E-06 8.146128035677E+00
8.861837256989E-01 8.868195567491E-10 2.155848240136E-16 -8.999394984981E+00 -1.532552451500E+01 1.949017780212E+01 9.205868188496E-06 8.146128035676E+00
1.004102518153E+00 1.004912905523E-09 2.747537284408E-16 -8.999320322841E+00 -1.527501683436E+01 1.949019468999E+01 1.034058243919E-05 8.146128035676E+00
1.124154364090E+00 1.125163211919E-09 3.420145068911E-16 -8.999245106057E+00 -1.522946961135E+01 1.949021170271E+01 1.148324502796E-05 8.146128035675E+00
1.240123562068E+00 1.241343804649E-09 4.136465530358E-16 -8.999173133536E+00 -1.518995987778E+01 1.949022798105E+01 1.257615853641E-05 8.146128035674E+00
1.240123562068E+00 1.241343804649E-09 4.136465530358E-16 -8.999173133536E+00 -1.518995987778E+01 1.949022798105E+01 1.257615853641E-05 8.146128035674E+00
