# BP5-QD time series at fltst_strk-16dp+00 (x2=-16km, x3=0km)
# Columns: time(s), slip_strike(m), slip_dip(m), log10(V_strike)(m/s), log10(V_dip)(m/s), tau_strike(MPa), tau_dip(MPa), log10(state)(s)
0.000000000000E+00 0.000000000000E+00 0.000000000000E+00 -9.000000000000E+00 -2.000000000000E+01 1.327306118026E+01 1.327306118026E-10 8.146128035678E+00
1.174116117896E-01 1.174525567762E-10 1.749015544240E-16 -8.999702071712E+00 -1.450449133095E+01 1.327375363844E+01 4.151494755405E-05 8.146128035678E+00
2.390014246162E-01 2.391663839222E-10 7.794193130730E-16 -8.999415060289E+00 -1.416442433502E+01 1.327442115020E+01 9.078337357892E-05 8.146128035678E+00
3.435453076747E-01 3.438798424446E-10 1.667379908239E-15 -8.999178486891E+00 -1.399364184936E+01 1.327497172085E+01 1.344529211179E-04 8.146128035677E+00
4.442278575909E-01 4.447788469872E-10 2.850395279711E-15 -8.998957100663E+00 -1.387435296873E+01 1.327548722211E+01 1.768701731473E-04 8.146128035677E+00
5.466714791192E-01 5.474948857406E-10 4.386135617569E-15 -8.998737017593E+00 -1.377917517642E+01 1.327599993419E+01 2.201045816122E-04 8.146128035676E+00
6.457686741224E-01 6.469046483486E-10 6.190662527564E-15 -8.998528265433E+00 -1.370353021047E+01 1.327648645792E+01 2.618672646495E-04 8.146128035675E+00
7.669139593270E-01 7.684963415886E-10 8.822071917978E-15 -8.998277766721E+00 -1.362618950146E+01 1.327707052094E+01 3.127451095439E-04 8.146128035673E+00
8.861837256989E-01 8.882735192908E-10 1.186843389662E-14 -8.998035498916E+00 -1.356174342214E+01 1.327763561999E+01 3.625874957344E-04 8.146128035672E+00
1.004102518153E+00 1.006759162191E-09 1.532286440567E-14 -8.997799674236E+00 -1.350647096482E+01 1.327818588124E+01 4.115925009145E-04 8.146128035670E+00
1.124154364090E+00 1.127453754399E-09 1.928968964298E-14 -8.997562928779E+00 -1.345683989452E+01 1.327873845952E+01 4.611899675112E-04 8.146128035668E+00
1.240123562068E+00 1.244105935327E-09 2.355051126652E-14 -8.997337110036E+00 -1.341395303463E+01 1.327926567425E+01 5.088129254071E-04 8.146128035666E+00
1.240123562068E+00 1.244105935327E-09 2.355051126652E-14 -8.997337110036E+00 -1.341395303463E+01 1.327926567425E+01 5.088129254071E-04 8.146128035666E+00
