# BP5-QD time series at fltst_strk-24dp+10 (x2=-24km, x3=10km)
# Columns: time(s), slip_strike(m), slip_dip(m), log10(V_strike)(m/s), log10(V_dip)(m/s), tau_strike(MPa), tau_dip(MPa), log10(state)(s)
0.000000000000E+00 0.000000000000E+00 0.000000000000E+00 -2.000000000000E+00 -2.000000000000E+01 2.110185049643E+01 2.110185049643E-17 8.113943352307E+00
1.174116117896E-01 1.189434397478E-03 -1.021136244799E-09 -1.988798767350E+00 -7.734110191129E+00 2.109757376681E+01 -3.794543516811E-05 8.109969777353E+00
2.390014246162E-01 2.453649581326E-03 -4.744393961225E-09 -1.977398856657E+00 -7.357417522698E+00 2.109290819108E+01 -8.798151956116E-05 8.105746380253E+00
3.435453076747E-01 3.567162997299E-03 -1.073872660928E-08 -1.967812708948E+00 -7.144664526904E+00 2.108868867110E+01 -1.404389681233E-04 8.102026436552E+00
4.442278575909E-01 4.662770630735E-03 -1.954041055150E-08 -1.958786818041E+00 -6.982508331940E+00 2.108443954708E+01 -1.997857445539E-04 8.098366311198E+00
5.466714791192E-01 5.800887279319E-03 -3.217125397933E-08 -1.949801602720E+00 -6.842772421630E+00 2.107993378316E+01 -2.699002299927E-04 8.094564174892E+00
6.457686741224E-01 6.924095246965E-03 -4.860073651659E-08 -1.941378780411E+00 -6.722968109331E+00 2.107538524722E+01 -3.487422766683E-04 8.090811844456E+00
7.669139593270E-01 8.326503558535E-03 -7.547836453999E-08 -1.931511261035E+00 -6.590368939767E+00 2.106956024445E+01 -4.625532613818E-04 8.086126782157E+00
8.861837256989E-01 9.737853364832E-03 -1.107992316835E-07 -1.922329025951E+00 -6.470946642897E+00 2.106353197677E+01 -5.961158398511E-04 8.081411848880E+00
1.004102518153E+00 1.116194002393E-02 -1.561861590344E-07 -1.913830637762E+00 -6.361991291119E+00 2.105728013849E+01 -7.511207207114E-04 8.076654365400E+00
1.124154364090E+00 1.263964937936E-02 -2.151009904851E-07 -1.905786535528E+00 -6.259571841155E+00 2.105062273806E+01 -9.331174173863E-04 8.071717743357E+00
1.240123562068E+00 1.409222325284E-02 -2.861654534746E-07 -1.898659368708E+00 -6.168463686150E+00 2.104390674206E+01 -1.131922517798E-03 8.066865092283E+00
1.240123562068E+00 1.409222325284E-02 -2.861654534746E-07 -1.898659368708E+00 -6.168463686150E+00 2.104390674206E+01 -1.131922517798E-03 8.066865092283E+00
