# BP5-QD time series at fltst_strk+00dp+00 (x2=0km, x3=0km)
# Columns: time(s), slip_strike(m), slip_dip(m), log10(V_strike)(m/s), log10(V_dip)(m/s), tau_strike(MPa), tau_dip(MPa), log10(state)(s)
0.000000000000E+00 0.000000000000E+00 0.000000000000E+00 -9.000000000000E+00 -2.000000000000E+01 1.327306118026E+01 1.327306118026E-10 8.146128035678E+00
1.174116117896E-01 1.174190133309E-10 -2.756467475427E-17 -8.999945841889E+00 -1.533306231248E+01 1.327318129525E+01 -6.163942173497E-06 8.146128035678E+00
2.390014246162E-01 2.390315114388E-10 -1.120549153247E-16 -8.999892456390E+00 -1.503505317294E+01 1.327329967760E+01 -1.224103622718E-05 8.146128035678E+00
3.435453076747E-01 3.436066687439E-10 -2.285518903473E-16 -8.999847921946E+00 -1.488448213656E+01 1.327339841584E+01 -1.731202680270E-05 8.146128035678E+00
4.442278575909E-01 4.443293658883E-10 -3.781235480916E-16 -8.999805927443E+00 -1.477849792009E+01 1.327349151055E+01 -2.209495817228E-05 8.146128035678E+00
5.466714791192E-01 5.468237454126E-10 -5.672550930213E-16 -8.999763929540E+00 -1.469333313580E+01 1.327358460236E+01 -2.687936569859E-05 8.146128035678E+00
6.457686741224E-01 6.459794019780E-10 -7.851235812358E-16 -8.999723894499E+00 -1.462521647517E+01 1.327367333458E+01 -3.144115884959E-05 8.146128035678E+00
7.669139593270E-01 7.672084832407E-10 -1.097456278844E-15 -8.999675626645E+00 -1.455514620637E+01 1.327378030339E+01 -3.694230976195E-05 8.146128035677E+00
8.861837256989E-01 8.865738225717E-10 -1.453746117441E-15 -8.999628733404E+00 -1.449640859897E+01 1.327388421604E+01 -4.228809871128E-05 8.146128035677E+00
1.004102518153E+00 1.004599702049E-09 -1.853026045105E-15 -8.999582905905E+00 -1.444576623736E+01 1.327398575854E+01 -4.751360861052E-05 8.146128035677E+00
1.124154364090E+00 1.124773299186E-09 -2.307056577161E-15 -8.999536733926E+00 -1.440007547979E+01 1.327408805647E+01 -5.277958224701E-05 8.146128035676E+00
1.240123562068E+00 1.240872183056E-09 -2.790754018987E-15 -8.999492549540E+00 -1.436042271838E+01 1.327418594393E+01 -5.781995216977E-05 8.146128035676E+00
1.240123562068E+00 1.240872183056E-09 -2.790754018987E-15 -8.999492549540E+00 -1.436042271838E+01 1.327418594393E+01 -5.781995216977E-05 8.146128035676E+00
