# BP5-QD time series at fltst_strk+16dp+00 (x2=16km, x3=0km)
# Columns: time(s), slip_strike(m), slip_dip(m), log10(V_strike)(m/s), log10(V_dip)(m/s), tau_strike(MPa), tau_dip(MPa), log10(state)(s)
0.000000000000E+00 0.000000000000E+00 0.000000000000E+00 -9.000000000000E+00 -2.000000000000E+01 1.327306118026E+01 1.327306118026E-10 8.146128035678E+00
1.174116117896E-01 1.174131363588E-10 -3.027904026880E-18 -8.999988840527E+00 -1.629236720936E+01 1.327308736842E+01 -6.770076626937E-07 8.146128035678E+00
2.390014246162E-01 2.390076250853E-10 -1.230028910046E-17 -8.999977825103E+00 -1.599492254674E+01 1.327311322104E+01 -1.342851774354E-06 8.146128035678E+00
3.435453076747E-01 3.435579574947E-10 -2.507032164552E-17 -8.999968628570E+00 -1.584482582020E+01 1.327313480530E+01 -1.897213968707E-06 8.146128035678E+00
4.442278575909E-01 4.442487894226E-10 -4.144908849426E-17 -8.999959951637E+00 -1.573926840678E+01 1.327315517027E+01 -2.419166257984E-06 8.146128035678E+00
5.466714791192E-01 5.467028848974E-10 -6.214008644559E-17 -8.999951269974E+00 -1.565451017953E+01 1.327317554644E+01 -2.940464419705E-06 8.146128035678E+00
6.457686741224E-01 6.458121464620E-10 -8.595371891393E-17 -8.999942990822E+00 -1.558676386601E+01 1.327319497797E+01 -3.436802684142E-06 8.146128035678E+00
7.669139593270E-01 7.669747313858E-10 -1.200611382171E-16 -8.999933005483E+00 -1.551712013121E+01 1.327321841406E+01 -4.034494382871E-06 8.146128035678E+00
8.861837256989E-01 8.862642332295E-10 -1.589321088484E-16 -8.999923301172E+00 -1.545877817943E+01 1.327324119060E+01 -4.614472985624E-06 8.146128035678E+00
1.004102518153E+00 1.004205143039E-09 -2.024549679924E-16 -8.999913814638E+00 -1.540850641888E+01 1.327326345602E+01 -5.180660230737E-06 8.146128035678E+00
1.124154364090E+00 1.124282139320E-09 -2.519043532119E-16 -8.999904254365E+00 -1.536317442395E+01 1.327328589454E+01 -5.750535372643E-06 8.146128035678E+00
1.240123562068E+00 1.240278130763E-09 -3.045431275615E-16 -8.999895103626E+00 -1.532385234714E+01 1.327330737187E+01 -6.295379391426E-06 8.146128035678E+00
1.240123562068E+00 1.240278130763E-09 -3.045431275615E-16 -8.999895103626E+00 -1.532385234714E+01 1.327330737187E+01 -6.295379391426E-06 8.146128035678E+00
