# problem = TPV102
# author = Brad Aagaard
# date = Thu Jun 13 12:10:55 2013
# code = PyLith
# code_version = 1.8.1a (scecdynrup branch)
# element_size = 100 m
# time_step =   5.000000E-02
# num_timesteps =      241
# location = on fault, 0.0 km along strike and 3.0 km depth
# Time series in 7 columns of E14.6:
# Column #1 = time (s)
# Column #2 = horizontal right-lateral slip (m)
# Column #3 = horizontal right-lateral slip rate (m/s)
# Column #4 = horizontal right-lateral shear stress (MPa)
# Column #5 = vertical up-dip slip (m)
# Column #6 = vertical up-dip slip-rate (m/s)
# Column #7 = vertical up-dip shear stress (MPa)
# Column #8 = normal stress (MPa)
# Column #9 = log10(theta) (s)
#
# Data fields
t h-slip h-slip-rate h-shear-stress v-slip v-slip-rate v-shear-stress n-stress log-theta
#
  0.000000e+00  -0.000000e+00  -0.000000e+00  -0.000000e+00  -0.000000e+00  -0.000000e+00  -0.000000e+00  -0.000000e+00   9.205810e+00
  5.000000e-02  -0.000000e+00  -0.000000e+00   7.500000e+01  -0.000000e+00  -0.000000e+00  -1.581223e-16   1.200000e+02   9.205810e+00
  1.000000e-01  -0.000000e+00  -0.000000e+00   7.500000e+01  -0.000000e+00  -0.000000e+00  -5.018943e-17   1.200000e+02   9.205810e+00
  1.500000e-01  -0.000000e+00  -0.000000e+00   7.500000e+01  -0.000000e+00  -0.000000e+00  -2.170689e-16   1.200000e+02   9.205810e+00
  2.000000e-01  -0.000000e+00  -0.000000e+00   7.500000e+01  -0.000000e+00  -0.000000e+00  -4.417354e-16   1.200000e+02   9.205810e+00
  2.500000e-01  -0.000000e+00  -0.000000e+00   7.500000e+01  -0.000000e+00  -0.000000e+00  -2.702552e-16   1.200000e+02   9.205810e+00
  3.000000e-01  -0.000000e+00  -0.000000e+00   7.500000e+01  -0.000000e+00  -0.000000e+00  -2.400274e-16   1.200000e+02   9.205810e+00
  3.500000e-01  -0.000000e+00  -0.000000e+00   7.500000e+01  -0.000000e+00  -0.000000e+00  -2.729864e-16   1.200000e+02   9.205810e+00
  4.000000e-01  -0.000000e+00  -0.000000e+00   7.500000e+01  -0.000000e+00  -0.000000e+00  -2.221858e-16   1.200000e+02   9.205810e+00
  4.500000e-01  -0.000000e+00  -0.000000e+00   7.500000e+01  -0.000000e+00  -0.000000e+00  -2.813155e-16   1.200000e+02   9.205810e+00
  5.000000e-01  -0.000000e+00  -0.000000e+00   7.500000e+01  -0.000000e+00  -0.000000e+00  -2.361178e-16   1.200000e+02   9.205810e+00
  5.500000e-01  -0.000000e+00  -0.000000e+00   7.500000e+01  -0.000000e+00  -0.000000e+00  -2.220217e-16   1.200000e+02   9.205810e+00
  6.000000e-01  -0.000000e+00  -0.000000e+00   7.500000e+01  -0.000000e+00  -0.000000e+00  -2.041077e-16   1.200000e+02   9.205810e+00
  6.500000e-01  -0.000000e+00  -0.000000e+00   7.500000e+01  -0.000000e+00  -0.000000e+00  -2.561025e-16   1.200000e+02   9.205810e+00
  7.000000e-01  -0.000000e+00  -0.000000e+00   7.500000e+01  -0.000000e+00  -0.000000e+00  -2.832183e-16   1.200000e+02   9.205810e+00
  7.500000e-01  -0.000000e+00  -0.000000e+00   7.500000e+01  -0.000000e+00  -0.000000e+00  -1.876071e-15   1.200000e+02   9.205810e+00
  8.000000e-01  -0.000000e+00  -0.000000e+00   7.500000e+01  -0.000000e+00  -0.000000e+00  -2.967786e-14   1.200000e+02   9.205810e+00
  8.500000e-01  -0.000000e+00  -0.000000e+00   7.500000e+01  -0.000000e+00  -0.000000e+00  -4.628406e-14   1.200000e+02   9.205810e+00
  9.000000e-01  -0.000000e+00  -0.000000e+00   7.500000e+01  -0.000000e+00  -0.000000e+00  -5.661771e-13   1.200000e+02   9.205810e+00
  9.500000e-01  -0.000000e+00  -0.000000e+00   7.500000e+01  -0.000000e+00  -0.000000e+00  -4.186875e-12   1.200000e+02   9.205810e+00
  1.000000e+00  -0.000000e+00  -0.000000e+00   7.500000e+01  -0.000000e+00  -0.000000e+00  -1.066682e-11   1.200000e+02   9.205810e+00
  1.050000e+00  -0.000000e+00  -0.000000e+00   7.500000e+01  -0.000000e+00  -0.000000e+00  -4.046917e-11   1.200000e+02   9.205810e+00
  1.100000e+00  -0.000000e+00  -0.000000e+00   7.500000e+01  -0.000000e+00  -0.000000e+00  -1.135088e-10   1.200000e+02   9.205810e+00
  1.150000e+00  -0.000000e+00  -0.000000e+00   7.500000e+01  -0.000000e+00  -0.000000e+00  -6.106562e-11   1.200000e+02   9.205810e+00
  1.200000e+00  -0.000000e+00  -0.000000e+00   7.500000e+01  -0.000000e+00  -0.000000e+00   9.294784e-10   1.200000e+02   9.205810e+00
  1.250000e+00  -0.000000e+00  -0.000000e+00   7.500000e+01  -0.000000e+00  -0.000000e+00   7.445009e-09   1.200000e+02   9.205810e+00
  1.300000e+00  -0.000000e+00  -0.000000e+00   7.499999e+01  -0.000000e+00  -0.000000e+00   3.365448e-08   1.200000e+02   9.205810e+00
  1.350000e+00  -0.000000e+00  -0.000000e+00   7.499998e+01  -0.000000e+00  -0.000000e+00   1.120613e-07   1.200000e+02   9.205810e+00
  1.400000e+00  -0.000000e+00  -0.000000e+00   7.499996e+01  -0.000000e+00  -0.000000e+00   3.034285e-07   1.200000e+02   9.205810e+00
  1.450000e+00  -0.000000e+00  -0.000000e+00   7.499991e+01  -0.000000e+00  -0.000000e+00   6.932585e-07   1.200000e+02   9.205810e+00
  1.500000e+00  -0.000000e+00  -0.000000e+00   7.499981e+01  -0.000000e+00  -0.000000e+00   1.385715e-06   1.200000e+02   9.205810e+00
  1.550000e+00  -0.000000e+00  -0.000000e+00   7.499964e+01  -0.000000e+00  -0.000000e+00   2.513672e-06   1.200000e+02   9.205810e+00
  1.600000e+00  -0.000000e+00  -0.000000e+00   7.499936e+01  -0.000000e+00  -0.000000e+00   4.300760e-06   1.200000e+02   9.205810e+00
  1.650000e+00  -0.000000e+00  -0.000000e+00   7.499895e+01  -0.000000e+00  -0.000000e+00   7.145203e-06   1.200000e+02   9.205810e+00
  1.700000e+00  -0.000000e+00  -0.000000e+00   7.499839e+01  -0.000000e+00  -0.000000e+00   1.166105e-05   1.200000e+02   9.205810e+00
  1.750000e+00  -0.000000e+00  -0.000000e+00   7.499765e+01  -0.000000e+00  -0.000000e+00   1.873170e-05   1.200000e+02   9.205810e+00
  1.800000e+00  -0.000000e+00  -0.000000e+00   7.499673e+01  -0.000000e+00  -0.000000e+00   2.953715e-05   1.200000e+02   9.205810e+00
  1.850000e+00  -0.000000e+00  -0.000000e+00   7.499561e+01  -0.000000e+00  -0.000000e+00   4.518923e-05   1.200000e+02   9.205810e+00
  1.900000e+00  -0.000000e+00  -0.000000e+00   7.499428e+01  -0.000000e+00  -0.000000e+00   6.681394e-05   1.200000e+02   9.205810e+00
  1.950000e+00  -0.000000e+00  -0.000000e+00   7.499262e+01  -0.000000e+00  -0.000000e+00   9.559083e-05   1.200000e+02   9.205810e+00
  2.000000e+00  -0.000000e+00  -0.000000e+00   7.499036e+01  -0.000000e+00  -0.000000e+00   1.329918e-04   1.200000e+02   9.205810e+00
  2.050000e+00  -0.000000e+00  -0.000000e+00   7.498687e+01  -0.000000e+00  -0.000000e+00   1.818708e-04   1.200000e+02   9.205810e+00
  2.100000e+00  -0.000000e+00  -0.000000e+00   7.498065e+01  -0.000000e+00  -0.000000e+00   2.494553e-04   1.199999e+02   9.205810e+00
  2.150000e+00  -0.000000e+00  -0.000000e+00   7.496853e+01  -0.000000e+00  -0.000000e+00   3.543154e-04   1.199999e+02   9.205810e+00
  2.200000e+00  -0.000000e+00  -0.000000e+00   7.494499e+01  -0.000000e+00  -0.000000e+00   5.331520e-04   1.199997e+02   9.205810e+00
  2.250000e+00  -0.000000e+00  -0.000000e+00   7.490375e+01  -0.000000e+00  -0.000000e+00   7.943106e-04   1.199997e+02   9.205810e+00
  2.300000e+00  -0.000000e+00  -0.000000e+00   7.483886e+01  -0.000000e+00  -0.000000e+00   7.575475e-04   1.200004e+02   9.205810e+00
  2.350000e+00  -0.000000e+00  -0.000000e+00   7.474323e+01  -0.000000e+00  -0.000000e+00   1.279520e-03   1.199980e+02   9.205810e+00
  2.400000e+00  -0.000000e+00  -0.000000e+00   7.460871e+01  -0.000000e+00  -0.000000e+00   2.907234e-03   1.199994e+02   9.205810e+00
  2.450000e+00  -0.000000e+00  -0.000000e+00   7.443099e+01  -0.000000e+00  -0.000000e+00   5.812643e-03   1.199987e+02   9.205810e+00
  2.500000e+00  -0.000000e+00  -0.000000e+00   7.421472e+01  -0.000000e+00  -0.000000e+00   6.302450e-03   1.199961e+02   9.205810e+00
  2.550000e+00  -0.000000e+00  -0.000000e+00   7.399654e+01  -0.000000e+00  -0.000000e+00   9.211502e-03   1.199990e+02   9.205810e+00
  2.600000e+00  -0.000000e+00  -0.000000e+00   7.391406e+01  -0.000000e+00  -0.000000e+00   2.504779e-02   1.199994e+02   9.205810e+00
  2.650000e+00  -0.000000e+00  -0.000000e+00   7.429734e+01  -0.000000e+00  -0.000000e+00   4.715844e-02   1.199839e+02   9.205810e+00
  2.700000e+00  -0.000000e+00  -0.000000e+00   7.532363e+01  -0.000000e+00  -0.000000e+00   4.526102e-02   1.199998e+02   9.205810e+00
  2.750000e+00  -0.000000e+00  -0.000000e+00   7.647932e+01  -0.000000e+00  -0.000000e+00   4.282128e-02   1.200197e+02   9.205810e+00
  2.800000e+00  -0.000000e+00  -0.000000e+00   7.721458e+01  -0.000000e+00  -0.000000e+00   2.654754e-02   1.199818e+02   9.205810e+00
  2.850000e+00  -0.000000e+00  -0.000000e+00   7.780019e+01  -0.000000e+00  -0.000000e+00   2.791921e-02   1.199773e+02   9.205810e+00
  2.900000e+00  -0.000000e+00  -0.000000e+00   7.849219e+01  -0.000000e+00  -0.000000e+00   6.152594e-02   1.200100e+02   9.205810e+00
  2.950000e+00  -0.000000e+00  -0.000000e+00   7.916242e+01  -0.000000e+00  -0.000000e+00   5.560811e-02   1.199821e+02   9.205810e+00
  3.000000e+00  -0.000000e+00  -0.000000e+00   8.000735e+01  -0.000000e+00  -0.000000e+00   2.598989e-02   1.200167e+02   9.205810e+00
  3.050000e+00  -0.000000e+00  -0.000000e+00   8.099375e+01  -0.000000e+00  -0.000000e+00   4.206565e-02   1.199804e+02   9.205810e+00
  3.100000e+00  -0.000000e+00  -0.000000e+00   8.219378e+01  -0.000000e+00  -0.000000e+00   8.422659e-02   1.199841e+02   9.205810e+00
  3.150000e+00  -0.000000e+00  -0.000000e+00   8.399077e+01  -0.000000e+00  -0.000000e+00   4.051614e-02   1.199771e+02   9.205810e+00
  3.200000e+00  -0.000000e+00  -0.000000e+00   8.669342e+01  -0.000000e+00  -0.000000e+00   1.050891e-01   1.199011e+02   9.205810e+00
  3.250000e+00   3.440434e-06   4.385964e-04   9.443196e+01  -0.000000e+00  -0.000000e+00   2.648406e-02   1.199417e+02   9.205759e+00
  3.300000e+00   3.132415e-02   1.574690e+00   1.002940e+02  -1.623186e-06  -4.650240e-04  -3.516541e-02   1.199762e+02   8.584652e+00
  3.350000e+00   1.322738e-01   2.551577e+00   9.391697e+01  -1.684860e-05   2.256597e-03   8.448501e-02   1.200812e+02   6.428344e+00
  3.400000e+00   2.891380e-01   3.304152e+00   8.308941e+01  -3.675467e-05  -2.064283e-03  -5.415696e-02   1.200553e+02   3.047412e+00
  3.450000e+00   4.586020e-01   3.285443e+00   7.082082e+01  -3.811576e-05   2.417019e-03   5.228472e-02   1.199544e+02  -6.229804e-01
  3.500000e+00   6.069658e-01   2.500251e+00   6.485186e+01  -1.752587e-04  -5.517790e-03  -1.389768e-01   1.200462e+02  -2.114077e+00
  3.550000e+00   7.241412e-01   2.245551e+00   6.491811e+01  -2.166191e-04   4.084072e-04   6.341611e-03   1.200111e+02  -2.062023e+00
  3.600000e+00   8.213099e-01   1.920774e+00   6.504866e+01  -1.846384e-04   3.927681e-03   1.379230e-01   1.199683e+02  -1.980160e+00
  3.650000e+00   9.097418e-01   1.710681e+00   6.512255e+01  -1.384229e-04  -7.199073e-04  -2.419315e-02   1.200273e+02  -1.933436e+00
  3.700000e+00   9.908197e-01   1.526833e+00   6.510443e+01  -9.087174e-05   1.291223e-03   5.129645e-02   1.199593e+02  -1.892197e+00
  3.750000e+00   1.066604e+00   1.419590e+00   6.511514e+01  -5.821494e-05   1.713164e-03   8.540313e-02   1.199802e+02  -1.867819e+00
  3.800000e+00   1.138450e+00   1.409851e+00   6.521049e+01  -1.657939e-05  -7.885274e-04  -3.538414e-02   1.200960e+02  -1.857294e+00
  3.850000e+00   1.205744e+00   1.366636e+00   6.520153e+01  -1.399036e-05  -6.662981e-04  -3.740864e-02   1.199413e+02  -1.831073e+00
  3.900000e+00   1.271723e+00   1.273184e+00   6.518795e+01  -4.586883e-05   2.749663e-04   1.804880e-02   1.199604e+02  -1.813438e+00
  3.950000e+00   1.332797e+00   1.235805e+00   6.530240e+01  -3.932362e-07   9.161861e-04   4.601137e-02   1.200303e+02  -1.786845e+00
  4.000000e+00   1.393822e+00   1.207255e+00   6.526732e+01   6.619202e-06   3.012572e-06   1.689155e-03   1.199837e+02  -1.781823e+00
  4.050000e+00   1.453588e+00   1.121689e+00   6.521510e+01   5.558180e-06  -3.997297e-04  -2.535713e-02   1.199709e+02  -1.767990e+00
  4.100000e+00   1.507548e+00   1.066280e+00   6.533751e+01  -1.043683e-05   1.259274e-04   9.401545e-03   1.200434e+02  -1.732525e+00
  4.150000e+00   1.558833e+00   9.973885e-01   6.532556e+01  -1.524008e-05  -1.744678e-04  -8.896432e-03   1.199820e+02  -1.706688e+00
  4.200000e+00   1.610556e+00   1.039447e+00   6.531736e+01  -1.446720e-05  -3.170438e-04  -2.070141e-02   1.199500e+02  -1.716255e+00
  4.250000e+00   1.659558e+00   9.599779e-01   6.537615e+01  -1.089476e-05   4.891581e-05   3.291552e-04   1.200287e+02  -1.688229e+00
  4.300000e+00   1.706074e+00   9.110880e-01   6.539897e+01  -1.135833e-05   2.102569e-04   1.429403e-02   1.200239e+02  -1.665822e+00
  4.350000e+00   1.753782e+00   9.837691e-01   6.538062e+01  -8.558922e-06   3.957093e-04   2.980640e-02   1.199391e+02  -1.682409e+00
  4.400000e+00   1.802951e+00   9.875932e-01   6.538096e+01   2.381543e-05   3.079351e-04   1.624020e-02   1.199927e+02  -1.691090e+00
  4.450000e+00   1.852811e+00   1.001564e+00   6.536771e+01  -5.438460e-07  -4.792574e-04  -2.808444e-02   1.199864e+02  -1.697875e+00
  4.500000e+00   1.903179e+00   1.007022e+00   6.538153e+01  -1.142207e-05  -4.293693e-04  -2.847367e-02   1.200320e+02  -1.702121e+00
  4.550000e+00   1.952140e+00   9.578974e-01   6.540086e+01  -7.687662e-06   3.704017e-04   2.302272e-02   1.200713e+02  -1.687274e+00
  4.600000e+00   2.001713e+00   1.011887e+00   6.538625e+01  -3.258203e-05  -4.395407e-04  -2.178652e-02   1.200049e+02  -1.698645e+00
  4.650000e+00   2.051582e+00   9.994586e-01   6.535591e+01  -8.445290e-06  -1.234658e-05  -6.657956e-03   1.199666e+02  -1.697523e+00
  4.700000e+00   2.100363e+00   9.497623e-01   6.536082e+01  -1.265018e-05   3.218276e-04   2.114051e-02   1.199992e+02  -1.684817e+00
  4.750000e+00   2.150244e+00   1.031071e+00   6.536655e+01  -2.505077e-05  -8.140237e-05  -4.703770e-04   1.199574e+02  -1.702998e+00
  4.800000e+00   2.200131e+00   9.816059e-01   6.535667e+01  -1.791059e-05  -3.931178e-04  -2.884679e-02   1.199920e+02  -1.695124e+00
  4.850000e+00   2.248755e+00   9.614013e-01   6.538917e+01  -1.742437e-05   6.386067e-04   4.510577e-02   1.200315e+02  -1.685830e+00
  4.900000e+00   2.297806e+00   9.948576e-01   6.538815e+01  -1.586366e-06  -1.531324e-04  -1.180382e-02   1.200031e+02  -1.692759e+00
  4.950000e+00   2.347106e+00   9.861018e-01   6.539297e+01  -1.781879e-05  -3.364260e-04  -2.160479e-02   1.200263e+02  -1.692259e+00
  5.000000e+00   2.397191e+00   1.008786e+00   6.536877e+01  -1.076371e-05   4.457755e-04   2.834146e-02   1.199905e+02  -1.700377e+00
  5.050000e+00   2.447982e+00   1.022229e+00   6.534668e+01  -9.745484e-06  -1.569832e-04  -9.341759e-03   1.199635e+02  -1.706364e+00
  5.100000e+00   2.498410e+00   9.957182e-01   6.536433e+01  -9.652588e-06   3.507502e-05   2.381379e-03   1.200161e+02  -1.700879e+00
  5.150000e+00   2.548694e+00   1.017428e+00   6.537238e+01  -5.027233e-06   8.628297e-05   5.023786e-03   1.199964e+02  -1.703071e+00
  5.200000e+00   2.599879e+00   1.025439e+00   6.535104e+01  -1.013030e-05  -2.257005e-04  -1.449642e-02   1.199831e+02  -1.708967e+00
  5.250000e+00   2.651726e+00   1.050477e+00   6.535178e+01  -1.686075e-05  -1.636973e-04  -1.160180e-02   1.199794e+02  -1.716071e+00
  5.300000e+00   2.705567e+00   1.099693e+00   6.536501e+01  -3.366697e-05  -7.308739e-05  -1.822438e-03   1.200244e+02  -1.733342e+00
  5.350000e+00   2.760574e+00   1.084474e+00   6.529419e+01  -2.651103e-05   1.025768e-04   6.976999e-03   1.199664e+02  -1.738169e+00
  5.400000e+00   2.814371e+00   1.081634e+00   6.534091e+01  -2.108238e-06   4.466911e-04   2.392169e-02   1.200054e+02  -1.731555e+00
  5.450000e+00   2.870063e+00   1.135506e+00   6.535581e+01  -2.040513e-05  -5.812714e-04  -3.218018e-02   1.200469e+02  -1.748568e+00
  5.500000e+00   2.926285e+00   1.113850e+00   6.531371e+01  -2.929325e-05  -1.434123e-06   6.026597e-05   1.200112e+02  -1.748052e+00
  5.550000e+00   2.983065e+00   1.173962e+00   6.533229e+01  -3.329345e-05  -2.478438e-04  -1.482758e-02   1.199925e+02  -1.758390e+00
  5.600000e+00   3.046229e+00   1.336516e+00   6.527316e+01  -4.377323e-05   2.282017e-04   1.416202e-02   1.199523e+02  -1.809059e+00
  5.650000e+00   3.121051e+00   1.690612e+00   6.526307e+01   1.310411e-05   1.404770e-03   5.232123e-02   1.200023e+02  -1.896479e+00
  5.700000e+00   3.231349e+00   2.660913e+00   6.504074e+01   2.126667e-05  -8.999605e-04  -2.330617e-02   1.199991e+02  -2.098476e+00
  5.750000e+00   3.385401e+00   3.222589e+00   6.477154e+01  -5.505341e-05  -1.322066e-03  -2.470792e-02   1.199290e+02  -2.206385e+00
  5.800000e+00   3.529548e+00   2.496193e+00   6.483722e+01  -2.718670e-05   1.432850e-03   3.755522e-02   1.200338e+02  -2.115451e+00
  5.850000e+00   3.631974e+00   1.823253e+00   6.501937e+01   4.237317e-06  -1.723501e-04  -8.178243e-03   1.200300e+02  -1.975979e+00
  5.900000e+00   3.722439e+00   1.828742e+00   6.506219e+01  -1.505619e-05   1.040438e-04   6.329918e-03   1.199585e+02  -1.959736e+00
  5.950000e+00   3.808562e+00   1.591327e+00   6.511423e+01   4.155459e-06  -3.440341e-04  -1.860085e-02   1.200920e+02  -1.917833e+00
  6.000000e+00   3.882245e+00   1.452278e+00   6.524281e+01  -8.319242e-05  -2.270322e-03  -1.011860e-01   1.201059e+02  -1.862482e+00
  6.050000e+00   3.957850e+00   1.529965e+00   6.512900e+01  -1.200984e-04   1.101402e-03   5.295241e-02   1.199289e+02  -1.882565e+00
  6.100000e+00   4.030458e+00   1.388807e+00   6.512773e+01  -2.435794e-05   1.522694e-03   6.825573e-02   1.199297e+02  -1.851756e+00
  6.150000e+00   4.098341e+00   1.345399e+00   6.522281e+01   9.174416e-07  -7.304605e-05  -4.992942e-03   1.200149e+02  -1.830417e+00
  6.200000e+00   4.164450e+00   1.303378e+00   6.523342e+01  -9.283781e-06  -4.523848e-05  -1.120571e-03   1.200143e+02  -1.817698e+00
  6.250000e+00   4.229983e+00   1.325769e+00   6.520935e+01  -5.380756e-06  -9.847563e-05  -6.551450e-03   1.199337e+02  -1.818634e+00
  6.300000e+00   4.294614e+00   1.231417e+00   6.518084e+01  -4.628098e-05  -1.239203e-03  -6.608612e-02   1.199516e+02  -1.803157e+00
  6.350000e+00   4.351642e+00   1.103000e+00   6.532287e+01  -7.636151e-05   1.516412e-04   1.226697e-02   1.200735e+02  -1.751259e+00
  6.400000e+00   4.409271e+00   1.210426e+00   6.532799e+01  -3.902973e-05   1.012817e-03   5.510070e-02   1.199843e+02  -1.768067e+00
  6.450000e+00   4.472229e+00   1.267963e+00   6.524818e+01   4.745379e-06   4.400010e-04   1.968042e-02   1.199774e+02  -1.800333e+00
  6.500000e+00   4.532478e+00   1.140898e+00   6.527599e+01  -2.808786e-05  -1.437080e-03  -8.525702e-02   1.200702e+02  -1.771864e+00
  6.550000e+00   4.586139e+00   1.043319e+00   6.534458e+01  -1.096913e-04  -1.270617e-03  -7.533752e-02   1.200629e+02  -1.726851e+00
  6.600000e+00   4.639222e+00   1.083229e+00   6.533938e+01  -9.246545e-05   1.632233e-03   1.028509e-01   1.199751e+02  -1.728220e+00
  6.650000e+00   4.693584e+00   1.084981e+00   6.530277e+01  -5.861204e-06   1.046500e-03   5.790782e-02   1.199508e+02  -1.734424e+00
  6.700000e+00   4.749448e+00   1.154193e+00   6.529136e+01   1.067845e-05   5.562914e-04   3.550865e-02   1.199090e+02  -1.751501e+00
  6.750000e+00   4.806610e+00   1.093391e+00   6.531175e+01   7.653990e-05   1.018072e-03   5.484425e-02   1.200830e+02  -1.751211e+00
  6.800000e+00   4.857275e+00   9.839103e-01   6.527809e+01   1.846479e-05  -2.534569e-03  -1.709187e-01   1.198922e+02  -1.702112e+00
  6.850000e+00   4.908181e+00   1.047123e+00   6.533935e+01  -5.376050e-05   4.520417e-04   3.923970e-02   1.199258e+02  -1.710845e+00
  6.900000e+00   4.960774e+00   1.045990e+00   6.542785e+01   4.241732e-05   1.594309e-03   9.187703e-02   1.201579e+02  -1.719618e+00
  6.950000e+00   5.012647e+00   1.032810e+00   6.542932e+01   2.658379e-06  -2.188597e-03  -1.413937e-01   1.201525e+02  -1.714581e+00
  7.000000e+00   5.063728e+00   1.011863e+00   6.539754e+01  -8.521166e-05  -8.372445e-04  -4.804566e-02   1.200875e+02  -1.707284e+00
  7.050000e+00   5.114496e+00   1.023082e+00   6.526925e+01  -5.514227e-05   1.357571e-03   8.759875e-02   1.198220e+02  -1.706781e+00
  7.100000e+00   5.165122e+00   9.931991e-01   6.517439e+01  -1.123826e-05   2.360211e-04   1.256745e-02   1.196852e+02  -1.702185e+00
  7.150000e+00   5.213807e+00   9.699611e-01   6.539934e+01  -1.583448e-05  -1.065101e-04  -6.784336e-03   1.200424e+02  -1.687609e+00
  7.200000e+00   5.262519e+00   9.702225e-01   6.541608e+01  -2.494897e-05  -4.036740e-04  -2.913214e-02   1.200746e+02  -1.687529e+00
  7.250000e+00   5.309897e+00   9.334415e-01   6.545746e+01  -6.287288e-05  -7.902507e-04  -5.365698e-02   1.201407e+02  -1.674322e+00
  7.300000e+00   5.357171e+00   9.654268e-01   6.551153e+01  -5.424207e-05   1.154775e-03   8.349670e-02   1.201800e+02  -1.677002e+00
  7.350000e+00   5.406840e+00   1.005299e+00   6.530604e+01   4.515141e-05   2.150527e-03   1.379765e-01   1.198577e+02  -1.696729e+00
  7.400000e+00   5.456216e+00   9.680890e-01   6.531394e+01   1.007933e-04   4.967007e-05  -2.562711e-03   1.199180e+02  -1.691075e+00
  7.450000e+00   5.504177e+00   9.623550e-01   6.543994e+01   4.310702e-05  -1.775928e-03  -1.219930e-01   1.200926e+02  -1.681835e+00
  7.500000e+00   5.552963e+00   9.832578e-01   6.539996e+01  -2.730224e-05  -6.694974e-04  -3.930461e-02   1.200234e+02  -1.688989e+00
  7.550000e+00   5.602060e+00   9.789659e-01   6.537931e+01  -1.571642e-05   3.461547e-04   2.012711e-02   1.200067e+02  -1.690480e+00
  7.600000e+00   5.650903e+00   9.741303e-01   6.535566e+01  -6.191403e-05  -1.859206e-03  -1.271780e-01   1.199625e+02  -1.688711e+00
  7.650000e+00   5.698434e+00   9.242807e-01   6.529369e+01  -1.239226e-04  -5.599323e-05   4.360010e-03   1.198674e+02  -1.674599e+00
  7.700000e+00   5.743332e+00   8.892686e-01   6.533262e+01  -4.932387e-05   2.164291e-03   1.595041e-01   1.198644e+02  -1.652763e+00
  7.750000e+00   5.788075e+00   8.975860e-01   6.545163e+01   2.908611e-05   7.263051e-04   4.709081e-02   1.200535e+02  -1.651489e+00
  7.800000e+00   5.832825e+00   8.963434e-01   6.552433e+01   5.073644e-06  -1.136817e-03  -8.460353e-02   1.201834e+02  -1.650764e+00
  7.850000e+00   5.878908e+00   9.484078e-01   6.548896e+01  -4.157300e-05  -4.893500e-04  -3.081487e-02   1.200973e+02  -1.665739e+00
  7.900000e+00   5.927925e+00   9.985646e-01   6.535464e+01  -3.944424e-05   3.018216e-04   2.046639e-02   1.199193e+02  -1.691047e+00
  7.950000e+00   5.977856e+00   9.856474e-01   6.528438e+01  -2.054677e-05   3.385146e-04   2.168243e-02   1.198643e+02  -1.696579e+00
  8.000000e+00   6.024729e+00   8.969504e-01   6.532341e+01  -2.026205e-05  -2.916676e-04  -2.283780e-02   1.199388e+02  -1.667519e+00
  8.050000e+00   6.068035e+00   8.557862e-01   6.544118e+01  -4.074049e-05  -2.701978e-04  -1.834498e-02   1.200424e+02  -1.637954e+00
  8.100000e+00   6.111373e+00   8.803921e-01   6.550722e+01  -1.968909e-05   9.007688e-04   6.815256e-02   1.201045e+02  -1.638667e+00
  8.150000e+00   6.156599e+00   9.226646e-01   6.544662e+01   1.247608e-06  -4.360837e-04  -3.694975e-02   1.200145e+02  -1.656178e+00
  8.200000e+00   6.203338e+00   9.373694e-01   6.536862e+01  -6.424371e-05  -1.300025e-03  -8.647301e-02   1.199305e+02  -1.669024e+00
  8.250000e+00   6.249988e+00   9.319108e-01   6.540122e+01  -4.515536e-05   1.808367e-03   1.333653e-01   1.199991e+02  -1.668547e+00
  8.300000e+00   6.296749e+00   9.339310e-01   6.542281e+01   7.335934e-05   2.001571e-03   1.343970e-01   1.200450e+02  -1.669872e+00
  8.350000e+00   6.342226e+00   8.838648e-01   6.543199e+01   7.563795e-05  -1.540634e-03  -1.221389e-01   1.200849e+02  -1.655647e+00
  8.400000e+00   6.385059e+00   8.467877e-01   6.544465e+01  -4.717548e-05  -2.484513e-03  -1.885555e-01   1.200337e+02  -1.632533e+00
  8.450000e+00   6.428541e+00   8.972260e-01   6.540641e+01  -1.087833e-04  -9.765870e-05  -9.381099e-04   1.198930e+02  -1.641074e+00
  8.500000e+00   6.475077e+00   9.453223e-01   6.533968e+01  -6.186813e-05   1.416290e-03   9.899392e-02   1.198494e+02  -1.667767e+00
  8.550000e+00   6.521333e+00   8.981832e-01   6.539535e+01   9.007637e-06   1.240426e-03   8.864131e-02   1.200282e+02  -1.662027e+00
  8.600000e+00   6.564698e+00   8.568641e-01   6.550791e+01   3.950461e-05   6.176087e-05   1.658627e-03   1.201597e+02  -1.637714e+00
  8.650000e+00   6.608815e+00   9.096699e-01   6.545488e+01   2.206208e-05  -4.371400e-04  -3.074816e-02   1.199971e+02  -1.647421e+00
  8.700000e+00   6.655599e+00   9.470512e-01   6.535296e+01   1.012681e-05  -1.701276e-04  -1.238913e-02   1.198836e+02  -1.669820e+00
  8.750000e+00   6.702869e+00   9.393309e-01   6.536673e+01  -2.375814e-05  -1.229909e-03  -8.868254e-02   1.199555e+02  -1.673515e+00
  8.800000e+00   6.748717e+00   8.955762e-01   6.544008e+01  -1.010630e-04  -1.411739e-03  -1.005439e-01   1.200984e+02  -1.659658e+00
  8.850000e+00   6.792492e+00   8.694090e-01   6.547798e+01  -1.231807e-04   4.235661e-04   3.697798e-02   1.201032e+02  -1.641922e+00
  8.900000e+00   6.836632e+00   8.956129e-01   6.539244e+01  -5.655303e-05   1.776612e-03   1.303568e-01   1.199113e+02  -1.646275e+00
  8.950000e+00   6.881758e+00   9.017413e-01   6.533201e+01   1.643326e-05   9.216133e-04   6.284612e-02   1.198406e+02  -1.653729e+00
  9.000000e+00   6.926338e+00   8.842025e-01   6.540371e+01   2.271634e-05  -2.847638e-04  -2.197378e-02   1.199780e+02  -1.648519e+00
  9.050000e+00   6.970497e+00   8.855156e-01   6.543010e+01   1.272400e-05  -7.994261e-06   6.419345e-04   1.200015e+02  -1.645627e+00
  9.100000e+00   7.014858e+00   8.852184e-01   6.543649e+01   2.006000e-05   1.583863e-04   1.122401e-02   1.200232e+02  -1.646747e+00
  9.150000e+00   7.058727e+00   8.733835e-01   6.550097e+01   1.637662e-05  -3.317022e-04  -2.675221e-02   1.201359e+02  -1.641933e+00
  9.200000e+00   7.103014e+00   9.030183e-01   6.551051e+01  -2.110841e-05  -9.890138e-04  -7.197057e-02   1.201190e+02  -1.647849e+00
  9.250000e+00   7.149610e+00   9.493912e-01   6.540886e+01  -4.982143e-05   1.089272e-04   1.259264e-02   1.199746e+02  -1.669065e+00
  9.300000e+00   7.196884e+00   9.315841e-01   6.531935e+01   1.195092e-05   1.781247e-03   1.254015e-01   1.198821e+02  -1.672602e+00
  9.350000e+00   7.241917e+00   8.791616e-01   6.536702e+01   6.328057e-05  -1.198447e-05  -8.146504e-03   1.199514e+02  -1.652273e+00
  9.400000e+00   7.285374e+00   8.676001e-01   6.538384e+01  -2.681186e-06  -1.877011e-03  -1.414444e-01   1.199169e+02  -1.639241e+00
  9.450000e+00   7.328383e+00   8.455672e-01   6.534865e+01  -5.972461e-05  -2.309371e-04  -1.198126e-02   1.198658e+02  -1.632692e+00
  9.500000e+00   7.368737e+00   7.772712e-01   6.552497e+01  -2.905876e-05   8.569046e-04   7.150428e-02   1.201781e+02  -1.605190e+00
  9.550000e+00   7.406715e+00   7.575468e-01   6.570254e+01  -1.236514e-05  -2.049215e-04  -2.149024e-02   1.203947e+02  -1.582493e+00
  9.600000e+00   7.445438e+00   7.884375e-01   6.558363e+01  -4.766931e-05  -8.568799e-04  -7.045472e-02   1.201370e+02  -1.589063e+00
  9.650000e+00   7.485097e+00   7.899599e-01   6.538020e+01  -6.546086e-05   2.003146e-04   2.048959e-02   1.198176e+02  -1.596907e+00
  9.700000e+00   7.524005e+00   7.698965e-01   6.533442e+01  -2.620907e-05   1.015065e-03   8.617218e-02   1.197395e+02  -1.589856e+00
  9.750000e+00   7.562106e+00   7.556438e-01   6.543311e+01   1.313380e-05   5.361898e-04   4.492391e-02   1.199020e+02  -1.581462e+00
  9.800000e+00   7.599258e+00   7.315664e-01   6.549499e+01   3.202459e-05   3.385798e-04   3.025545e-02   1.200082e+02  -1.570358e+00
  9.850000e+00   7.634909e+00   6.980782e-01   6.546126e+01   4.097870e-05  -7.538052e-05  -9.844202e-03   1.199275e+02  -1.553222e+00
  9.900000e+00   7.668720e+00   6.575289e-01   6.544681e+01   9.637634e-06  -1.014130e-03  -1.033456e-01   1.198765e+02  -1.531204e+00
  9.950000e+00   7.699900e+00   5.935151e-01   6.551180e+01  -4.517496e-05  -9.531891e-04  -1.029985e-01   1.199840e+02  -1.498047e+00
  1.000000e+01   7.727338e+00   5.157912e-01   6.560354e+01  -6.739324e-05  -4.396977e-05  -2.135219e-03   1.201049e+02  -1.448911e+00
  1.005000e+01   7.751933e+00   4.869607e-01   6.575173e+01  -5.361309e-05   4.184616e-04   5.704263e-02   1.201945e+02  -1.405929e+00
  1.010000e+01   7.778158e+00   5.679864e-01   6.587687e+01  -3.169630e-05   4.311482e-04   4.957114e-02   1.201929e+02  -1.419088e+00
  1.015000e+01   7.809740e+00   6.706439e-01   6.574523e+01  -9.585302e-06   4.646280e-04   4.561246e-02   1.200689e+02  -1.486326e+00
  1.020000e+01   7.843993e+00   6.857061e-01   6.552224e+01   1.350989e-05   4.215074e-04   3.967219e-02   1.198888e+02  -1.525968e+00
  1.025000e+01   7.877909e+00   6.731490e-01   6.543393e+01   2.500901e-05   2.489372e-05   4.895615e-04   1.197853e+02  -1.528919e+00
  1.030000e+01   7.911262e+00   6.615947e-01   6.550163e+01   7.216126e-06  -6.558398e-04  -6.712388e-02   1.199096e+02  -1.523612e+00
  1.035000e+01   7.943651e+00   6.327103e-01   6.558499e+01  -3.848967e-05  -1.010699e-03  -1.048857e-01   1.200744e+02  -1.511412e+00
  1.040000e+01   7.973548e+00   5.668281e-01   6.557094e+01  -7.855352e-05  -5.184166e-04  -5.688757e-02   1.200637e+02  -1.479919e+00
  1.045000e+01   7.999960e+00   5.043749e-01   6.556145e+01  -7.829652e-05   3.911810e-04   5.435384e-02   1.199680e+02  -1.433688e+00
  1.050000e+01   8.024589e+00   4.896675e-01   6.563818e+01  -4.344501e-05   8.258137e-04   1.109532e-01   1.199586e+02  -1.402887e+00
  1.055000e+01   8.049126e+00   4.901916e-01   6.570457e+01  -7.531702e-06   5.450833e-04   7.059377e-02   1.200177e+02  -1.393631e+00
  1.060000e+01   8.073393e+00   4.815520e-01   6.572448e+01   2.007610e-06  -8.235993e-05  -1.385957e-02   1.200468e+02  -1.387172e+00
  1.065000e+01   8.097355e+00   4.775808e-01   6.568491e+01  -1.305867e-05  -3.718029e-04  -5.076194e-02   1.199549e+02  -1.381690e+00
  1.070000e+01   8.120716e+00   4.537781e-01   6.563670e+01  -2.170332e-05   5.677241e-05   1.110417e-02   1.199053e+02  -1.371514e+00
  1.075000e+01   8.141919e+00   3.995685e-01   6.568763e+01  -7.215781e-06   3.626258e-04   5.936322e-02   1.200386e+02  -1.339353e+00
  1.080000e+01   8.160564e+00   3.567223e-01   6.578314e+01   2.012833e-06  -7.728134e-06  -4.388447e-03   1.201393e+02  -1.294928e+00
  1.085000e+01   8.177852e+00   3.397078e-01   6.580074e+01  -9.105605e-06  -3.298365e-04  -6.464163e-02   1.200400e+02  -1.260454e+00
  1.090000e+01   8.194376e+00   3.204900e-01   6.575638e+01  -2.443969e-05  -2.401234e-04  -4.786531e-02   1.199139e+02  -1.235592e+00
  1.095000e+01   8.209234e+00   2.761406e-01   6.573301e+01  -2.970822e-05  -1.148437e-05  -1.398876e-03   1.199291e+02  -1.199884e+00
  1.100000e+01   8.221578e+00   2.257114e-01   6.576400e+01  -2.769494e-05   5.012850e-05   1.441929e-02   1.200163e+02  -1.145504e+00
  1.105000e+01   8.231684e+00   1.851696e-01   6.580408e+01  -2.652638e-05   2.841903e-06   6.201215e-04   1.200620e+02  -1.083393e+00
  1.110000e+01   8.239895e+00   1.484493e-01   6.577733e+01  -2.656741e-05   6.482850e-06   3.404022e-03   1.200110e+02  -1.018467e+00
  1.115000e+01   8.246340e+00   1.144447e-01   6.572501e+01  -2.520769e-05   4.004649e-05   2.348476e-02   1.199607e+02  -9.499192e-01
  1.120000e+01   8.251162e+00   8.298669e-02   6.568282e+01  -2.361456e-05   1.500856e-05   1.053454e-02   1.200142e+02  -8.773973e-01
  1.125000e+01   8.254536e+00   5.694691e-02   6.560783e+01  -2.441146e-05  -3.585670e-05  -4.307693e-02   1.200782e+02  -8.013434e-01
  1.130000e+01   8.256908e+00   4.175029e-02   6.554217e+01  -2.661577e-05  -4.367028e-05  -6.838975e-02   1.200442e+02  -7.271908e-01
  1.135000e+01   8.258763e+00   3.412277e-02   6.552280e+01  -2.810368e-05  -1.579028e-05  -2.816890e-02   1.199515e+02  -6.605200e-01
  1.140000e+01   8.260283e+00   2.733036e-02   6.547912e+01  -2.796964e-05   1.378864e-05   3.465372e-02   1.199036e+02  -6.009950e-01
  1.145000e+01   8.261429e+00   1.961491e-02   6.536334e+01  -2.714291e-05   1.472402e-05   4.852642e-02   1.199385e+02  -5.449133e-01
  1.150000e+01   8.262233e+00   1.380269e-02   6.522474e+01  -2.674106e-05   3.009764e-06   1.277302e-02   1.199709e+02  -4.910040e-01
  1.155000e+01   8.262826e+00   1.065093e-02   6.515214e+01  -2.678861e-05  -2.683068e-06  -1.678916e-02   1.199797e+02  -4.405303e-01
  1.160000e+01   8.263299e+00   8.602940e-03   6.512640e+01  -2.689609e-05  -1.147129e-06  -8.048366e-03   1.200261e+02  -3.941362e-01
  1.165000e+01   8.263673e+00   6.631155e-03   6.505230e+01  -2.690072e-05  -0.000000e+00   2.252793e-03   1.200885e+02  -3.511131e-01
  1.170000e+01   8.263960e+00   5.168611e-03   6.494106e+01  -2.691055e-05  -5.634378e-07  -7.372367e-03   1.200740e+02  -3.108773e-01
  1.175000e+01   8.264191e+00   4.256722e-03   6.483933e+01  -2.693469e-05  -0.000000e+00  -9.097618e-04   1.199981e+02  -2.733938e-01
  1.180000e+01   8.264382e+00   3.466257e-03   6.472390e+01  -2.688370e-05   1.990528e-06   3.883395e-02   1.199353e+02  -2.384164e-01
  1.185000e+01   8.264537e+00   2.864953e-03   6.464285e+01  -2.673639e-05   3.371509e-06   7.657092e-02   1.199177e+02  -2.056039e-01
  1.190000e+01   8.264670e+00   2.539283e-03   6.464987e+01  -2.659460e-05   2.007663e-06   4.904851e-02   1.199536e+02  -1.748682e-01
  1.195000e+01   8.264787e+00   2.166898e-03   6.463066e+01  -2.657310e-05  -6.680319e-07  -2.202517e-02   1.200283e+02  -1.460121e-01
  1.200000e+01   8.264882e+00   1.694711e-03   6.452618e+01  -2.663616e-05  -1.388342e-06  -5.298929e-02   1.201051e+02  -1.186391e-01
