# problem = TPV102
# author = Brad Aagaard
# date = Thu Jun 13 12:10:55 2013
# code = PyLith
# code_version = 1.8.1a (scecdynrup branch)
# element_size = 100 m
# time_step =   5.000000E-02
# num_timesteps =      241
# location = on fault, -9.0 km along strike and 7.5 km depth
# Time series in 7 columns of E14.6:
# Column #1 = time (s)
# Column #2 = horizontal right-lateral slip (m)
# Column #3 = horizontal right-lateral slip rate (m/s)
# Column #4 = horizontal right-lateral shear stress (MPa)
# Column #5 = vertical up-dip slip (m)
# Column #6 = vertical up-dip slip-rate (m/s)
# Column #7 = vertical up-dip shear stress (MPa)
# Column #8 = normal stress (MPa)
# Column #9 = log10(theta) (s)
#
# Data fields
t h-slip h-slip-rate h-shear-stress v-slip v-slip-rate v-shear-stress n-stress log-theta
#
  0.000000e+00  -0.000000e+00  -0.000000e+00  -0.000000e+00  -0.000000e+00  -0.000000e+00  -0.000000e+00  -0.000000e+00   9.205810e+00
  5.000000e-02  -0.000000e+00  -0.000000e+00   7.500000e+01  -0.000000e+00  -0.000000e+00  -3.399563e-18   1.200000e+02   9.205810e+00
  1.000000e-01  -0.000000e+00  -0.000000e+00   7.500000e+01  -0.000000e+00  -0.000000e+00  -3.573365e-16   1.200000e+02   9.205810e+00
  1.500000e-01  -0.000000e+00  -0.000000e+00   7.500000e+01  -0.000000e+00  -0.000000e+00  -2.607126e-16   1.200000e+02   9.205810e+00
  2.000000e-01  -0.000000e+00  -0.000000e+00   7.500000e+01  -0.000000e+00  -0.000000e+00  -2.293629e-16   1.200000e+02   9.205810e+00
  2.500000e-01  -0.000000e+00  -0.000000e+00   7.500000e+01  -0.000000e+00  -0.000000e+00  -4.087437e-16   1.200000e+02   9.205810e+00
  3.000000e-01  -0.000000e+00  -0.000000e+00   7.500000e+01  -0.000000e+00  -0.000000e+00  -2.501036e-16   1.200000e+02   9.205810e+00
  3.500000e-01  -0.000000e+00  -0.000000e+00   7.500000e+01  -0.000000e+00  -0.000000e+00  -3.171002e-16   1.200000e+02   9.205810e+00
  4.000000e-01  -0.000000e+00  -0.000000e+00   7.500000e+01  -0.000000e+00  -0.000000e+00  -3.441120e-16   1.200000e+02   9.205810e+00
  4.500000e-01  -0.000000e+00  -0.000000e+00   7.500000e+01  -0.000000e+00  -0.000000e+00  -2.965983e-16   1.200000e+02   9.205810e+00
  5.000000e-01  -0.000000e+00  -0.000000e+00   7.500000e+01  -0.000000e+00  -0.000000e+00  -3.062780e-16   1.200000e+02   9.205810e+00
  5.500000e-01  -0.000000e+00  -0.000000e+00   7.500000e+01  -0.000000e+00  -0.000000e+00  -3.154056e-16   1.200000e+02   9.205810e+00
  6.000000e-01  -0.000000e+00  -0.000000e+00   7.500000e+01  -0.000000e+00  -0.000000e+00  -2.746672e-16   1.200000e+02   9.205810e+00
  6.500000e-01  -0.000000e+00  -0.000000e+00   7.500000e+01  -0.000000e+00  -0.000000e+00  -3.228223e-16   1.200000e+02   9.205810e+00
  7.000000e-01  -0.000000e+00  -0.000000e+00   7.500000e+01  -0.000000e+00  -0.000000e+00  -2.969347e-16   1.200000e+02   9.205810e+00
  7.500000e-01  -0.000000e+00  -0.000000e+00   7.500000e+01  -0.000000e+00  -0.000000e+00  -2.847794e-16   1.200000e+02   9.205810e+00
  8.000000e-01  -0.000000e+00  -0.000000e+00   7.500000e+01  -0.000000e+00  -0.000000e+00  -3.527474e-16   1.200000e+02   9.205810e+00
  8.500000e-01  -0.000000e+00  -0.000000e+00   7.500000e+01  -0.000000e+00  -0.000000e+00  -2.522022e-16   1.200000e+02   9.205810e+00
  9.000000e-01  -0.000000e+00  -0.000000e+00   7.500000e+01  -0.000000e+00  -0.000000e+00  -3.354229e-16   1.200000e+02   9.205810e+00
  9.500000e-01  -0.000000e+00  -0.000000e+00   7.500000e+01  -0.000000e+00  -0.000000e+00  -3.014110e-16   1.200000e+02   9.205810e+00
  1.000000e+00  -0.000000e+00  -0.000000e+00   7.500000e+01  -0.000000e+00  -0.000000e+00  -3.066805e-16   1.200000e+02   9.205810e+00
  1.050000e+00  -0.000000e+00  -0.000000e+00   7.500000e+01  -0.000000e+00  -0.000000e+00  -3.135318e-16   1.200000e+02   9.205810e+00
  1.100000e+00  -0.000000e+00  -0.000000e+00   7.500000e+01  -0.000000e+00  -0.000000e+00  -2.858619e-16   1.200000e+02   9.205810e+00
  1.150000e+00  -0.000000e+00  -0.000000e+00   7.500000e+01  -0.000000e+00  -0.000000e+00  -3.261808e-16   1.200000e+02   9.205810e+00
  1.200000e+00  -0.000000e+00  -0.000000e+00   7.500000e+01  -0.000000e+00  -0.000000e+00  -3.342150e-16   1.200000e+02   9.205810e+00
  1.250000e+00  -0.000000e+00  -0.000000e+00   7.500000e+01  -0.000000e+00  -0.000000e+00  -3.016740e-16   1.200000e+02   9.205810e+00
  1.300000e+00  -0.000000e+00  -0.000000e+00   7.500000e+01  -0.000000e+00  -0.000000e+00  -2.796271e-16   1.200000e+02   9.205810e+00
  1.350000e+00  -0.000000e+00  -0.000000e+00   7.500000e+01  -0.000000e+00  -0.000000e+00  -2.919396e-16   1.200000e+02   9.205810e+00
  1.400000e+00  -0.000000e+00  -0.000000e+00   7.500000e+01  -0.000000e+00  -0.000000e+00   3.577522e-16   1.200000e+02   9.205810e+00
  1.450000e+00  -0.000000e+00  -0.000000e+00   7.500000e+01  -0.000000e+00  -0.000000e+00   1.580889e-14   1.200000e+02   9.205810e+00
  1.500000e+00  -0.000000e+00  -0.000000e+00   7.500000e+01  -0.000000e+00  -0.000000e+00   2.044026e-13   1.200000e+02   9.205810e+00
  1.550000e+00  -0.000000e+00  -0.000000e+00   7.500000e+01  -0.000000e+00  -0.000000e+00   1.476108e-12   1.200000e+02   9.205810e+00
  1.600000e+00  -0.000000e+00  -0.000000e+00   7.500000e+01  -0.000000e+00  -0.000000e+00   7.612707e-12   1.200000e+02   9.205810e+00
  1.650000e+00  -0.000000e+00  -0.000000e+00   7.500000e+01  -0.000000e+00  -0.000000e+00   4.061236e-11   1.200000e+02   9.205810e+00
  1.700000e+00  -0.000000e+00  -0.000000e+00   7.500000e+01  -0.000000e+00  -0.000000e+00   2.264892e-10   1.200000e+02   9.205810e+00
  1.750000e+00  -0.000000e+00  -0.000000e+00   7.500000e+01  -0.000000e+00  -0.000000e+00   1.081268e-09   1.200000e+02   9.205810e+00
  1.800000e+00  -0.000000e+00  -0.000000e+00   7.500000e+01  -0.000000e+00  -0.000000e+00   4.416883e-09   1.200000e+02   9.205810e+00
  1.850000e+00  -0.000000e+00  -0.000000e+00   7.500000e+01  -0.000000e+00  -0.000000e+00   1.615777e-08   1.200000e+02   9.205810e+00
  1.900000e+00  -0.000000e+00  -0.000000e+00   7.500000e+01  -0.000000e+00  -0.000000e+00   5.334458e-08   1.200000e+02   9.205810e+00
  1.950000e+00  -0.000000e+00  -0.000000e+00   7.500000e+01  -0.000000e+00  -0.000000e+00   1.587939e-07   1.200000e+02   9.205810e+00
  2.000000e+00  -0.000000e+00  -0.000000e+00   7.500001e+01  -0.000000e+00  -0.000000e+00   4.259385e-07   1.200000e+02   9.205810e+00
  2.050000e+00  -0.000000e+00  -0.000000e+00   7.500003e+01  -0.000000e+00  -0.000000e+00   1.029077e-06   1.200000e+02   9.205810e+00
  2.100000e+00  -0.000000e+00  -0.000000e+00   7.500006e+01  -0.000000e+00  -0.000000e+00   2.241682e-06   1.200000e+02   9.205810e+00
  2.150000e+00  -0.000000e+00  -0.000000e+00   7.500014e+01  -0.000000e+00  -0.000000e+00   4.415216e-06   1.200000e+02   9.205810e+00
  2.200000e+00  -0.000000e+00  -0.000000e+00   7.500027e+01  -0.000000e+00  -0.000000e+00   7.901372e-06   1.200000e+02   9.205810e+00
  2.250000e+00  -0.000000e+00  -0.000000e+00   7.500049e+01  -0.000000e+00  -0.000000e+00   1.294317e-05   1.200000e+02   9.205810e+00
  2.300000e+00  -0.000000e+00  -0.000000e+00   7.500082e+01  -0.000000e+00  -0.000000e+00   1.960449e-05   1.200000e+02   9.205810e+00
  2.350000e+00  -0.000000e+00  -0.000000e+00   7.500127e+01  -0.000000e+00  -0.000000e+00   2.783222e-05   1.200000e+02   9.205810e+00
  2.400000e+00  -0.000000e+00  -0.000000e+00   7.500185e+01  -0.000000e+00  -0.000000e+00   3.771887e-05   1.200000e+02   9.205810e+00
  2.450000e+00  -0.000000e+00  -0.000000e+00   7.500258e+01  -0.000000e+00  -0.000000e+00   4.990732e-05   1.200000e+02   9.205810e+00
  2.500000e+00  -0.000000e+00  -0.000000e+00   7.500350e+01  -0.000000e+00  -0.000000e+00   6.601124e-05   1.200000e+02   9.205810e+00
  2.550000e+00  -0.000000e+00  -0.000000e+00   7.500470e+01  -0.000000e+00  -0.000000e+00   8.917900e-05   1.200000e+02   9.205810e+00
  2.600000e+00  -0.000000e+00  -0.000000e+00   7.500638e+01  -0.000000e+00  -0.000000e+00   1.253182e-04   1.200000e+02   9.205810e+00
  2.650000e+00  -0.000000e+00  -0.000000e+00   7.500891e+01  -0.000000e+00  -0.000000e+00   1.862448e-04   1.200000e+02   9.205810e+00
  2.700000e+00  -0.000000e+00  -0.000000e+00   7.501306e+01  -0.000000e+00  -0.000000e+00   2.983859e-04   1.199999e+02   9.205810e+00
  2.750000e+00  -0.000000e+00  -0.000000e+00   7.502056e+01  -0.000000e+00  -0.000000e+00   5.251260e-04   1.199999e+02   9.205810e+00
  2.800000e+00  -0.000000e+00  -0.000000e+00   7.503542e+01  -0.000000e+00  -0.000000e+00   1.006451e-03   1.199998e+02   9.205810e+00
  2.850000e+00  -0.000000e+00  -0.000000e+00   7.506565e+01  -0.000000e+00  -0.000000e+00   1.928933e-03   1.199996e+02   9.205810e+00
  2.900000e+00  -0.000000e+00  -0.000000e+00   7.512043e+01  -0.000000e+00  -0.000000e+00   3.230742e-03   1.199995e+02   9.205810e+00
  2.950000e+00  -0.000000e+00  -0.000000e+00   7.519852e+01  -0.000000e+00  -0.000000e+00   4.522132e-03   1.199996e+02   9.205810e+00
  3.000000e+00  -0.000000e+00  -0.000000e+00   7.528789e+01  -0.000000e+00  -0.000000e+00   5.776180e-03   1.199998e+02   9.205810e+00
  3.050000e+00  -0.000000e+00  -0.000000e+00   7.538422e+01  -0.000000e+00  -0.000000e+00   7.101247e-03   1.199995e+02   9.205810e+00
  3.100000e+00  -0.000000e+00  -0.000000e+00   7.549243e+01  -0.000000e+00  -0.000000e+00   8.546286e-03   1.199989e+02   9.205810e+00
  3.150000e+00  -0.000000e+00  -0.000000e+00   7.561746e+01  -0.000000e+00  -0.000000e+00   1.059118e-02   1.199998e+02   9.205810e+00
  3.200000e+00  -0.000000e+00  -0.000000e+00   7.575906e+01  -0.000000e+00  -0.000000e+00   1.287617e-02   1.199992e+02   9.205810e+00
  3.250000e+00  -0.000000e+00  -0.000000e+00   7.591588e+01  -0.000000e+00  -0.000000e+00   1.511599e-02   1.199967e+02   9.205810e+00
  3.300000e+00  -0.000000e+00  -0.000000e+00   7.609248e+01  -0.000000e+00  -0.000000e+00   1.765708e-02   1.199964e+02   9.205810e+00
  3.350000e+00  -0.000000e+00  -0.000000e+00   7.628845e+01  -0.000000e+00  -0.000000e+00   2.011935e-02   1.200003e+02   9.205810e+00
  3.400000e+00  -0.000000e+00  -0.000000e+00   7.650218e+01  -0.000000e+00  -0.000000e+00   2.453063e-02   1.200017e+02   9.205810e+00
  3.450000e+00  -0.000000e+00  -0.000000e+00   7.674091e+01  -0.000000e+00  -0.000000e+00   2.892790e-02   1.199976e+02   9.205810e+00
  3.500000e+00  -0.000000e+00  -0.000000e+00   7.700177e+01  -0.000000e+00  -0.000000e+00   3.140942e-02   1.199934e+02   9.205810e+00
  3.550000e+00  -0.000000e+00  -0.000000e+00   7.728166e+01  -0.000000e+00  -0.000000e+00   3.570599e-02   1.199927e+02   9.205810e+00
  3.600000e+00  -0.000000e+00  -0.000000e+00   7.757987e+01  -0.000000e+00  -0.000000e+00   4.193500e-02   1.200023e+02   9.205810e+00
  3.650000e+00  -0.000000e+00  -0.000000e+00   7.787590e+01  -0.000000e+00  -0.000000e+00   4.511835e-02   1.200030e+02   9.205810e+00
  3.700000e+00  -0.000000e+00  -0.000000e+00   7.804552e+01  -0.000000e+00  -0.000000e+00   2.618964e-02   1.199944e+02   9.205810e+00
  3.750000e+00  -0.000000e+00  -0.000000e+00   7.762569e+01  -0.000000e+00  -0.000000e+00  -3.447691e-02   1.199978e+02   9.205810e+00
  3.800000e+00  -0.000000e+00  -0.000000e+00   7.643315e+01  -0.000000e+00  -0.000000e+00  -7.382613e-02   1.200118e+02   9.205810e+00
  3.850000e+00  -0.000000e+00  -0.000000e+00   7.535105e+01  -0.000000e+00  -0.000000e+00  -4.929866e-02   1.200124e+02   9.205810e+00
  3.900000e+00  -0.000000e+00  -0.000000e+00   7.503669e+01  -0.000000e+00  -0.000000e+00   1.051930e-02   1.199921e+02   9.205810e+00
  3.950000e+00  -0.000000e+00  -0.000000e+00   7.542256e+01  -0.000000e+00  -0.000000e+00   5.681590e-02   1.199932e+02   9.205810e+00
  4.000000e+00  -0.000000e+00  -0.000000e+00   7.573902e+01  -0.000000e+00  -0.000000e+00   2.603146e-02   1.200044e+02   9.205810e+00
  4.050000e+00  -0.000000e+00  -0.000000e+00   7.587180e+01  -0.000000e+00  -0.000000e+00  -9.610683e-04   1.199901e+02   9.205810e+00
  4.100000e+00  -0.000000e+00  -0.000000e+00   7.599308e+01  -0.000000e+00  -0.000000e+00  -7.400116e-03   1.199843e+02   9.205810e+00
  4.150000e+00  -0.000000e+00  -0.000000e+00   7.613007e+01  -0.000000e+00  -0.000000e+00   1.966176e-02   1.200006e+02   9.205810e+00
  4.200000e+00  -0.000000e+00  -0.000000e+00   7.633076e+01  -0.000000e+00  -0.000000e+00   4.596511e-02   1.200015e+02   9.205810e+00
  4.250000e+00  -0.000000e+00  -0.000000e+00   7.662410e+01  -0.000000e+00  -0.000000e+00   5.559116e-02   1.200091e+02   9.205810e+00
  4.300000e+00  -0.000000e+00  -0.000000e+00   7.698790e+01  -0.000000e+00  -0.000000e+00   4.726965e-02   1.200127e+02   9.205810e+00
  4.350000e+00  -0.000000e+00  -0.000000e+00   7.739355e+01  -0.000000e+00  -0.000000e+00   4.807512e-02   1.199759e+02   9.205810e+00
  4.400000e+00  -0.000000e+00  -0.000000e+00   7.784216e+01  -0.000000e+00  -0.000000e+00   5.364905e-02   1.199638e+02   9.205810e+00
  4.450000e+00  -0.000000e+00  -0.000000e+00   7.832857e+01  -0.000000e+00  -0.000000e+00   7.970619e-02   1.200092e+02   9.205810e+00
  4.500000e+00  -0.000000e+00  -0.000000e+00   7.886163e+01  -0.000000e+00  -0.000000e+00   9.516914e-02   1.200222e+02   9.205810e+00
  4.550000e+00  -0.000000e+00  -0.000000e+00   7.949667e+01  -0.000000e+00  -0.000000e+00   1.328926e-01   1.199732e+02   9.205810e+00
  4.600000e+00  -0.000000e+00  -0.000000e+00   8.024267e+01  -0.000000e+00  -0.000000e+00   1.821533e-01   1.199638e+02   9.205810e+00
  4.650000e+00  -0.000000e+00  -0.000000e+00   8.115816e+01  -0.000000e+00  -0.000000e+00   1.993642e-01   1.199927e+02   9.205810e+00
  4.700000e+00  -0.000000e+00  -0.000000e+00   8.236063e+01  -0.000000e+00  -0.000000e+00   2.354527e-01   1.200289e+02   9.205810e+00
  4.750000e+00  -0.000000e+00  -0.000000e+00   8.424503e+01  -0.000000e+00  -0.000000e+00   3.335623e-01   1.200923e+02   9.205810e+00
  4.800000e+00  -0.000000e+00  -0.000000e+00   8.741498e+01  -0.000000e+00  -0.000000e+00   4.616721e-01   1.200580e+02   9.205810e+00
  4.850000e+00   2.261420e-03   2.983168e-01   1.005871e+02   6.969738e-06   9.080825e-04   3.041728e-01   1.199631e+02   9.171405e+00
  4.900000e+00   1.226773e-01   3.282065e+00   9.493076e+01  -1.653442e-04  -1.708370e-02  -4.929576e-01   1.198631e+02   6.662882e+00
  4.950000e+00   3.406200e-01   4.889566e+00   8.018773e+01  -9.085256e-04  -1.706762e-02  -2.724432e-01   1.198518e+02   1.986558e+00
  5.000000e+00   5.765062e-01   4.273826e+00   6.487922e+01   1.260167e-04   3.399372e-02   5.011862e-01   1.198473e+02  -2.280766e+00
  5.050000e+00   7.424307e-01   3.160084e+00   6.473434e+01   1.529446e-03   2.805073e-02   5.580988e-01   1.199570e+02  -2.206181e+00
  5.100000e+00   8.735782e-01   2.495423e+00   6.491408e+01   2.627008e-03   1.943169e-02   4.843584e-01   1.200495e+02  -2.102500e+00
  5.150000e+00   9.850052e-01   2.198545e+00   6.511065e+01   3.143713e-03   1.428657e-02   4.357688e-01   1.202215e+02  -2.040581e+00
  5.200000e+00   1.088071e+00   2.004539e+00   6.505555e+01   3.592592e-03   8.683339e-03   2.972358e-01   1.200622e+02  -2.003274e+00
  5.250000e+00   1.180120e+00   1.832568e+00   6.515252e+01   3.987424e-03   6.879092e-03   2.437834e-01   1.200782e+02  -1.956028e+00
  5.300000e+00   1.268131e+00   1.601686e+00   6.506636e+01   4.297557e-03   6.689209e-03   2.767489e-01   1.200202e+02  -1.922129e+00
  5.350000e+00   1.348917e+00   1.662260e+00   6.512649e+01   4.622951e-03   5.514004e-03   2.177504e-01   1.199926e+02  -1.917212e+00
  5.400000e+00   1.425390e+00   1.529102e+00   6.516808e+01   4.923313e-03   3.909806e-03   1.555845e-01   1.199848e+02  -1.880829e+00
  5.450000e+00   1.500102e+00   1.461028e+00   6.514163e+01   5.132504e-03   4.781304e-03   2.062988e-01   1.199645e+02  -1.869034e+00
  5.500000e+00   1.572843e+00   1.467948e+00   6.518356e+01   5.295000e-03   4.645779e-03   2.146767e-01   1.199987e+02  -1.865023e+00
  5.550000e+00   1.640931e+00   1.334641e+00   6.526972e+01   5.508170e-03   2.865279e-03   1.342214e-01   1.200808e+02  -1.826070e+00
  5.600000e+00   1.709202e+00   1.339823e+00   6.527169e+01   5.651494e-03   3.480091e-03   1.674978e-01   1.201289e+02  -1.831827e+00
  5.650000e+00   1.775704e+00   1.306305e+00   6.520067e+01   5.797843e-03   2.844312e-03   1.392311e-01   1.199851e+02  -1.821677e+00
  5.700000e+00   1.838672e+00   1.248907e+00   6.525943e+01   5.958341e-03   4.514879e-03   2.382061e-01   1.200158e+02  -1.798043e+00
  5.750000e+00   1.902270e+00   1.275575e+00   6.528104e+01   6.142799e-03   3.318546e-03   1.719018e-01   1.200659e+02  -1.805621e+00
  5.800000e+00   1.964773e+00   1.243354e+00   6.524407e+01   6.313122e-03   3.611348e-03   1.923517e-01   1.199844e+02  -1.795820e+00
  5.850000e+00   2.025205e+00   1.209660e+00   6.528676e+01   6.470283e-03   2.477275e-03   1.339314e-01   1.200117e+02  -1.780976e+00
  5.900000e+00   2.084945e+00   1.172860e+00   6.528995e+01   6.570135e-03   7.649947e-04   3.832809e-02   1.200364e+02  -1.773363e+00
  5.950000e+00   2.144727e+00   1.220051e+00   6.531586e+01   6.683970e-03   3.699053e-03   1.958589e-01   1.200465e+02  -1.780857e+00
  6.000000e+00   2.204671e+00   1.185771e+00   6.525135e+01   6.828112e-03   3.622800e-03   2.078037e-01   1.199605e+02  -1.776019e+00
  6.050000e+00   2.263119e+00   1.165968e+00   6.523871e+01   7.067816e-03   4.654838e-03   2.576575e-01   1.199046e+02  -1.766570e+00
  6.100000e+00   2.322091e+00   1.187077e+00   6.524646e+01   7.294073e-03   4.983772e-03   2.770339e-01   1.199220e+02  -1.772367e+00
  6.150000e+00   2.379849e+00   1.133971e+00   6.528735e+01   7.532985e-03   3.988911e-03   2.260815e-01   1.200063e+02  -1.759088e+00
  6.200000e+00   2.435620e+00   1.123767e+00   6.536721e+01   7.693111e-03   2.733831e-03   1.573976e-01   1.200843e+02  -1.747587e+00
  6.250000e+00   2.490311e+00   1.057538e+00   6.532294e+01   7.858208e-03   4.328271e-03   2.731419e-01   1.200431e+02  -1.733214e+00
  6.300000e+00   2.541777e+00   1.020103e+00   6.535163e+01   8.121326e-03   5.912293e-03   3.821215e-01   1.200150e+02  -1.711232e+00
  6.350000e+00   2.591107e+00   9.472063e-01   6.532991e+01   8.415000e-03   5.504011e-03   3.808747e-01   1.199857e+02  -1.689078e+00
  6.400000e+00   2.636962e+00   8.985918e-01   6.536849e+01   8.739547e-03   7.391173e-03   5.417431e-01   1.199727e+02  -1.661258e+00
  6.450000e+00   2.683577e+00   9.809437e-01   6.543408e+01   9.164282e-03   9.623063e-03   6.456445e-01   1.199829e+02  -1.673999e+00
  6.500000e+00   2.735581e+00   1.077470e+00   6.540378e+01   9.693614e-03   1.065612e-02   6.426634e-01   1.200372e+02  -1.718352e+00
  6.550000e+00   2.791741e+00   1.148159e+00   6.531616e+01   1.016962e-02   8.469614e-03   4.767915e-01   1.199769e+02  -1.751963e+00
  6.600000e+00   2.847831e+00   1.094343e+00   6.533199e+01   1.052418e-02   6.081683e-03   3.585441e-01   1.200664e+02  -1.744944e+00
  6.650000e+00   2.903053e+00   1.136431e+00   6.535938e+01   1.073874e-02   2.776065e-03   1.528340e-01   1.200275e+02  -1.745952e+00
  6.700000e+00   2.962460e+00   1.206204e+00   6.530397e+01   1.080477e-02   3.830565e-04   1.695404e-02   1.200158e+02  -1.776164e+00
  6.750000e+00   3.022152e+00   1.186638e+00   6.527557e+01   1.077328e-02  -1.214979e-03  -6.892019e-02   1.199900e+02  -1.774626e+00
  6.800000e+00   3.082418e+00   1.224301e+00   6.524993e+01   1.065968e-02  -3.266312e-03  -1.773937e-01   1.199285e+02  -1.782705e+00
  6.850000e+00   3.143620e+00   1.210007e+00   6.522285e+01   1.046382e-02  -4.417163e-03  -2.419489e-01   1.199301e+02  -1.785207e+00
  6.900000e+00   3.202337e+00   1.155438e+00   6.525962e+01   1.018796e-02  -6.040506e-03  -3.414197e-01   1.199642e+02  -1.766357e+00
  6.950000e+00   3.260295e+00   1.172954e+00   6.532846e+01   9.902439e-03  -5.495347e-03  -3.059653e-01   1.200408e+02  -1.764867e+00
  7.000000e+00   3.320508e+00   1.228501e+00   6.532134e+01   9.603275e-03  -6.458863e-03  -3.446986e-01   1.200509e+02  -1.782561e+00
  7.050000e+00   3.382485e+00   1.233584e+00   6.530168e+01   9.265812e-03  -6.739999e-03  -3.564285e-01   1.200774e+02  -1.791611e+00
  7.100000e+00   3.442445e+00   1.176737e+00   6.528921e+01   8.927826e-03  -7.104863e-03  -3.971024e-01   1.200391e+02  -1.774776e+00
  7.150000e+00   3.502214e+00   1.226807e+00   6.529843e+01   8.542165e-03  -7.887262e-03  -4.182439e-01   1.199954e+02  -1.780472e+00
  7.200000e+00   3.564934e+00   1.255102e+00   6.523707e+01   8.169994e-03  -7.024186e-03  -3.639589e-01   1.199628e+02  -1.797695e+00
  7.250000e+00   3.626856e+00   1.237710e+00   6.522422e+01   7.846834e-03  -5.864690e-03  -3.056423e-01   1.199215e+02  -1.791388e+00
  7.300000e+00   3.688788e+00   1.226621e+00   6.523980e+01   7.597218e-03  -4.535438e-03  -2.403580e-01   1.199694e+02  -1.790696e+00
  7.350000e+00   3.748887e+00   1.193137e+00   6.525416e+01   7.399417e-03  -3.245669e-03  -1.730514e-01   1.199589e+02  -1.777504e+00
  7.400000e+00   3.809722e+00   1.235128e+00   6.530346e+01   7.324251e-03  -2.376798e-05   4.628207e-03   1.200372e+02  -1.786855e+00
  7.450000e+00   3.870787e+00   1.200833e+00   6.531712e+01   7.398912e-03   2.439172e-03   1.366118e-01   1.201033e+02  -1.782998e+00
  7.500000e+00   3.930689e+00   1.211189e+00   6.531124e+01   7.594122e-03   5.217884e-03   2.868877e-01   1.200393e+02  -1.779087e+00
  7.550000e+00   3.991982e+00   1.222376e+00   6.526597e+01   7.943603e-03   8.187482e-03   4.416074e-01   1.200012e+02  -1.787231e+00
  7.600000e+00   4.051714e+00   1.175941e+00   6.526370e+01   8.404831e-03   1.003094e-02   5.615083e-01   1.199891e+02  -1.773787e+00
  7.650000e+00   4.109373e+00   1.126551e+00   6.526448e+01   8.987732e-03   1.299647e-02   7.607870e-01   1.199818e+02  -1.758238e+00
  7.700000e+00   4.162834e+00   1.023408e+00   6.526735e+01   9.726984e-03   1.625298e-02   1.047941e+00   1.199600e+02  -1.723409e+00
  7.750000e+00   4.211189e+00   9.308399e-01   6.529579e+01   1.066036e-02   2.089756e-02   1.483867e+00   1.199386e+02  -1.682119e+00
  7.800000e+00   4.259726e+00   1.069953e+00   6.544082e+01   1.201137e-02   3.418554e-02   2.111518e+00   1.199976e+02  -1.696077e+00
  7.850000e+00   4.330450e+00   1.718276e+00   6.529164e+01   1.453273e-02   6.205699e-02   2.347499e+00   1.200123e+02  -1.886803e+00
  7.900000e+00   4.428294e+00   2.024913e+00   6.505708e+01   1.739414e-02   4.528458e-02   1.416792e+00   1.200565e+02  -2.002592e+00
  7.950000e+00   4.523336e+00   1.782236e+00   6.504024e+01   1.873579e-02   1.593536e-02   5.632890e-01   1.200174e+02  -1.961809e+00
  8.000000e+00   4.606427e+00   1.589014e+00   6.509098e+01   1.922615e-02   7.007814e-03   2.821840e-01   1.199760e+02  -1.909087e+00
  8.050000e+00   4.682521e+00   1.474404e+00   6.514608e+01   1.947255e-02   3.418923e-03   1.464294e-01   1.199956e+02  -1.874943e+00
  8.100000e+00   4.753150e+00   1.363407e+00   6.520014e+01   1.955462e-02   4.211504e-04   1.634810e-02   1.200380e+02  -1.842578e+00
  8.150000e+00   4.818216e+00   1.261438e+00   6.518647e+01   1.952797e-02  -9.417776e-04  -4.917750e-02   1.199354e+02  -1.808088e+00
  8.200000e+00   4.880480e+00   1.243883e+00   6.525278e+01   1.949279e-02  -2.883419e-04  -1.287037e-02   1.199839e+02  -1.794334e+00
  8.250000e+00   4.942307e+00   1.225618e+00   6.532841e+01   1.950246e-02   2.381089e-04   1.132350e-02   1.201255e+02  -1.789819e+00
  8.300000e+00   5.003826e+00   1.246454e+00   6.531077e+01   1.947633e-02  -1.198917e-03  -6.534854e-02   1.200584e+02  -1.790973e+00
  8.350000e+00   5.066171e+00   1.218865e+00   6.519658e+01   1.937821e-02  -2.500441e-03  -1.362169e-01   1.199172e+02  -1.791896e+00
  8.400000e+00   5.122969e+00   1.080734e+00   6.521723e+01   1.923289e-02  -3.033641e-03  -1.833320e-01   1.199035e+02  -1.747482e+00
  8.450000e+00   5.176527e+00   1.084174e+00   6.535797e+01   1.909190e-02  -2.583438e-03  -1.543039e-01   1.200285e+02  -1.731250e+00
  8.500000e+00   5.232231e+00   1.130008e+00   6.536277e+01   1.897100e-02  -2.450546e-03  -1.425186e-01   1.200654e+02  -1.747754e+00
  8.550000e+00   5.287653e+00   1.073696e+00   6.530725e+01   1.883683e-02  -2.788394e-03  -1.702666e-01   1.200279e+02  -1.739620e+00
  8.600000e+00   5.338402e+00   9.820552e-01   6.535112e+01   1.869596e-02  -2.862668e-03  -1.909107e-01   1.200357e+02  -1.702416e+00
  8.650000e+00   5.388206e+00   1.021516e+00   6.538867e+01   1.855558e-02  -2.715672e-03  -1.731580e-01   1.200002e+02  -1.700963e+00
  8.700000e+00   5.439867e+00   1.023658e+00   6.532269e+01   1.841775e-02  -2.797433e-03  -1.784905e-01   1.199580e+02  -1.711640e+00
  8.750000e+00   5.489738e+00   9.852447e-01   6.532802e+01   1.829361e-02  -2.164822e-03  -1.421718e-01   1.199437e+02  -1.696760e+00
  8.800000e+00   5.538745e+00   9.693760e-01   6.532069e+01   1.819266e-02  -2.008803e-03  -1.354415e-01   1.199187e+02  -1.689759e+00
  8.850000e+00   5.585405e+00   9.051553e-01   6.534063e+01   1.811350e-02  -9.396689e-04  -6.291236e-02   1.199432e+02  -1.666791e+00
  8.900000e+00   5.629376e+00   8.580160e-01   6.541562e+01   1.812449e-02   9.100387e-04   7.161659e-02   1.200304e+02  -1.643020e+00
  8.950000e+00   5.669656e+00   7.593720e-01   6.547947e+01   1.816590e-02   4.860325e-04   3.899914e-02   1.201379e+02  -1.603769e+00
  9.000000e+00   5.705609e+00   7.041982e-01   6.555447e+01   1.816466e-02  -2.995465e-04  -2.885123e-02   1.201279e+02  -1.560635e+00
  9.050000e+00   5.741104e+00   7.113039e-01   6.554376e+01   1.815293e-02  -2.329065e-05   1.963025e-04   1.200329e+02  -1.552462e+00
  9.100000e+00   5.775019e+00   6.401518e-01   6.543671e+01   1.817367e-02   7.040166e-04   7.408544e-02   1.199104e+02  -1.530059e+00
  9.150000e+00   5.804384e+00   5.544161e-01   6.546933e+01   1.822237e-02   1.225508e-03   1.483830e-01   1.199018e+02  -1.477127e+00
  9.200000e+00   5.831040e+00   5.225991e-01   6.559928e+01   1.831441e-02   2.371201e-03   3.027528e-01   1.199900e+02  -1.437438e+00
  9.250000e+00   5.856698e+00   5.042958e-01   6.565357e+01   1.844800e-02   2.594222e-03   3.345617e-01   1.200201e+02  -1.416062e+00
  9.300000e+00   5.880877e+00   4.638442e-01   6.565944e+01   1.854250e-02   1.312614e-03   1.810076e-01   1.200341e+02  -1.391124e+00
  9.350000e+00   5.902509e+00   4.095337e-01   6.566774e+01   1.858756e-02   7.605915e-04   1.224309e-01   1.200302e+02  -1.351114e+00
  9.400000e+00   5.921777e+00   3.684677e-01   6.568647e+01   1.862995e-02   9.301752e-04   1.670302e-01   1.199840e+02  -1.307527e+00
  9.450000e+00   5.939242e+00   3.371841e-01   6.573915e+01   1.867410e-02   7.933217e-04   1.536628e-01   1.199874e+02  -1.267292e+00
  9.500000e+00   5.955921e+00   3.353698e-01   6.584882e+01   1.871787e-02   1.110796e-03   2.237624e-01   1.200256e+02  -1.241227e+00
  9.550000e+00   5.972761e+00   3.328584e-01   6.583859e+01   1.879800e-02   1.859325e-03   3.694676e-01   1.199729e+02  -1.232612e+00
  9.600000e+00   5.988492e+00   2.990127e-01   6.577597e+01   1.888122e-02   1.405181e-03   3.058242e-01   1.199304e+02  -1.211765e+00
  9.650000e+00   6.002830e+00   2.827243e-01   6.588234e+01   1.894203e-02   1.171881e-03   2.731754e-01   1.200346e+02  -1.182269e+00
  9.700000e+00   6.017125e+00   2.883823e-01   6.597006e+01   1.899721e-02   9.715053e-04   2.186567e-01   1.200685e+02  -1.168387e+00
  9.750000e+00   6.031465e+00   2.842872e-01   6.597238e+01   1.903484e-02   6.655944e-04   1.549499e-01   1.200614e+02  -1.162170e+00
  9.800000e+00   6.045729e+00   2.892411e-01   6.596769e+01   1.907632e-02   1.022133e-03   2.366399e-01   1.199919e+02  -1.158237e+00
  9.850000e+00   6.060533e+00   2.983717e-01   6.593534e+01   1.914153e-02   1.502517e-03   3.351073e-01   1.199205e+02  -1.164745e+00
  9.900000e+00   6.075026e+00   2.805534e-01   6.590870e+01   1.922367e-02   1.679162e-03   3.949409e-01   1.199776e+02  -1.162462e+00
  9.950000e+00   6.088520e+00   2.634213e-01   6.593543e+01   1.930212e-02   1.458598e-03   3.634912e-01   1.200375e+02  -1.145997e+00
  1.000000e+01   6.101288e+00   2.486290e-01   6.594398e+01   1.936856e-02   1.240155e-03   3.278458e-01   1.200376e+02  -1.126454e+00
  1.005000e+01   6.113418e+00   2.401395e-01   6.594811e+01   1.942459e-02   1.028259e-03   2.806901e-01   1.199801e+02  -1.106446e+00
  1.010000e+01   6.125299e+00   2.338125e-01   6.595499e+01   1.947241e-02   9.312071e-04   2.631646e-01   1.199532e+02  -1.091905e+00
  1.015000e+01   6.136595e+00   2.206980e-01   6.596507e+01   1.951954e-02   9.535182e-04   2.855909e-01   1.199678e+02  -1.074464e+00
  1.020000e+01   6.147440e+00   2.139343e-01   6.603164e+01   1.956787e-02   9.799692e-04   3.033376e-01   1.200405e+02  -1.057551e+00
  1.025000e+01   6.157841e+00   2.036974e-01   6.608574e+01   1.961884e-02   1.062813e-03   3.466923e-01   1.201227e+02  -1.040565e+00
  1.030000e+01   6.167957e+00   2.029461e-01   6.609595e+01   1.967684e-02   1.241661e-03   4.060886e-01   1.200551e+02  -1.026101e+00
  1.035000e+01   6.178195e+00   2.055082e-01   6.606051e+01   1.974221e-02   1.326988e-03   4.263283e-01   1.199292e+02  -1.019692e+00
  1.040000e+01   6.188329e+00   1.980260e-01   6.601128e+01   1.980581e-02   1.200251e-03   3.987023e-01   1.198773e+02  -1.014052e+00
  1.045000e+01   6.197472e+00   1.680988e-01   6.594454e+01   1.985718e-02   8.714219e-04   3.393607e-01   1.199355e+02  -9.936367e-01
  1.050000e+01   6.204795e+00   1.311256e-01   6.590265e+01   1.989060e-02   5.388100e-04   2.692823e-01   1.200358e+02  -9.497013e-01
  1.055000e+01   6.210652e+00   1.090500e-01   6.593319e+01   1.991443e-02   4.677698e-04   2.848446e-01   1.200820e+02  -8.957762e-01
  1.060000e+01   6.215892e+00   1.036341e-01   6.601910e+01   1.993939e-02   5.175664e-04   3.297298e-01   1.200285e+02  -8.483007e-01
  1.065000e+01   6.221211e+00   1.097642e-01   6.614927e+01   1.996409e-02   4.604561e-04   2.747705e-01   1.199606e+02  -8.164348e-01
  1.070000e+01   6.227025e+00   1.212719e-01   6.629016e+01   1.998529e-02   4.157199e-04   2.273141e-01   1.199532e+02  -8.026630e-01
  1.075000e+01   6.233238e+00   1.244106e-01   6.635218e+01   2.000910e-02   5.445968e-04   2.940571e-01   1.200115e+02  -8.001385e-01
  1.080000e+01   6.239259e+00   1.168021e-01   6.635408e+01   2.004088e-02   6.883800e-04   3.934197e-01   1.200979e+02  -7.947568e-01
  1.085000e+01   6.244917e+00   1.110733e-01   6.631329e+01   2.007611e-02   7.004134e-04   4.178512e-01   1.200464e+02  -7.840422e-01
  1.090000e+01   6.250385e+00   1.082317e-01   6.627826e+01   2.010949e-02   6.369684e-04   3.887382e-01   1.199580e+02  -7.725693e-01
  1.095000e+01   6.255763e+00   1.075019e-01   6.630185e+01   2.013904e-02   5.529986e-04   3.389165e-01   1.199481e+02  -7.623201e-01
  1.100000e+01   6.261132e+00   1.066683e-01   6.634111e+01   2.016260e-02   3.871741e-04   2.360247e-01   1.199864e+02  -7.544717e-01
  1.105000e+01   6.266331e+00   1.015918e-01   6.634758e+01   2.017434e-02   1.174764e-04   7.145657e-02   1.200301e+02  -7.453759e-01
  1.110000e+01   6.271241e+00   9.525141e-02   6.632788e+01   2.017510e-02  -3.214617e-05  -2.340274e-02   1.200356e+02  -7.330436e-01
  1.115000e+01   6.275698e+00   8.352821e-02   6.624797e+01   2.017386e-02  -4.163584e-06  -1.616649e-03   1.200193e+02  -7.150321e-01
  1.120000e+01   6.279452e+00   6.864608e-02   6.613871e+01   2.017544e-02   5.686787e-05   5.679421e-02   1.200045e+02  -6.877077e-01
  1.125000e+01   6.282502e+00   5.561499e-02   6.604381e+01   2.017917e-02   7.883687e-05   9.375235e-02   1.199901e+02  -6.526518e-01
  1.130000e+01   6.285004e+00   4.629260e-02   6.598937e+01   2.018217e-02   4.012150e-05   5.510178e-02   1.199763e+02  -6.139158e-01
  1.135000e+01   6.287120e+00   3.951357e-02   6.597308e+01   2.018304e-02   5.592394e-06   8.637293e-03   1.199860e+02  -5.747608e-01
  1.140000e+01   6.288945e+00   3.452695e-02   6.597343e+01   2.018322e-02   4.701881e-06   9.313176e-03   1.199885e+02  -5.365135e-01
  1.145000e+01   6.290582e+00   3.154754e-02   6.600026e+01   2.018366e-02   1.357509e-05   2.969541e-02   1.199753e+02  -5.005303e-01
  1.150000e+01   6.292070e+00   2.811607e-02   6.600815e+01   2.018500e-02   3.763030e-05   9.050256e-02   1.199912e+02  -4.668245e-01
  1.155000e+01   6.293338e+00   2.318550e-02   6.594263e+01   2.018711e-02   4.005006e-05   1.131337e-01   1.200103e+02  -4.333154e-01
  1.160000e+01   6.294366e+00   1.870932e-02   6.583202e+01   2.018846e-02   1.596031e-05   5.358328e-02   1.199775e+02  -3.991592e-01
  1.165000e+01   6.295197e+00   1.509686e-02   6.574284e+01   2.018867e-02  -2.501330e-06  -1.240797e-02   1.199838e+02  -3.649708e-01
  1.170000e+01   6.295869e+00   1.232839e-02   6.571310e+01   2.018844e-02  -4.095128e-06  -2.115180e-02   1.200781e+02  -3.312558e-01
  1.175000e+01   6.296432e+00   1.060082e-02   6.569267e+01   2.018841e-02   2.194042e-06   1.508926e-02   1.201048e+02  -2.987170e-01
  1.180000e+01   6.296926e+00   9.312100e-03   6.562805e+01   2.018871e-02   8.655937e-06   6.253759e-02   1.200272e+02  -2.677972e-01
  1.185000e+01   6.297352e+00   7.926427e-03   6.553940e+01   2.018923e-02   1.097950e-05   9.106833e-02   1.199692e+02  -2.382197e-01
  1.190000e+01   6.297719e+00   7.031399e-03   6.549310e+01   2.018973e-02   8.801563e-06   8.149547e-02   1.199158e+02  -2.098538e-01
  1.195000e+01   6.298073e+00   7.275083e-03   6.560195e+01   2.019019e-02   1.146544e-05   1.060855e-01   1.198837e+02  -1.833779e-01
  1.200000e+01   6.298470e+00   8.539324e-03   6.588253e+01   2.019129e-02   3.350321e-05   2.652282e-01   1.199686e+02  -1.597348e-01
