# problem = TPV102
# author = Brad Aagaard
# date = Thu Jun 13 12:10:55 2013
# code = PyLith
# code_version = 1.8.1a (scecdynrup branch)
# element_size = 100 m
# time_step =   5.000000E-02
# num_timesteps =      241
# location = on fault, 0.0 km along strike and 7.5 km depth
# Time series in 7 columns of E14.6:
# Column #1 = time (s)
# Column #2 = horizontal right-lateral slip (m)
# Column #3 = horizontal right-lateral slip rate (m/s)
# Column #4 = horizontal right-lateral shear stress (MPa)
# Column #5 = vertical up-dip slip (m)
# Column #6 = vertical up-dip slip-rate (m/s)
# Column #7 = vertical up-dip shear stress (MPa)
# Column #8 = normal stress (MPa)
# Column #9 = log10(theta) (s)
#
# Data fields
t h-slip h-slip-rate h-shear-stress v-slip v-slip-rate v-shear-stress n-stress log-theta
#
  0.000000e+00  -0.000000e+00  -0.000000e+00  -0.000000e+00  -0.000000e+00  -0.000000e+00  -0.000000e+00  -0.000000e+00   9.205810e+00
  5.000000e-02  -0.000000e+00  -0.000000e+00   7.500166e+01  -0.000000e+00  -0.000000e+00  -4.307609e-16   1.200000e+02   9.205810e+00
  1.000000e-01  -0.000000e+00  -0.000000e+00   7.530186e+01  -0.000000e+00  -0.000000e+00   1.070109e-16   1.200000e+02   9.205810e+00
  1.500000e-01  -0.000000e+00  -0.000000e+00   7.671920e+01  -0.000000e+00  -0.000000e+00  -1.030767e-17   1.200000e+02   9.205810e+00
  2.000000e-01  -0.000000e+00  -0.000000e+00   7.905122e+01  -0.000000e+00  -0.000000e+00   3.988314e-17   1.200000e+02   9.205810e+00
  2.500000e-01  -0.000000e+00  -0.000000e+00   8.172664e+01  -0.000000e+00  -0.000000e+00   6.032036e-17   1.200000e+02   9.205810e+00
  3.000000e-01  -0.000000e+00  -0.000000e+00   8.438645e+01  -0.000000e+00  -0.000000e+00  -1.492752e-11   1.200000e+02   9.205810e+00
  3.500000e-01  -0.000000e+00  -0.000000e+00   8.686357e+01  -0.000000e+00  -0.000000e+00  -2.390181e-11   1.200000e+02   9.205810e+00
  4.000000e-01  -0.000000e+00   2.218149e-06   8.909549e+01  -0.000000e+00  -0.000000e+00  -1.452155e-08   1.200000e+02   9.205809e+00
  4.500000e-01   4.836236e-07   1.758263e-05   9.106956e+01  -0.000000e+00  -0.000000e+00  -2.923298e-08   1.200000e+02   9.205800e+00
  5.000000e-01   3.301446e-06   1.063278e-04   9.279467e+01  -0.000000e+00  -0.000000e+00  -2.468385e-07   1.200000e+02   9.205743e+00
  5.500000e-01   1.775846e-05   5.074023e-04   9.428716e+01  -0.000000e+00  -0.000000e+00  -1.475827e-06   1.200000e+02   9.205444e+00
  6.000000e-01   7.695401e-05   1.936811e-03   9.556274e+01  -0.000000e+00  -0.000000e+00  -6.693581e-06   1.200000e+02   9.204212e+00
  6.500000e-01   2.736564e-04   6.009101e-03   9.663087e+01  -0.000000e+00  -0.000000e+00  -2.147162e-05   1.200000e+02   9.200093e+00
  7.000000e-01   8.115035e-04   1.536876e-02   9.749132e+01  -0.000000e+00  -0.000000e+00  -3.990223e-05   1.200001e+02   9.188761e+00
  7.500000e-01   2.038910e-03   3.291703e-02   9.813542e+01  -0.000000e+00  -0.000000e+00  -3.670948e-06   1.200003e+02   9.162754e+00
  8.000000e-01   4.422036e-03   6.040789e-02   9.855257e+01  -0.000000e+00  -0.000000e+00   1.896397e-04   1.200007e+02   9.112012e+00
  8.500000e-01   8.464163e-03   9.782058e-02   9.873492e+01  -0.000000e+00   5.572663e-07   5.779661e-04   1.200015e+02   9.025604e+00
  9.000000e-01   1.462768e-02   1.438269e-01   9.867605e+01  -0.000000e+00   1.635282e-06   1.143302e-03   1.200026e+02   8.893439e+00
  9.500000e-01   2.328624e-02   1.963699e-01   9.836966e+01   2.088643e-07   3.717426e-06   1.890028e-03   1.200041e+02   8.707329e+00
  1.000000e+00   3.469489e-02   2.528197e-01   9.781098e+01   4.872661e-07   7.214825e-06   2.825674e-03   1.200060e+02   8.461639e+00
  1.050000e+00   4.908449e-02   3.170774e-01   9.701764e+01   9.978582e-07   1.298740e-05   4.019148e-03   1.200084e+02   8.151518e+00
  1.100000e+00   6.727194e-02   4.035080e-01   9.597368e+01   1.907019e-06   2.298535e-05   5.525160e-03   1.200113e+02   7.759745e+00
  1.150000e+00   9.072553e-02   5.256392e-01   9.458650e+01   3.518638e-06   4.069050e-05   7.390043e-03   1.200148e+02   7.254931e+00
  1.200000e+00   1.218196e-01   7.061003e-01   9.270064e+01   6.345335e-06   7.130925e-05   9.444438e-03   1.200193e+02   6.586353e+00
  1.250000e+00   1.644761e-01   9.835381e-01   9.005314e+01   1.136291e-05   1.271814e-04   1.173519e-02   1.200253e+02   5.670269e+00
  1.300000e+00   2.253376e-01   1.426873e+00   8.619430e+01   2.042112e-05   2.313188e-04   1.406396e-02   1.200322e+02   4.364983e+00
  1.350000e+00   3.158678e-01   2.158122e+00   8.034434e+01   3.691659e-05   4.240503e-04   1.588420e-02   1.200419e+02   2.426081e+00
  1.400000e+00   4.561817e-01   3.397087e+00   7.115133e+01   6.717351e-05   7.678793e-04   1.613376e-02   1.200557e+02  -5.652406e-01
  1.450000e+00   6.587359e-01   4.052905e+00   6.470195e+01   9.953631e-05  -4.749901e-04  -1.170897e-02   1.200820e+02  -2.311586e+00
  1.500000e+00   8.425178e-01   3.447248e+00   6.476585e+01   6.488541e-05   7.378672e-04   1.169952e-02   1.200334e+02  -2.240546e+00
  1.550000e+00   1.006986e+00   3.152979e+00   6.483469e+01   1.542356e-05  -2.180873e-03  -4.601507e-02   1.200706e+02  -2.201064e+00
  1.600000e+00   1.161527e+00   3.033139e+00   6.479764e+01   4.012652e-05   1.060995e-03   1.607874e-02   1.199599e+02  -2.183432e+00
  1.650000e+00   1.308919e+00   2.926302e+00   6.481786e+01   2.245781e-05   1.758586e-03   4.233792e-02   1.199465e+02  -2.166196e+00
  1.700000e+00   1.450651e+00   2.817934e+00   6.489780e+01   4.249639e-05  -2.045920e-03  -5.105669e-02   1.200420e+02  -2.148285e+00
  1.750000e+00   1.590165e+00   2.785555e+00   6.498302e+01  -3.592750e-05  -3.169358e-04  -6.462915e-03   1.201829e+02  -2.142768e+00
  1.800000e+00   1.730646e+00   2.801232e+00   6.476653e+01   4.583141e-06   1.327459e-03   2.827081e-02   1.198102e+02  -2.147080e+00
  1.850000e+00   1.868688e+00   2.763283e+00   6.492043e+01  -1.572078e-05   8.171329e-04   2.611323e-02   1.200704e+02  -2.140021e+00
  1.900000e+00   2.004895e+00   2.683153e+00   6.490037e+01   4.374485e-05  -1.685791e-03  -4.585026e-02   1.200440e+02  -2.130497e+00
  1.950000e+00   2.135123e+00   2.660140e+00   6.481365e+01  -2.819004e-05  -7.317253e-05   2.791848e-03   1.197992e+02  -2.119701e+00
  2.000000e+00   2.264016e+00   2.471815e+00   6.499365e+01  -3.246831e-05  -3.107163e-03  -8.762864e-02   1.201642e+02  -2.097254e+00
  2.050000e+00   2.386055e+00   2.471102e+00   6.488108e+01  -1.311565e-04   9.725260e-04   3.490952e-02   1.198862e+02  -2.090165e+00
  2.100000e+00   2.503748e+00   2.253190e+00   6.496176e+01   1.404564e-04   3.768520e-03   9.086202e-02   1.200236e+02  -2.057340e+00
  2.150000e+00   2.611416e+00   2.122788e+00   6.501261e+01   6.831748e-06  -2.659443e-03  -7.412650e-02   1.200086e+02  -2.025989e+00
  2.200000e+00   2.716699e+00   2.034290e+00   6.504670e+01  -3.781853e-05  -1.707792e-03  -5.837844e-02   1.201014e+02  -2.014236e+00
  2.250000e+00   2.810123e+00   1.787636e+00   6.502906e+01  -3.836852e-05   1.934541e-03   7.017585e-02   1.199243e+02  -1.955970e+00
  2.300000e+00   2.901781e+00   1.801407e+00   6.508113e+01  -7.985561e-06   7.161157e-04   3.088981e-02   1.200457e+02  -1.960354e+00
  2.350000e+00   2.986044e+00   1.637693e+00   6.507359e+01   3.453558e-05  -1.085179e-03  -5.279249e-02   1.199199e+02  -1.916796e+00
  2.400000e+00   3.068422e+00   1.593388e+00   6.517561e+01  -5.092482e-05   5.067529e-04   2.991586e-02   1.201468e+02  -1.911161e+00
  2.450000e+00   3.138731e+00   1.296015e+00   6.514865e+01   1.989326e-05   4.122135e-04   1.316012e-02   1.199679e+02  -1.829870e+00
  2.500000e+00   3.205696e+00   1.381073e+00   6.526359e+01  -3.233565e-05  -1.436743e-03  -6.969247e-02   1.200537e+02  -1.833892e+00
  2.550000e+00   3.269220e+00   1.167517e+00   6.508239e+01  -9.329548e-05   3.755827e-04   3.282855e-02   1.197870e+02  -1.788634e+00
  2.600000e+00   3.326341e+00   1.148800e+00   6.541157e+01  -2.994839e-05  -2.002487e-04  -2.099945e-02   1.202119e+02  -1.760100e+00
  2.650000e+00   3.377425e+00   9.124490e-01   6.524204e+01  -5.217188e-05   4.034596e-04   3.242173e-02   1.199529e+02  -1.694974e+00
  2.700000e+00   3.423282e+00   9.669037e-01   6.543443e+01  -1.393879e-05   1.137984e-03   7.906418e-02   1.199869e+02  -1.670662e+00
  2.750000e+00   3.469386e+00   8.186898e-01   6.534006e+01  -5.448309e-07  -1.138363e-03  -9.901221e-02   1.200757e+02  -1.652226e+00
  2.800000e+00   3.505248e+00   7.086485e-01   6.548224e+01  -4.787192e-05  -5.949862e-05   1.478428e-03   1.200011e+02  -1.564797e+00
  2.850000e+00   3.542146e+00   6.977991e-01   6.551607e+01  -2.488960e-05   3.051598e-04   2.531555e-02   1.201255e+02  -1.564881e+00
  2.900000e+00   3.571940e+00   5.648876e-01   6.547055e+01  -2.920413e-05  -1.979541e-04  -2.386008e-02   1.199204e+02  -1.486722e+00
  2.950000e+00   3.601978e+00   6.122520e-01   6.559178e+01  -4.850425e-05  -2.702698e-04  -2.418123e-02   1.199607e+02  -1.482418e+00
  3.000000e+00   3.628163e+00   4.596043e-01   6.551959e+01  -3.217171e-05   4.587617e-04   6.467251e-02   1.200251e+02  -1.425992e+00
  3.050000e+00   3.653063e+00   5.365880e-01   6.573954e+01  -9.675255e-06   4.438944e-04   5.245220e-02   1.200014e+02  -1.409181e+00
  3.100000e+00   3.677778e+00   4.478980e-01   6.555531e+01  -1.371679e-05  -4.500408e-04  -6.823784e-02   1.199270e+02  -1.392816e+00
  3.150000e+00   3.699847e+00   4.605872e-01   6.579752e+01  -3.728458e-05  -4.049832e-04  -5.636692e-02   1.200822e+02  -1.360520e+00
  3.200000e+00   3.724551e+00   5.001358e-01   6.574141e+01  -4.746732e-05  -2.471643e-05  -1.504640e-03   1.199896e+02  -1.384595e+00
  3.250000e+00   3.748659e+00   4.828978e-01   6.571359e+01  -3.645498e-05   4.073880e-04   5.662011e-02   1.199832e+02  -1.382246e+00
  3.300000e+00   3.774064e+00   5.164104e-01   6.573902e+01  -1.490175e-05   3.826257e-04   4.765188e-02   1.200213e+02  -1.399949e+00
  3.350000e+00   3.798414e+00   4.690499e-01   6.571836e+01  -1.415689e-05  -3.156836e-04  -4.628027e-02   1.200944e+02  -1.388181e+00
  3.400000e+00   3.822388e+00   4.932860e-01   6.576522e+01  -2.087581e-05   1.767371e-04   2.617783e-02   1.200455e+02  -1.383525e+00
  3.450000e+00   3.846829e+00   4.751515e-01   6.566455e+01  -1.799719e-05  -3.144485e-04  -4.867529e-02   1.199559e+02  -1.385583e+00
  3.500000e+00   3.870675e+00   4.858934e-01   6.569402e+01  -4.447515e-05  -3.121914e-04  -3.673715e-02   1.199271e+02  -1.380635e+00
  3.550000e+00   3.895394e+00   5.006917e-01   6.579592e+01  -3.325647e-05   4.045194e-04   5.230533e-02   1.201150e+02  -1.389913e+00
  3.600000e+00   3.921061e+00   5.209444e-01   6.573917e+01  -2.485405e-05   3.273937e-05   4.519607e-03   1.200321e+02  -1.404792e+00
  3.650000e+00   3.946851e+00   5.079859e-01   6.565401e+01  -1.268400e-05   3.639123e-04   4.637530e-02   1.199566e+02  -1.408902e+00
  3.700000e+00   3.972327e+00   5.196568e-01   6.567513e+01  -1.219328e-05  -2.831248e-04  -3.676786e-02   1.199356e+02  -1.407621e+00
  3.750000e+00   3.998794e+00   5.283596e-01   6.568779e+01  -2.163121e-05  -1.641103e-04  -2.235794e-02   1.200047e+02  -1.418802e+00
  3.800000e+00   4.025211e+00   5.353534e-01   6.567746e+01  -4.407990e-05  -4.999451e-04  -5.923788e-02   1.199730e+02  -1.421511e+00
  3.850000e+00   4.052344e+00   5.383306e-01   6.565858e+01  -4.135220e-05   5.761044e-04   7.472260e-02   1.199922e+02  -1.430343e+00
  3.900000e+00   4.078725e+00   5.263338e-01   6.569932e+01  -9.216333e-06   2.850308e-04   2.938022e-02   1.200608e+02  -1.423295e+00
  3.950000e+00   4.105104e+00   5.248853e-01   6.568977e+01  -2.413374e-05  -4.001178e-04  -4.776968e-02   1.200402e+02  -1.421650e+00
  4.000000e+00   4.131095e+00   5.186163e-01   6.572592e+01  -2.883238e-05  -1.050712e-05  -2.184959e-03   1.200933e+02  -1.416401e+00
  4.050000e+00   4.157823e+00   5.523432e-01   6.574487e+01  -2.915176e-05   1.699557e-04   2.324418e-02   1.200610e+02  -1.425871e+00
  4.100000e+00   4.186194e+00   5.732453e-01   6.566407e+01  -5.079782e-06   5.239919e-04   5.828664e-02   1.199826e+02  -1.446970e+00
  4.150000e+00   4.214778e+00   5.658755e-01   6.558462e+01  -8.874915e-07  -2.560388e-04  -3.153612e-02   1.199103e+02  -1.453519e+00
  4.200000e+00   4.242302e+00   5.440426e-01   6.561275e+01  -1.532335e-05  -2.411320e-04  -2.882233e-02   1.199611e+02  -1.442087e+00
  4.250000e+00   4.270392e+00   5.794768e-01   6.567195e+01  -2.543773e-05  -1.238594e-04  -1.279633e-02   1.199845e+02  -1.448845e+00
  4.300000e+00   4.299857e+00   5.914936e-01   6.562827e+01  -2.382057e-05   1.022712e-04   1.139374e-02   1.199735e+02  -1.464889e+00
  4.350000e+00   4.329662e+00   6.010354e-01   6.568379e+01  -2.595016e-05  -2.576543e-04  -3.028402e-02   1.200940e+02  -1.472689e+00
  4.400000e+00   4.359721e+00   5.982303e-01   6.570558e+01  -4.183800e-05  -1.328139e-04  -1.173161e-02   1.201710e+02  -1.476548e+00
  4.450000e+00   4.389516e+00   5.963926e-01   6.567079e+01  -3.561083e-05   1.254853e-04   1.249129e-02   1.200996e+02  -1.474656e+00
  4.500000e+00   4.419501e+00   6.025995e-01   6.558438e+01  -3.265219e-05   1.949319e-04   2.390214e-02   1.199337e+02  -1.476697e+00
  4.550000e+00   4.450227e+00   6.285771e-01   6.554896e+01  -3.857973e-06   7.308968e-04   7.577458e-02   1.198464e+02  -1.486569e+00
  4.600000e+00   4.482614e+00   6.576088e-01   6.557160e+01   1.982248e-05   1.747835e-04   1.476037e-02   1.199351e+02  -1.506948e+00
  4.650000e+00   4.515341e+00   6.481929e-01   6.559412e+01   7.007738e-06  -5.512475e-04  -5.778049e-02   1.200474e+02  -1.512707e+00
  4.700000e+00   4.547377e+00   6.387952e-01   6.560334e+01  -3.044647e-05  -7.729504e-04  -7.831264e-02   1.200507e+02  -1.506608e+00
  4.750000e+00   4.579917e+00   6.629696e-01   6.560338e+01  -5.012224e-05  -1.301974e-05   1.618943e-03   1.200138e+02  -1.512686e+00
  4.800000e+00   4.613302e+00   6.650517e-01   6.558102e+01  -3.488738e-05   4.115538e-04   4.069132e-02   1.200285e+02  -1.521361e+00
  4.850000e+00   4.646670e+00   6.772716e-01   6.557304e+01  -1.389578e-05   4.367165e-04   4.233415e-02   1.199884e+02  -1.523799e+00
  4.900000e+00   4.681388e+00   7.000669e-01   6.553760e+01   4.134465e-06   2.006993e-04   1.684097e-02   1.199599e+02  -1.538680e+00
  4.950000e+00   4.715706e+00   6.737937e-01   6.551500e+01  -5.628809e-06  -4.442643e-04  -4.410465e-02   1.199708e+02  -1.534492e+00
  5.000000e+00   4.749159e+00   6.714439e-01   6.558484e+01  -2.280373e-05  -1.317409e-04  -1.082360e-02   1.200471e+02  -1.526355e+00
  5.050000e+00   4.783297e+00   6.908988e-01   6.564355e+01  -1.650179e-05   2.099735e-04   1.954655e-02   1.201409e+02  -1.533048e+00
  5.100000e+00   4.818239e+00   7.069770e-01   6.560006e+01  -1.778544e-05  -2.710693e-04  -2.678234e-02   1.200760e+02  -1.542383e+00
  5.150000e+00   4.854514e+00   7.394837e-01   6.552953e+01  -3.667590e-05  -2.967170e-04  -2.474066e-02   1.199636e+02  -1.558585e+00
  5.200000e+00   4.891846e+00   7.464371e-01   6.546909e+01  -3.387331e-05   3.074075e-04   2.816617e-02   1.199159e+02  -1.570197e+00
  5.250000e+00   4.928650e+00   7.277772e-01   6.547509e+01  -1.529782e-05   3.207507e-04   2.811427e-02   1.199478e+02  -1.565459e+00
  5.300000e+00   4.964731e+00   7.172658e-01   6.550180e+01  -7.766134e-06  -3.837211e-06  -1.697842e-03   1.199767e+02  -1.558106e+00
  5.350000e+00   4.999936e+00   6.898629e-01   6.554604e+01  -2.124079e-05  -4.289092e-04  -4.120671e-02   1.200652e+02  -1.546959e+00
  5.400000e+00   5.033069e+00   6.404064e-01   6.554551e+01  -3.473536e-05  -2.549275e-05  -2.798397e-04   1.200527e+02  -1.522509e+00
  5.450000e+00   5.063891e+00   6.031930e-01   6.553887e+01  -2.050093e-05   4.433261e-04   4.883515e-02   1.199674e+02  -1.494031e+00
  5.500000e+00   5.094084e+00   6.109999e-01   6.561149e+01   1.001425e-06   3.528534e-04   3.679552e-02   1.199993e+02  -1.483546e+00
  5.550000e+00   5.125643e+00   6.483374e-01   6.568112e+01   8.136538e-06  -4.692140e-05  -6.398362e-03   1.201000e+02  -1.497797e+00
  5.600000e+00   5.159201e+00   6.886840e-01   6.564247e+01  -8.659173e-06  -5.508025e-04  -5.378255e-02   1.200716e+02  -1.522484e+00
  5.650000e+00   5.194966e+00   7.384226e-01   6.558538e+01  -4.194417e-05  -6.200559e-04  -5.355515e-02   1.200129e+02  -1.550810e+00
  5.700000e+00   5.233926e+00   8.138569e-01   6.556440e+01  -5.269767e-05   1.120446e-04   1.048981e-02   1.200297e+02  -1.589032e+00
  5.750000e+00   5.276555e+00   8.732810e-01   6.546651e+01  -4.377280e-05   8.991107e-05   5.913018e-03   1.199732e+02  -1.627918e+00
  5.800000e+00   5.320034e+00   8.555414e-01   6.537669e+01  -4.277282e-05   7.098621e-05   6.278472e-03   1.199123e+02  -1.635644e+00
  5.850000e+00   5.360966e+00   7.881210e-01   6.536258e+01  -2.771780e-05   4.749138e-04   4.041601e-02   1.198914e+02  -1.610922e+00
  5.900000e+00   5.398703e+00   7.355728e-01   6.544676e+01   6.993671e-07   5.638629e-04   4.965249e-02   1.199667e+02  -1.578882e+00
  5.950000e+00   5.435569e+00   7.497584e-01   6.557219e+01   1.747629e-05   9.378468e-05   6.380182e-03   1.200869e+02  -1.569672e+00
  6.000000e+00   5.474643e+00   8.054088e-01   6.558140e+01   1.022136e-05  -2.114011e-04  -1.685547e-02   1.201052e+02  -1.591871e+00
  6.050000e+00   5.515869e+00   8.343363e-01   6.550712e+01   4.744256e-06  -7.478297e-05  -6.250945e-03   1.200468e+02  -1.613621e+00
  6.100000e+00   5.557996e+00   8.483519e-01   6.548216e+01  -9.908238e-06  -5.031204e-04  -3.988374e-02   1.200382e+02  -1.624026e+00
  6.150000e+00   5.600554e+00   8.503276e-01   6.546569e+01  -3.823430e-05  -5.001378e-04  -3.770612e-02   1.200351e+02  -1.628423e+00
  6.200000e+00   5.642635e+00   8.330028e-01   6.543709e+01  -5.537540e-05  -2.519805e-04  -1.938052e-02   1.199935e+02  -1.623501e+00
  6.250000e+00   5.683705e+00   8.130943e-01   6.543798e+01  -6.173461e-05  -6.547632e-06   2.754070e-04   1.199782e+02  -1.613659e+00
  6.300000e+00   5.723793e+00   7.933057e-01   6.544220e+01  -5.700884e-05   1.096002e-04   8.810570e-03   1.199661e+02  -1.603259e+00
  6.350000e+00   5.763416e+00   7.989418e-01   6.546499e+01  -5.223302e-05   1.542826e-04   1.363145e-02   1.199609e+02  -1.599175e+00
  6.400000e+00   5.804479e+00   8.377752e-01   6.547248e+01  -2.749302e-05   8.081284e-04   6.493343e-02   1.199760e+02  -1.613944e+00
  6.450000e+00   5.846470e+00   8.326270e-01   6.546265e+01   2.519015e-05   1.096874e-03   8.565876e-02   1.200273e+02  -1.621397e+00
  6.500000e+00   5.887351e+00   8.104185e-01   6.547494e+01   6.210373e-05   3.397978e-04   2.447585e-02   1.200372e+02  -1.611541e+00
  6.550000e+00   5.928171e+00   8.246438e-01   6.548601e+01   4.690018e-05  -7.741071e-04  -6.392696e-02   1.200213e+02  -1.611957e+00
  6.600000e+00   5.969956e+00   8.426244e-01   6.548740e+01  -9.249883e-06  -1.232815e-03  -9.548293e-02   1.200405e+02  -1.620892e+00
  6.650000e+00   6.012333e+00   8.497578e-01   6.547299e+01  -5.801380e-05  -6.652528e-04  -4.900118e-02   1.200375e+02  -1.626751e+00
  6.700000e+00   6.054831e+00   8.504386e-01   6.546158e+01  -6.757902e-05   1.148077e-04   1.015856e-02   1.200247e+02  -1.628192e+00
  6.750000e+00   6.097772e+00   8.701067e-01   6.546047e+01  -5.224324e-05   4.127985e-04   3.160222e-02   1.200091e+02  -1.633622e+00
  6.800000e+00   6.142511e+00   9.147912e-01   6.543172e+01  -2.370484e-05   6.944722e-04   5.014521e-02   1.199729e+02  -1.651570e+00
  6.850000e+00   6.189581e+00   9.642429e-01   6.542390e+01   1.167695e-05   6.105768e-04   4.023036e-02   1.199979e+02  -1.673669e+00
  6.900000e+00   6.240557e+00   1.079513e+00   6.543686e+01   2.098554e-05  -2.158722e-04  -1.503857e-02   1.200372e+02  -1.712158e+00
  6.950000e+00   6.302452e+00   1.401925e+00   6.536891e+01  -1.586182e-05  -1.069198e-03  -5.014192e-02   1.200006e+02  -1.809190e+00
  7.000000e+00   6.388513e+00   1.979900e+00   6.515739e+01  -7.274058e-05  -9.755840e-04  -3.082391e-02   1.199716e+02  -1.968624e+00
  7.050000e+00   6.498632e+00   2.281560e+00   6.497008e+01  -8.445592e-05   4.028084e-04   1.276325e-02   1.199728e+02  -2.054562e+00
  7.100000e+00   6.604972e+00   1.936687e+00   6.496435e+01  -4.285842e-05   8.775479e-04   2.912680e-02   1.200004e+02  -2.003012e+00
  7.150000e+00   6.687918e+00   1.482639e+00   6.508711e+01  -2.323873e-05  -1.872067e-05  -2.040557e-03   1.200193e+02  -1.892577e+00
  7.200000e+00   6.757674e+00   1.374761e+00   6.520055e+01  -3.899292e-05  -4.358760e-04  -2.087319e-02   1.199960e+02  -1.840423e+00
  7.250000e+00   6.826394e+00   1.353365e+00   6.519763e+01  -6.629842e-05  -6.720349e-04  -3.299925e-02   1.199949e+02  -1.835258e+00
  7.300000e+00   6.889697e+00   1.195086e+00   6.526462e+01  -9.843990e-05  -3.875194e-04  -1.908324e-02   1.200901e+02  -1.792033e+00
  7.350000e+00   6.947537e+00   1.155898e+00   6.535733e+01  -7.385299e-05   1.192677e-03   6.987101e-02   1.201097e+02  -1.762533e+00
  7.400000e+00   7.006474e+00   1.185164e+00   6.529663e+01  -2.259787e-06   1.211864e-03   6.444533e-02   1.200104e+02  -1.771613e+00
  7.450000e+00   7.064538e+00   1.142113e+00   6.525183e+01   1.585761e-05  -2.419107e-04  -1.584334e-02   1.199385e+02  -1.761326e+00
  7.500000e+00   7.121439e+00   1.140164e+00   6.527941e+01  -1.340435e-05  -7.072846e-04  -4.066843e-02   1.199500e+02  -1.755705e+00
  7.550000e+00   7.177985e+00   1.116561e+00   6.530627e+01  -4.715791e-05  -5.654219e-04  -3.211256e-02   1.200137e+02  -1.750759e+00
  7.600000e+00   7.233115e+00   1.100935e+00   6.533273e+01  -5.192035e-05   3.525402e-04   2.299330e-02   1.200223e+02  -1.741295e+00
  7.650000e+00   7.288572e+00   1.110796e+00   6.530868e+01  -1.870596e-05   6.253213e-04   3.530712e-02   1.199814e+02  -1.744346e+00
  7.700000e+00   7.343489e+00   1.089190e+00   6.530886e+01  -1.867875e-05  -5.025448e-04  -3.205523e-02   1.199842e+02  -1.738527e+00
  7.750000e+00   7.398017e+00   1.093109e+00   6.532261e+01  -5.595673e-05  -6.970404e-04  -4.039991e-02   1.199912e+02  -1.737203e+00
  7.800000e+00   7.451643e+00   1.043973e+00   6.532520e+01  -6.195079e-05   3.894133e-04   2.665594e-02   1.200258e+02  -1.726282e+00
  7.850000e+00   7.501680e+00   9.774200e-01   6.537666e+01  -2.764117e-05   6.784753e-04   4.435147e-02   1.200564e+02  -1.697453e+00
  7.900000e+00   7.551064e+00   1.009184e+00   6.540642e+01  -1.343719e-05  -4.665010e-05  -4.544750e-03   1.200268e+02  -1.696445e+00
  7.950000e+00   7.603373e+00   1.067244e+00   6.536356e+01  -3.240733e-05  -5.949172e-04  -3.729707e-02   1.199976e+02  -1.720426e+00
  8.000000e+00   7.656125e+00   1.030395e+00   6.534742e+01  -6.905668e-05  -7.139923e-04  -4.449114e-02   1.200441e+02  -1.719143e+00
  8.050000e+00   7.705624e+00   9.679259e-01   6.539558e+01  -7.858317e-05   3.739905e-04   2.866553e-02   1.200801e+02  -1.692883e+00
  8.100000e+00   7.754037e+00   9.736514e-01   6.538361e+01  -2.685588e-05   1.293882e-03   8.653523e-02   1.199962e+02  -1.686349e+00
  8.150000e+00   7.802570e+00   9.614129e-01   6.535062e+01   1.236167e-05   1.959701e-04   1.002647e-02   1.199572e+02  -1.685056e+00
  8.200000e+00   7.849480e+00   9.182438e-01   6.535367e+01  -6.474425e-06  -5.888465e-04  -4.196001e-02   1.199569e+02  -1.669835e+00
  8.250000e+00   7.893828e+00   8.619736e-01   6.538032e+01  -2.644358e-05  -1.874548e-04  -1.301089e-02   1.199747e+02  -1.645840e+00
  8.300000e+00   7.935696e+00   8.254988e-01   6.544279e+01  -2.637450e-05   8.178118e-05   6.677732e-03   1.200175e+02  -1.622768e+00
  8.350000e+00   7.977159e+00   8.365199e-01   6.549414e+01  -2.160328e-05   9.261067e-05   7.141797e-03   1.200559e+02  -1.619164e+00
  8.400000e+00   8.019190e+00   8.368592e-01   6.547537e+01  -2.084777e-05  -8.947604e-05  -7.868151e-03   1.200498e+02  -1.622883e+00
  8.450000e+00   8.059861e+00   7.917487e-01   6.543595e+01  -3.398143e-05  -3.540055e-04  -2.946146e-02   1.199959e+02  -1.608208e+00
  8.500000e+00   8.098219e+00   7.517913e-01   6.546347e+01  -4.568687e-05  -3.757785e-05  -1.395309e-03   1.199951e+02  -1.585179e+00
  8.550000e+00   8.134796e+00   7.119679e-01   6.549283e+01  -2.880351e-05   5.740679e-04   5.385265e-02   1.200223e+02  -1.564366e+00
  8.600000e+00   8.168561e+00   6.463154e-01   6.551519e+01  -4.875197e-06   2.231643e-04   1.960735e-02   1.200385e+02  -1.531224e+00
  8.650000e+00   8.199552e+00   6.072584e-01   6.556316e+01  -2.070496e-05  -6.757706e-04  -7.499152e-02   1.200214e+02  -1.497561e+00
  8.700000e+00   8.230238e+00   6.273440e-01   6.559926e+01  -5.498098e-05  -4.622023e-04  -4.473146e-02   1.199673e+02  -1.490415e+00
  8.750000e+00   8.263372e+00   6.924124e-01   6.561047e+01  -4.221195e-05   8.148154e-04   8.022513e-02   1.199687e+02  -1.517883e+00
  8.800000e+00   8.299184e+00   7.216271e-01   6.556007e+01   6.337005e-06   7.658748e-04   6.637175e-02   1.200095e+02  -1.549075e+00
  8.850000e+00   8.333829e+00   6.617573e-01   6.549303e+01   1.030599e-05  -3.938660e-04  -4.176011e-02   1.199949e+02  -1.537700e+00
  8.900000e+00   8.364767e+00   5.906518e-01   6.549641e+01  -2.000086e-05  -6.222688e-04  -6.842220e-02   1.199524e+02  -1.496483e+00
  8.950000e+00   8.393405e+00   5.670428e-01   6.559990e+01  -4.010230e-05  -1.701066e-04  -1.714336e-02   1.200080e+02  -1.465080e+00
  9.000000e+00   8.422372e+00   5.947575e-01   6.569918e+01  -2.799408e-05   5.586724e-04   6.391198e-02   1.200828e+02  -1.464139e+00
  9.050000e+00   8.453327e+00   6.346930e-01   6.567013e+01   8.240985e-06   6.761470e-04   6.805079e-02   1.200517e+02  -1.486880e+00
  9.100000e+00   8.485217e+00   6.327118e-01   6.557425e+01   1.850879e-05  -2.136782e-04  -2.538850e-02   1.199749e+02  -1.499901e+00
  9.150000e+00   8.515875e+00   5.962692e-01   6.555229e+01  -1.016582e-05  -7.107737e-04  -7.835853e-02   1.199737e+02  -1.487469e+00
  9.200000e+00   8.544634e+00   5.602851e-01   6.560965e+01  -3.909985e-05  -4.079585e-04  -4.602285e-02   1.200445e+02  -1.463693e+00
  9.250000e+00   8.571919e+00   5.379233e-01   6.568411e+01  -4.682784e-05   2.106136e-05   4.034622e-03   1.201144e+02  -1.441846e+00
  9.300000e+00   8.599096e+00   5.552344e-01   6.570330e+01  -3.679208e-05   3.219283e-04   3.895301e-02   1.200491e+02  -1.437096e+00
  9.350000e+00   8.628220e+00   6.027598e-01   6.562463e+01  -1.534923e-05   4.891229e-04   5.349444e-02   1.198928e+02  -1.460046e+00
  9.400000e+00   8.658830e+00   6.107246e-01   6.555439e+01   1.044589e-05   5.078109e-04   5.416098e-02   1.198787e+02  -1.480311e+00
  9.450000e+00   8.688714e+00   5.892447e-01   6.561084e+01   2.714597e-05   1.124303e-04   9.895893e-03   1.200210e+02  -1.475424e+00
  9.500000e+00   8.718294e+00   5.979928e-01   6.568749e+01   9.026739e-06  -7.410134e-04  -8.421046e-02   1.201094e+02  -1.472584e+00
  9.550000e+00   8.748630e+00   6.103712e-01   6.565448e+01  -4.043885e-05  -9.995085e-04  -1.060498e-01   1.200619e+02  -1.480438e+00
  9.600000e+00   8.779099e+00   6.090723e-01   6.561700e+01  -6.887099e-05  -1.494951e-04  -1.245809e-02   1.200145e+02  -1.483011e+00
  9.650000e+00   8.809896e+00   6.238985e-01   6.561242e+01  -5.299537e-05   5.727771e-04   6.136183e-02   1.199900e+02  -1.488143e+00
  9.700000e+00   8.841394e+00   6.274839e-01   6.556720e+01  -2.161831e-05   5.881179e-04   6.079364e-02   1.199547e+02  -1.496266e+00
  9.750000e+00   8.871204e+00   5.629148e-01   6.552091e+01   7.016245e-07   3.366265e-04   3.844965e-02   1.199591e+02  -1.475699e+00
  9.800000e+00   8.897029e+00   4.875972e-01   6.557490e+01   1.049836e-05   8.071541e-05   9.609760e-03   1.200042e+02  -1.425161e+00
  9.850000e+00   8.920784e+00   4.736856e-01   6.571444e+01   7.161756e-06  -1.569282e-04  -2.237928e-02   1.200766e+02  -1.389846e+00
  9.900000e+00   8.944876e+00   4.896544e-01   6.579853e+01  -2.786891e-06  -2.238031e-04  -3.042651e-02   1.201309e+02  -1.384936e+00
  9.950000e+00   8.970242e+00   5.256963e-01   6.578397e+01  -1.858499e-05  -4.053219e-04  -5.136107e-02   1.200607e+02  -1.400278e+00
  1.000000e+01   8.998412e+00   5.952239e-01   6.568854e+01  -3.984057e-05  -3.520863e-04  -3.726958e-02   1.199005e+02  -1.440331e+00
  1.005000e+01   9.029761e+00   6.408922e-01   6.557079e+01  -4.175819e-05   2.278512e-04   2.521009e-02   1.198460e+02  -1.485979e+00
  1.010000e+01   9.060946e+00   5.987984e-01   6.555427e+01  -2.103812e-05   4.623340e-04   5.062324e-02   1.199878e+02  -1.489804e+00
  1.015000e+01   9.088732e+00   5.259127e-01   6.562875e+01  -2.647718e-07   3.929982e-04   4.924947e-02   1.201267e+02  -1.451295e+00
  1.020000e+01   9.114022e+00   4.982173e-01   6.569037e+01   1.970400e-05   3.790644e-04   4.924998e-02   1.201000e+02  -1.414987e+00
  1.025000e+01   9.139163e+00   5.094408e-01   6.569998e+01   2.800264e-05  -7.374914e-05  -1.237627e-02   1.200052e+02  -1.405056e+00
  1.030000e+01   9.165127e+00   5.248516e-01   6.569014e+01   6.696614e-06  -6.413091e-04  -8.153759e-02   1.199786e+02  -1.412480e+00
  1.035000e+01   9.191084e+00   5.077433e-01   6.564979e+01  -2.751990e-05  -6.377770e-04  -8.173466e-02   1.199790e+02  -1.412900e+00
  1.040000e+01   9.214877e+00   4.473060e-01   6.561262e+01  -5.277504e-05  -4.089768e-04  -5.929512e-02   1.199787e+02  -1.384548e+00
  1.045000e+01   9.235318e+00   3.814944e-01   6.564140e+01  -6.632146e-05  -1.374914e-04  -2.152654e-02   1.200040e+02  -1.333190e+00
  1.050000e+01   9.252978e+00   3.340285e-01   6.569289e+01  -6.009782e-05   3.378609e-04   6.980131e-02   1.200000e+02  -1.279049e+00
  1.055000e+01   9.268631e+00   2.981075e-01   6.572708e+01  -3.401885e-05   5.862857e-04   1.294300e-01   1.199633e+02  -1.230175e+00
  1.060000e+01   9.282699e+00   2.697362e-01   6.579004e+01  -1.164320e-05   2.724775e-04   6.252255e-02   1.199839e+02  -1.186171e+00
  1.065000e+01   9.295520e+00   2.460058e-01   6.586440e+01  -1.216617e-05  -1.986839e-04  -5.622701e-02   1.200429e+02  -1.146906e+00
  1.070000e+01   9.306981e+00   2.151679e-01   6.588066e+01  -2.563327e-05  -2.482508e-04  -7.453132e-02   1.200648e+02  -1.105924e+00
  1.075000e+01   9.316819e+00   1.836409e-01   6.588077e+01  -3.154388e-05  -2.106629e-05  -5.495346e-03   1.200544e+02  -1.058026e+00
  1.080000e+01   9.325273e+00   1.583384e-01   6.588524e+01  -3.049403e-05   1.338278e-05   4.351947e-03   1.200206e+02  -1.008070e+00
  1.085000e+01   9.332453e+00   1.319114e-01   6.586841e+01  -3.296031e-05  -9.362231e-05  -4.822650e-02   1.200008e+02  -9.562538e-01
  1.090000e+01   9.338277e+00   1.050310e-01   6.585839e+01  -3.786964e-05  -7.846263e-05  -4.776591e-02   1.200421e+02  -8.994737e-01
  1.095000e+01   9.342876e+00   8.304077e-02   6.584335e+01  -3.879479e-05   2.994852e-05   2.676088e-02   1.200609e+02  -8.392284e-01
  1.100000e+01   9.346605e+00   6.938152e-02   6.584772e+01  -3.483641e-05   1.072961e-04   1.036272e-01   1.200222e+02  -7.805389e-01
  1.105000e+01   9.349868e+00   6.277434e-02   6.590979e+01  -2.908347e-05   1.096168e-04   1.141181e-01   1.199886e+02  -7.283699e-01
  1.110000e+01   9.352870e+00   5.779595e-02   6.597230e+01  -2.524228e-05   4.454082e-05   4.775368e-02   1.199746e+02  -6.834856e-01
  1.115000e+01   9.355575e+00   5.097374e-02   6.598654e+01  -2.541847e-05  -3.736513e-05  -5.144411e-02   1.199751e+02  -6.425273e-01
  1.120000e+01   9.357895e+00   4.282356e-02   6.595910e+01  -2.841463e-05  -6.595037e-05  -1.016963e-01   1.199886e+02  -6.021495e-01
  1.125000e+01   9.359802e+00   3.462172e-02   6.588620e+01  -3.084760e-05  -2.990464e-05  -5.426514e-02   1.199813e+02  -5.609668e-01
  1.130000e+01   9.361320e+00   2.732628e-02   6.579545e+01  -3.117624e-05   6.900527e-06   1.832677e-02   1.199757e+02  -5.188641e-01
  1.135000e+01   9.362534e+00   2.234071e-02   6.575275e+01  -3.061701e-05   1.036452e-05   2.983608e-02   1.199934e+02  -4.770560e-01
  1.140000e+01   9.363563e+00   1.944191e-02   6.576435e+01  -3.042279e-05  -1.511230e-06  -6.468404e-03   1.200136e+02  -4.372939e-01
  1.145000e+01   9.364477e+00   1.745352e-02   6.580319e+01  -3.075221e-05  -9.150955e-06  -3.498991e-02   1.200473e+02  -4.002618e-01
  1.150000e+01   9.365305e+00   1.596460e-02   6.585457e+01  -3.121560e-05  -8.389276e-06  -3.416336e-02   1.200863e+02  -3.658517e-01
  1.155000e+01   9.366077e+00   1.510892e-02   6.589395e+01  -3.147145e-05  -1.818044e-06  -6.597714e-03   1.200595e+02  -3.340488e-01
  1.160000e+01   9.366806e+00   1.400808e-02   6.587049e+01  -3.128649e-05   7.686806e-06   3.748910e-02   1.199754e+02  -3.046261e-01
  1.165000e+01   9.367443e+00   1.166050e-02   6.577880e+01  -3.077909e-05   1.080414e-05   6.128861e-02   1.199624e+02  -2.761615e-01
  1.170000e+01   9.367966e+00   9.749646e-03   6.572319e+01  -3.027223e-05   9.580591e-06   6.457212e-02   1.199970e+02  -2.478807e-01
  1.175000e+01   9.368437e+00   9.373002e-03   6.575745e+01  -2.983288e-05   7.908124e-06   5.475320e-02   1.199569e+02  -2.208912e-01
  1.180000e+01   9.368912e+00   9.576333e-03   6.583590e+01  -2.955851e-05   3.214738e-06   2.077162e-02   1.199121e+02  -1.961074e-01
  1.185000e+01   9.369388e+00   9.399915e-03   6.591413e+01  -2.955471e-05  -2.145088e-06  -1.615841e-02   1.199515e+02  -1.732329e-01
  1.190000e+01   9.369843e+00   8.832602e-03   6.596480e+01  -2.978706e-05  -6.508936e-06  -4.980043e-02   1.200234e+02  -1.515751e-01
  1.195000e+01   9.370263e+00   8.032915e-03   6.597751e+01  -3.022540e-05  -1.028185e-05  -8.552205e-02   1.200880e+02  -1.306696e-01
  1.200000e+01   9.370638e+00   7.125728e-03   6.597081e+01  -3.077635e-05  -1.091014e-05  -1.008361e-01   1.201621e+02  -1.102055e-01
