# problem = TPV102
# author = Brad Aagaard
# date = Thu Jun 13 12:10:55 2013
# code = PyLith
# code_version = 1.8.1a (scecdynrup branch)
# element_size = 100 m
# time_step =   5.000000E-02
# num_timesteps =      241
# location = on fault, 0.0 km along strike and 12.0 km depth
# Time series in 7 columns of E14.6:
# Column #1 = time (s)
# Column #2 = horizontal right-lateral slip (m)
# Column #3 = horizontal right-lateral slip rate (m/s)
# Column #4 = horizontal right-lateral shear stress (MPa)
# Column #5 = vertical up-dip slip (m)
# Column #6 = vertical up-dip slip-rate (m/s)
# Column #7 = vertical up-dip shear stress (MPa)
# Column #8 = normal stress (MPa)
# Column #9 = log10(theta) (s)
#
# Data fields
t h-slip h-slip-rate h-shear-stress v-slip v-slip-rate v-shear-stress n-stress log-theta
#
  0.000000e+00  -0.000000e+00  -0.000000e+00  -0.000000e+00  -0.000000e+00  -0.000000e+00  -0.000000e+00  -0.000000e+00   9.205810e+00
  5.000000e-02  -0.000000e+00  -0.000000e+00   7.500000e+01  -0.000000e+00  -0.000000e+00  -1.810096e-17   1.200000e+02   9.205810e+00
  1.000000e-01  -0.000000e+00  -0.000000e+00   7.500000e+01  -0.000000e+00  -0.000000e+00   1.304519e-16   1.200000e+02   9.205810e+00
  1.500000e-01  -0.000000e+00  -0.000000e+00   7.500000e+01  -0.000000e+00  -0.000000e+00   1.577871e-16   1.200000e+02   9.205810e+00
  2.000000e-01  -0.000000e+00  -0.000000e+00   7.500000e+01  -0.000000e+00  -0.000000e+00   2.371965e-16   1.200000e+02   9.205810e+00
  2.500000e-01  -0.000000e+00  -0.000000e+00   7.500000e+01  -0.000000e+00  -0.000000e+00   6.231313e-17   1.200000e+02   9.205810e+00
  3.000000e-01  -0.000000e+00  -0.000000e+00   7.500000e+01  -0.000000e+00  -0.000000e+00   1.504186e-16   1.200000e+02   9.205810e+00
  3.500000e-01  -0.000000e+00  -0.000000e+00   7.500000e+01  -0.000000e+00  -0.000000e+00  -2.761960e-17   1.200000e+02   9.205810e+00
  4.000000e-01  -0.000000e+00  -0.000000e+00   7.500000e+01  -0.000000e+00  -0.000000e+00   1.411750e-16   1.200000e+02   9.205810e+00
  4.500000e-01  -0.000000e+00  -0.000000e+00   7.500000e+01  -0.000000e+00  -0.000000e+00   1.118472e-16   1.200000e+02   9.205810e+00
  5.000000e-01  -0.000000e+00  -0.000000e+00   7.500000e+01  -0.000000e+00  -0.000000e+00   1.932155e-17   1.200000e+02   9.205810e+00
  5.500000e-01  -0.000000e+00  -0.000000e+00   7.500000e+01  -0.000000e+00  -0.000000e+00   1.166953e-16   1.200000e+02   9.205810e+00
  6.000000e-01  -0.000000e+00  -0.000000e+00   7.500000e+01  -0.000000e+00  -0.000000e+00   1.424174e-16   1.200000e+02   9.205810e+00
  6.500000e-01  -0.000000e+00  -0.000000e+00   7.500000e+01  -0.000000e+00  -0.000000e+00   8.798964e-17   1.200000e+02   9.205810e+00
  7.000000e-01  -0.000000e+00  -0.000000e+00   7.500000e+01  -0.000000e+00  -0.000000e+00   6.660878e-17   1.200000e+02   9.205810e+00
  7.500000e-01  -0.000000e+00  -0.000000e+00   7.500000e+01  -0.000000e+00  -0.000000e+00   4.178974e-15   1.200000e+02   9.205810e+00
  8.000000e-01  -0.000000e+00  -0.000000e+00   7.500000e+01  -0.000000e+00  -0.000000e+00   3.034250e-13   1.200000e+02   9.205810e+00
  8.500000e-01  -0.000000e+00  -0.000000e+00   7.500000e+01  -0.000000e+00  -0.000000e+00   4.032984e-12   1.200000e+02   9.205810e+00
  9.000000e-01  -0.000000e+00  -0.000000e+00   7.500000e+01  -0.000000e+00  -0.000000e+00   1.822853e-11   1.200000e+02   9.205810e+00
  9.500000e-01  -0.000000e+00  -0.000000e+00   7.500000e+01  -0.000000e+00  -0.000000e+00   8.132199e-11   1.200000e+02   9.205810e+00
  1.000000e+00  -0.000000e+00  -0.000000e+00   7.500000e+01  -0.000000e+00  -0.000000e+00   5.172456e-10   1.200000e+02   9.205810e+00
  1.050000e+00  -0.000000e+00  -0.000000e+00   7.500000e+01  -0.000000e+00  -0.000000e+00   2.667637e-09   1.200000e+02   9.205810e+00
  1.100000e+00  -0.000000e+00  -0.000000e+00   7.500000e+01  -0.000000e+00  -0.000000e+00   1.137136e-08   1.200000e+02   9.205810e+00
  1.150000e+00  -0.000000e+00  -0.000000e+00   7.500000e+01  -0.000000e+00  -0.000000e+00   4.300692e-08   1.200000e+02   9.205810e+00
  1.200000e+00  -0.000000e+00  -0.000000e+00   7.500000e+01  -0.000000e+00  -0.000000e+00   1.466985e-07   1.200000e+02   9.205810e+00
  1.250000e+00  -0.000000e+00  -0.000000e+00   7.500000e+01  -0.000000e+00  -0.000000e+00   4.508071e-07   1.200000e+02   9.205810e+00
  1.300000e+00  -0.000000e+00  -0.000000e+00   7.499999e+01  -0.000000e+00  -0.000000e+00   1.246662e-06   1.200000e+02   9.205810e+00
  1.350000e+00  -0.000000e+00  -0.000000e+00   7.499998e+01  -0.000000e+00  -0.000000e+00   3.103756e-06   1.200000e+02   9.205810e+00
  1.400000e+00  -0.000000e+00  -0.000000e+00   7.499996e+01  -0.000000e+00  -0.000000e+00   6.970189e-06   1.200000e+02   9.205810e+00
  1.450000e+00  -0.000000e+00  -0.000000e+00   7.499991e+01  -0.000000e+00  -0.000000e+00   1.418269e-05   1.200000e+02   9.205810e+00
  1.500000e+00  -0.000000e+00  -0.000000e+00   7.499982e+01  -0.000000e+00  -0.000000e+00   2.631091e-05   1.200000e+02   9.205810e+00
  1.550000e+00  -0.000000e+00  -0.000000e+00   7.499965e+01  -0.000000e+00  -0.000000e+00   4.488555e-05   1.200000e+02   9.205810e+00
  1.600000e+00  -0.000000e+00  -0.000000e+00   7.499939e+01  -0.000000e+00  -0.000000e+00   7.108306e-05   1.200000e+02   9.205810e+00
  1.650000e+00  -0.000000e+00  -0.000000e+00   7.499900e+01  -0.000000e+00  -0.000000e+00   1.054393e-04   1.200000e+02   9.205810e+00
  1.700000e+00  -0.000000e+00  -0.000000e+00   7.499846e+01  -0.000000e+00  -0.000000e+00   1.477996e-04   1.200000e+02   9.205810e+00
  1.750000e+00  -0.000000e+00  -0.000000e+00   7.499775e+01  -0.000000e+00  -0.000000e+00   1.976328e-04   1.200000e+02   9.205810e+00
  1.800000e+00  -0.000000e+00  -0.000000e+00   7.499686e+01  -0.000000e+00  -0.000000e+00   2.548814e-04   1.200000e+02   9.205810e+00
  1.850000e+00  -0.000000e+00  -0.000000e+00   7.499578e+01  -0.000000e+00  -0.000000e+00   3.213311e-04   1.200000e+02   9.205810e+00
  1.900000e+00  -0.000000e+00  -0.000000e+00   7.499450e+01  -0.000000e+00  -0.000000e+00   4.046976e-04   1.200000e+02   9.205810e+00
  1.950000e+00  -0.000000e+00  -0.000000e+00   7.499290e+01  -0.000000e+00  -0.000000e+00   5.264960e-04   1.200000e+02   9.205810e+00
  2.000000e+00  -0.000000e+00  -0.000000e+00   7.499074e+01  -0.000000e+00  -0.000000e+00   7.374418e-04   1.200000e+02   9.205810e+00
  2.050000e+00  -0.000000e+00  -0.000000e+00   7.498739e+01  -0.000000e+00  -0.000000e+00   1.146201e-03   1.199999e+02   9.205810e+00
  2.100000e+00  -0.000000e+00  -0.000000e+00   7.498147e+01  -0.000000e+00  -0.000000e+00   1.989655e-03   1.199999e+02   9.205810e+00
  2.150000e+00  -0.000000e+00  -0.000000e+00   7.496993e+01  -0.000000e+00  -0.000000e+00   3.703327e-03   1.199998e+02   9.205810e+00
  2.200000e+00  -0.000000e+00  -0.000000e+00   7.494757e+01  -0.000000e+00  -0.000000e+00   6.580115e-03   1.199995e+02   9.205810e+00
  2.250000e+00  -0.000000e+00  -0.000000e+00   7.490841e+01  -0.000000e+00  -0.000000e+00   1.067134e-02   1.199996e+02   9.205810e+00
  2.300000e+00  -0.000000e+00  -0.000000e+00   7.484632e+01  -0.000000e+00  -0.000000e+00   1.655827e-02   1.199987e+02   9.205810e+00
  2.350000e+00  -0.000000e+00  -0.000000e+00   7.475425e+01  -0.000000e+00  -0.000000e+00   2.511127e-02   1.199981e+02   9.205810e+00
  2.400000e+00  -0.000000e+00  -0.000000e+00   7.462593e+01  -0.000000e+00  -0.000000e+00   3.572513e-02   1.199980e+02   9.205810e+00
  2.450000e+00  -0.000000e+00  -0.000000e+00   7.445751e+01  -0.000000e+00  -0.000000e+00   4.790474e-02   1.200016e+02   9.205810e+00
  2.500000e+00  -0.000000e+00  -0.000000e+00   7.425675e+01  -0.000000e+00  -0.000000e+00   5.956487e-02   1.200011e+02   9.205810e+00
  2.550000e+00  -0.000000e+00  -0.000000e+00   7.406396e+01  -0.000000e+00  -0.000000e+00   6.424447e-02   1.199934e+02   9.205810e+00
  2.600000e+00  -0.000000e+00  -0.000000e+00   7.400443e+01  -0.000000e+00  -0.000000e+00   2.723709e-02   1.199939e+02   9.205810e+00
  2.650000e+00  -0.000000e+00  -0.000000e+00   7.433783e+01  -0.000000e+00  -0.000000e+00  -6.326362e-02   1.200025e+02   9.205810e+00
  2.700000e+00  -0.000000e+00  -0.000000e+00   7.522233e+01  -0.000000e+00  -0.000000e+00  -1.276046e-01   1.199993e+02   9.205810e+00
  2.750000e+00  -0.000000e+00  -0.000000e+00   7.632713e+01  -0.000000e+00  -0.000000e+00  -1.016092e-01   1.200151e+02   9.205810e+00
  2.800000e+00  -0.000000e+00  -0.000000e+00   7.712362e+01  -0.000000e+00  -0.000000e+00  -6.788155e-02   1.199855e+02   9.205810e+00
  2.850000e+00  -0.000000e+00  -0.000000e+00   7.769715e+01  -0.000000e+00  -0.000000e+00  -9.709462e-02   1.199807e+02   9.205810e+00
  2.900000e+00  -0.000000e+00  -0.000000e+00   7.833792e+01  -0.000000e+00  -0.000000e+00  -5.770971e-02   1.200235e+02   9.205810e+00
  2.950000e+00  -0.000000e+00  -0.000000e+00   7.902542e+01  -0.000000e+00  -0.000000e+00  -8.490512e-02   1.200136e+02   9.205810e+00
  3.000000e+00  -0.000000e+00  -0.000000e+00   7.973799e+01  -0.000000e+00  -0.000000e+00  -1.271128e-01   1.199852e+02   9.205810e+00
  3.050000e+00  -0.000000e+00  -0.000000e+00   8.061702e+01  -0.000000e+00  -0.000000e+00  -1.584398e-01   1.199939e+02   9.205810e+00
  3.100000e+00  -0.000000e+00  -0.000000e+00   8.179085e+01  -0.000000e+00  -0.000000e+00  -2.018891e-01   1.200109e+02   9.205810e+00
  3.150000e+00  -0.000000e+00  -0.000000e+00   8.336784e+01  -0.000000e+00  -0.000000e+00  -2.393636e-01   1.200549e+02   9.205810e+00
  3.200000e+00  -0.000000e+00  -0.000000e+00   8.552250e+01  -0.000000e+00  -0.000000e+00  -3.910415e-01   1.200561e+02   9.205810e+00
  3.250000e+00   2.793913e-05   3.821739e-03   9.659152e+01  -0.000000e+00   1.207991e-05   3.153530e-01   1.199883e+02   9.205418e+00
  3.300000e+00   4.937432e-02   2.119281e+00   9.951373e+01   2.138704e-04   8.419334e-03   3.960433e-01   1.200321e+02   8.212466e+00
  3.350000e+00   1.756684e-01   2.788352e+00   9.089042e+01   5.890138e-04   1.925802e-03   3.767380e-02   1.200146e+02   5.493167e+00
  3.400000e+00   3.384993e-01   3.478181e+00   7.959019e+01   4.479957e-04  -4.201590e-03  -1.022044e-01   1.199837e+02   1.981132e+00
  3.450000e+00   5.003521e-01   3.032573e+00   6.783166e+01   1.516774e-04  -6.723062e-03  -1.518130e-01   1.199901e+02  -1.459784e+00
  3.500000e+00   6.348636e-01   2.298995e+00   6.483824e+01  -1.201417e-04  -3.570601e-03  -9.376000e-02   1.199722e+02  -2.081414e+00
  3.550000e+00   7.413134e-01   2.172367e+00   6.499207e+01   1.620566e-05   4.270923e-03   1.200273e-01   1.199557e+02  -2.031737e+00
  3.600000e+00   8.359581e-01   1.594693e+00   6.496004e+01   1.189573e-04   2.445393e-03   1.020795e-01   1.199224e+02  -1.932615e+00
  3.650000e+00   9.211515e-01   1.762428e+00   6.508124e+01   2.278286e-04   1.246711e-03   4.304468e-02   1.199930e+02  -1.945924e+00
  3.700000e+00   9.969205e-01   1.496656e+00   6.517685e+01   2.456421e-04  -6.173595e-04  -2.914021e-02   1.199444e+02  -1.868606e+00
  3.750000e+00   1.073135e+00   1.330828e+00   6.501741e+01   2.409748e-04   7.991719e-04   4.316061e-02   1.199262e+02  -1.860791e+00
  3.800000e+00   1.136593e+00   1.389333e+00   6.532361e+01   2.806377e-04  -2.978629e-04  -1.797702e-02   1.200245e+02  -1.819220e+00
  3.850000e+00   1.202927e+00   1.222498e+00   6.517392e+01   3.008726e-04   8.545437e-04   4.327222e-02   1.199646e+02  -1.805061e+00
  3.900000e+00   1.265674e+00   1.233796e+00   6.522562e+01   3.080344e-04   3.423634e-04   2.193505e-02   1.200034e+02  -1.799233e+00
  3.950000e+00   1.322048e+00   1.129300e+00   6.529982e+01   3.175552e-04  -5.138601e-04  -3.109715e-02   1.199557e+02  -1.749666e+00
  4.000000e+00   1.381587e+00   1.159024e+00   6.525098e+01   3.013795e-04  -4.596676e-04  -2.903185e-02   1.200008e+02  -1.773030e+00
  4.050000e+00   1.434991e+00   1.065493e+00   6.536377e+01   2.940887e-04   9.630590e-04   6.400017e-02   1.200445e+02  -1.726947e+00
  4.100000e+00   1.487475e+00   9.875473e-01   6.524812e+01   3.237978e-04   5.040253e-05   6.179209e-03   1.199143e+02  -1.712744e+00
  4.150000e+00   1.537804e+00   1.047687e+00   6.539392e+01   3.855764e-04   1.335932e-03   7.782422e-02   1.200157e+02  -1.709247e+00
  4.200000e+00   1.586521e+00   9.234835e-01   6.538870e+01   4.058540e-04   3.851288e-04   2.825586e-02   1.200783e+02  -1.680109e+00
  4.250000e+00   1.633271e+00   9.156880e-01   6.535129e+01   4.010225e-04  -6.286430e-04  -4.600037e-02   1.199628e+02  -1.669874e+00
  4.300000e+00   1.678857e+00   9.528283e-01   6.541714e+01   3.772724e-04  -3.951246e-04  -2.799202e-02   1.199420e+02  -1.664248e+00
  4.350000e+00   1.725631e+00   8.853818e-01   6.531693e+01   3.342466e-04  -9.920736e-04  -7.090498e-02   1.199235e+02  -1.662910e+00
  4.400000e+00   1.769175e+00   8.697067e-01   6.542959e+01   3.201212e-04  -2.657332e-05  -2.068802e-03   1.200129e+02  -1.641569e+00
  4.450000e+00   1.812797e+00   8.895259e-01   6.545219e+01   3.517395e-04   1.507444e-03   1.145855e-01   1.200011e+02  -1.641617e+00
  4.500000e+00   1.857198e+00   8.681041e-01   6.541881e+01   4.089819e-04   4.665948e-04   3.345790e-02   1.200200e+02  -1.644489e+00
  4.550000e+00   1.900198e+00   8.659582e-01   6.547848e+01   4.466239e-04   9.016811e-04   6.549187e-02   1.200631e+02  -1.635100e+00
  4.600000e+00   1.944660e+00   9.054276e-01   6.545204e+01   4.460475e-04  -4.078379e-04  -2.821889e-02   1.200165e+02  -1.649047e+00
  4.650000e+00   1.989256e+00   8.631498e-01   6.537737e+01   4.371383e-04  -3.199312e-04  -2.623698e-02   1.199706e+02  -1.646075e+00
  4.700000e+00   2.030558e+00   8.161303e-01   6.541605e+01   4.269426e-04   1.248845e-04   1.121841e-02   1.199539e+02  -1.617410e+00
  4.750000e+00   2.071903e+00   8.351288e-01   6.543592e+01   4.227230e-04  -3.257993e-04  -2.592169e-02   1.199425e+02  -1.617678e+00
  4.800000e+00   2.113608e+00   8.223226e-01   6.542678e+01   4.083594e-04  -3.013851e-04  -2.472248e-02   1.199718e+02  -1.618836e+00
  4.850000e+00   2.153896e+00   8.077779e-01   6.549079e+01   3.971393e-04   1.212865e-04   1.369615e-02   1.200348e+02  -1.606457e+00
  4.900000e+00   2.195846e+00   8.663276e-01   6.551607e+01   4.300733e-04   6.702294e-04   4.842137e-02   1.200530e+02  -1.624268e+00
  4.950000e+00   2.240143e+00   8.801466e-01   6.541785e+01   4.549982e-04   6.891139e-04   5.280429e-02   1.199874e+02  -1.644242e+00
  5.000000e+00   2.282393e+00   8.290456e-01   6.541199e+01   4.686057e-04  -3.112988e-04  -2.611199e-02   1.199679e+02  -1.625116e+00
  5.050000e+00   2.323963e+00   8.340450e-01   6.546462e+01   4.814007e-04   8.127022e-04   6.456079e-02   1.200148e+02  -1.619947e+00
  5.100000e+00   2.365159e+00   8.060394e-01   6.543417e+01   5.176830e-04   7.190761e-04   5.836625e-02   1.199920e+02  -1.613537e+00
  5.150000e+00   2.404336e+00   7.787416e-01   6.547983e+01   5.265741e-04  -3.042234e-04  -2.622609e-02   1.200115e+02  -1.594555e+00
  5.200000e+00   2.444178e+00   8.112049e-01   6.549835e+01   5.242059e-04   4.535437e-05   2.287069e-03   1.200062e+02  -1.601532e+00
  5.250000e+00   2.485194e+00   8.226863e-01   6.543481e+01   5.167293e-04  -1.600365e-04  -1.270550e-02   1.199342e+02  -1.611971e+00
  5.300000e+00   2.526864e+00   8.511561e-01   6.543456e+01   5.021546e-04  -3.536146e-04  -2.659961e-02   1.199187e+02  -1.620833e+00
  5.350000e+00   2.569885e+00   8.502765e-01   6.542703e+01   4.879766e-04  -3.552504e-04  -2.837582e-02   1.199894e+02  -1.631555e+00
  5.400000e+00   2.610666e+00   7.888939e-01   6.545377e+01   4.674189e-04  -3.046270e-04  -2.372038e-02   1.200454e+02  -1.609468e+00
  5.450000e+00   2.649289e+00   7.740599e-01   6.552901e+01   4.776162e-04   6.625041e-04   5.877892e-02   1.200788e+02  -1.589569e+00
  5.500000e+00   2.689075e+00   8.080620e-01   6.551595e+01   5.257914e-04   1.009436e-03   8.115463e-02   1.200391e+02  -1.600269e+00
  5.550000e+00   2.729763e+00   8.197980e-01   6.547355e+01   5.609112e-04   3.859670e-04   2.887222e-02   1.199901e+02  -1.608925e+00
  5.600000e+00   2.771482e+00   8.479815e-01   6.546354e+01   5.684397e-04   6.639496e-05   4.700577e-03   1.199797e+02  -1.620630e+00
  5.650000e+00   2.814170e+00   8.468688e-01   6.541978e+01   5.632085e-04  -2.284534e-04  -1.780930e-02   1.199635e+02  -1.628716e+00
  5.700000e+00   2.855948e+00   8.344950e-01   6.543729e+01   5.560357e-04  -1.160268e-04  -9.834586e-03   1.199730e+02  -1.621405e+00
  5.750000e+00   2.898266e+00   8.572505e-01   6.545401e+01   5.367255e-04  -5.627225e-04  -4.330889e-02   1.199870e+02  -1.627391e+00
  5.800000e+00   2.940975e+00   8.438734e-01   6.543797e+01   5.169544e-04  -8.162821e-05  -3.625908e-03   1.200059e+02  -1.628974e+00
  5.850000e+00   2.982768e+00   8.354868e-01   6.545399e+01   5.360554e-04   5.613683e-04   4.403424e-02   1.200039e+02  -1.621778e+00
  5.900000e+00   3.024811e+00   8.422855e-01   6.545213e+01   5.628990e-04   4.983794e-04   3.814946e-02   1.199988e+02  -1.623865e+00
  5.950000e+00   3.066393e+00   8.216390e-01   6.543615e+01   5.737770e-04  -5.980666e-05  -6.391568e-03   1.199842e+02  -1.618175e+00
  6.000000e+00   3.107250e+00   8.217206e-01   6.544746e+01   5.633203e-04  -1.692117e-04  -1.253541e-02   1.199602e+02  -1.612337e+00
  6.050000e+00   3.149357e+00   8.548592e-01   6.546605e+01   5.633070e-04   9.251689e-05   7.567044e-03   1.199977e+02  -1.624858e+00
  6.100000e+00   3.192245e+00   8.592793e-01   6.545368e+01   5.739063e-04   2.817302e-04   2.160767e-02   1.200114e+02  -1.631589e+00
  6.150000e+00   3.235683e+00   8.772129e-01   6.544304e+01   5.885843e-04   2.951970e-04   2.193150e-02   1.199939e+02  -1.638331e+00
  6.200000e+00   3.279506e+00   8.695806e-01   6.542840e+01   6.011337e-04   2.274643e-04   1.724387e-02   1.200048e+02  -1.640623e+00
  6.250000e+00   3.322600e+00   8.624650e-01   6.542389e+01   6.142569e-04   2.403816e-04   1.755530e-02   1.199714e+02  -1.634883e+00
  6.300000e+00   3.366258e+00   8.793081e-01   6.544805e+01   6.132605e-04  -2.702749e-04  -2.168312e-02   1.200140e+02  -1.640506e+00
  6.350000e+00   3.409883e+00   8.631299e-01   6.545804e+01   5.873413e-04  -5.584766e-04  -4.154195e-02   1.200615e+02  -1.638646e+00
  6.400000e+00   3.452554e+00   8.480796e-01   6.546992e+01   5.740666e-04  -5.984944e-05  -3.875747e-03   1.200622e+02  -1.630344e+00
  6.450000e+00   3.494421e+00   8.266873e-01   6.545185e+01   5.778808e-04   2.279220e-04   1.958840e-02   1.200235e+02  -1.621534e+00
  6.500000e+00   3.535393e+00   8.214769e-01   6.543628e+01   6.073449e-04   7.964273e-04   6.374303e-02   1.199491e+02  -1.613519e+00
  6.550000e+00   3.577502e+00   8.587041e-01   6.543292e+01   6.405984e-04   4.495871e-04   3.245959e-02   1.199300e+02  -1.625381e+00
  6.600000e+00   3.620517e+00   8.535951e-01   6.541968e+01   6.421922e-04  -2.302492e-04  -1.848029e-02   1.199685e+02  -1.632003e+00
  6.650000e+00   3.662611e+00   8.327102e-01   6.541794e+01   6.275681e-04  -3.180579e-04  -2.528102e-02   1.199629e+02  -1.623983e+00
  6.700000e+00   3.703194e+00   7.916914e-01   6.543677e+01   6.135608e-04  -1.199783e-04  -7.886042e-03   1.199951e+02  -1.607839e+00
  6.750000e+00   3.741301e+00   7.423484e-01   6.548519e+01   6.342685e-04   8.139690e-04   7.395172e-02   1.200406e+02  -1.582076e+00
  6.800000e+00   3.777504e+00   7.078103e-01   6.549608e+01   6.802386e-04   7.954644e-04   7.175318e-02   1.200140e+02  -1.560591e+00
  6.850000e+00   3.811325e+00   6.519739e-01   6.549663e+01   7.009114e-04   1.862231e-04   1.782806e-02   1.199888e+02  -1.531702e+00
  6.900000e+00   3.842827e+00   6.189889e-01   6.552287e+01   7.072731e-04   1.040680e-04   1.061090e-02   1.199488e+02  -1.503474e+00
  6.950000e+00   3.873395e+00   6.047485e-01   6.555967e+01   7.046064e-04  -2.180411e-04  -2.503554e-02   1.199628e+02  -1.488445e+00
  7.000000e+00   3.903242e+00   5.939736e-01   6.560845e+01   6.879166e-04  -3.475823e-04  -3.798275e-02   1.200125e+02  -1.477405e+00
  7.050000e+00   3.933378e+00   6.142427e-01   6.567089e+01   6.768344e-04  -9.513910e-05  -9.102538e-03   1.200716e+02  -1.479835e+00
  7.100000e+00   3.965050e+00   6.453319e-01   6.565376e+01   6.779363e-04   9.212785e-05   1.003563e-02   1.200623e+02  -1.497869e+00
  7.150000e+00   3.997102e+00   6.286841e-01   6.557654e+01   6.904537e-04   3.647237e-04   3.855797e-02   1.200159e+02  -1.503150e+00
  7.200000e+00   4.026912e+00   5.678507e-01   6.552969e+01   7.056090e-04   2.057379e-04   2.308025e-02   1.199676e+02  -1.477515e+00
  7.250000e+00   4.053445e+00   5.047149e-01   6.553455e+01   7.142714e-04   1.817987e-04   2.376090e-02   1.199245e+02  -1.434483e+00
  7.300000e+00   4.077105e+00   4.482880e-01   6.557443e+01   7.216251e-04   9.381127e-05   1.300907e-02   1.199332e+02  -1.389191e+00
  7.350000e+00   4.098315e+00   4.133229e-01   6.567236e+01   7.233008e-04   3.158033e-05   5.770506e-03   1.199811e+02  -1.345962e+00
  7.400000e+00   4.119009e+00   4.153132e-01   6.576205e+01   7.323107e-04   3.045809e-04   4.931179e-02   1.200077e+02  -1.326473e+00
  7.450000e+00   4.139491e+00   4.021572e-01   6.578256e+01   7.480365e-04   2.580305e-04   4.107778e-02   1.200437e+02  -1.316188e+00
  7.500000e+00   4.159116e+00   3.869381e-01   6.578690e+01   7.542544e-04   2.486993e-05   3.064987e-03   1.200257e+02  -1.300939e+00
  7.550000e+00   4.178214e+00   3.784645e-01   6.579471e+01   7.506215e-04  -1.426431e-04  -2.588975e-02   1.200004e+02  -1.288287e+00
  7.600000e+00   4.197132e+00   3.812221e-01   6.582402e+01   7.370147e-04  -3.665075e-04  -6.394078e-02   1.199924e+02  -1.281378e+00
  7.650000e+00   4.216712e+00   4.005652e-01   6.584745e+01   7.207031e-04  -2.328057e-04  -3.674238e-02   1.199849e+02  -1.288521e+00
  7.700000e+00   4.237127e+00   4.109043e-01   6.583366e+01   7.150068e-04  -3.370546e-05  -4.170162e-03   1.200033e+02  -1.302415e+00
  7.750000e+00   4.257397e+00   3.988942e-01   6.579641e+01   7.242163e-04   4.025021e-04   6.950633e-02   1.200104e+02  -1.304772e+00
  7.800000e+00   4.276809e+00   3.798027e-01   6.577494e+01   7.554245e-04   7.012329e-04   1.213148e-01   1.199948e+02  -1.293693e+00
  7.850000e+00   4.295249e+00   3.611775e-01   6.578550e+01   7.830692e-04   3.833910e-04   6.719892e-02   1.199958e+02  -1.276055e+00
  7.900000e+00   4.313152e+00   3.594077e-01   6.582534e+01   7.906739e-04   6.455523e-06  -2.769114e-04   1.199849e+02  -1.262232e+00
  7.950000e+00   4.331534e+00   3.751430e-01   6.585344e+01   7.870298e-04  -1.081878e-04  -1.932706e-02   1.199640e+02  -1.264001e+00
  8.000000e+00   4.351009e+00   4.029960e-01   6.588405e+01   7.807540e-04  -1.096640e-04  -1.714527e-02   1.199862e+02  -1.280564e+00
  8.050000e+00   4.372315e+00   4.444594e-01   6.588617e+01   7.814814e-04   1.240645e-04   1.948808e-02   1.200077e+02  -1.312763e+00
  8.100000e+00   4.395491e+00   4.746692e-01   6.582783e+01   7.924573e-04   2.663700e-04   3.713474e-02   1.200109e+02  -1.348993e+00
  8.150000e+00   4.419642e+00   4.896815e-01   6.577048e+01   8.051539e-04   2.173406e-04   2.861262e-02   1.200018e+02  -1.373043e+00
  8.200000e+00   4.445194e+00   5.366589e-01   6.577083e+01   8.133982e-04   1.415814e-04   1.717424e-02   1.199877e+02  -1.399581e+00
  8.250000e+00   4.476052e+00   7.084760e-01   6.581349e+01   8.197555e-04   1.084089e-04   9.722073e-03   1.199966e+02  -1.476704e+00
  8.300000e+00   4.523169e+00   1.165349e+00   6.566514e+01   8.199781e-04  -1.684751e-04  -1.075739e-02   1.200077e+02  -1.676731e+00
  8.350000e+00   4.596065e+00   1.627661e+00   6.527305e+01   7.731428e-04  -1.667298e-03  -6.864867e-02   1.200303e+02  -1.883265e+00
  8.400000e+00   4.678080e+00   1.576055e+00   6.511598e+01   6.713401e-04  -1.911434e-03  -7.788078e-02   1.200285e+02  -1.906680e+00
  8.450000e+00   4.746386e+00   1.186974e+00   6.512455e+01   6.244960e-04  -8.979439e-05  -1.668133e-03   1.199988e+02  -1.810149e+00
  8.500000e+00   4.795878e+00   8.700732e-01   6.523699e+01   6.535795e-04   8.624338e-04   6.578225e-02   1.199709e+02  -1.683770e+00
  8.550000e+00   4.835581e+00   7.625438e-01   6.539111e+01   6.964635e-04   7.862890e-04   6.678616e-02   1.199624e+02  -1.604006e+00
  8.600000e+00   4.873626e+00   7.593837e-01   6.545751e+01   7.274328e-04   4.844183e-04   4.100176e-02   1.199530e+02  -1.583834e+00
  8.650000e+00   4.910156e+00   7.014097e-01   6.544770e+01   7.471370e-04   3.632452e-04   3.392009e-02   1.199583e+02  -1.562380e+00
  8.700000e+00   4.943752e+00   6.570053e-01   6.550462e+01   7.651702e-04   3.658980e-04   3.651564e-02   1.199772e+02  -1.530605e+00
  8.750000e+00   4.976269e+00   6.471566e-01   6.555366e+01   7.798012e-04   1.777402e-04   1.678335e-02   1.199928e+02  -1.515260e+00
  8.800000e+00   5.008398e+00   6.382168e-01   6.558081e+01   7.807730e-04  -3.546585e-05  -3.483633e-03   1.200228e+02  -1.508070e+00
  8.850000e+00   5.040126e+00   6.338926e-01   6.560445e+01   7.817455e-04   4.524564e-05   4.591068e-03   1.200420e+02  -1.502619e+00
  8.900000e+00   5.071805e+00   6.308203e-01   6.560059e+01   7.824234e-04  -3.866430e-06  -4.207436e-04   1.200353e+02  -1.500965e+00
  8.950000e+00   5.102715e+00   6.056392e-01   6.558703e+01   7.814005e-04  -5.913822e-05  -7.037288e-03   1.200289e+02  -1.491046e+00
  9.000000e+00   5.131941e+00   5.677472e-01   6.558707e+01   7.721914e-04  -2.758214e-04  -3.246910e-02   1.200167e+02  -1.469610e+00
  9.050000e+00   5.159476e+00   5.418296e-01   6.560067e+01   7.586863e-04  -2.128005e-04  -2.494422e-02   1.199754e+02  -1.446034e+00
  9.100000e+00   5.186472e+00   5.399559e-01   6.563314e+01   7.536206e-04  -2.899529e-05  -2.967292e-03   1.199676e+02  -1.435061e+00
  9.150000e+00   5.213376e+00   5.346897e-01   6.565549e+01   7.567138e-04   1.519286e-04   1.977135e-02   1.200020e+02  -1.430910e+00
  9.200000e+00   5.239712e+00   5.218632e-01   6.565248e+01   7.731406e-04   4.690849e-04   6.030436e-02   1.199897e+02  -1.422696e+00
  9.250000e+00   5.266079e+00   5.362376e-01   6.565653e+01   8.024080e-04   6.160171e-04   7.488760e-02   1.199367e+02  -1.422265e+00
  9.300000e+00   5.293570e+00   5.576644e-01   6.564154e+01   8.235639e-04   1.910643e-04   1.992455e-02   1.199220e+02  -1.435784e+00
  9.350000e+00   5.321502e+00   5.560456e-01   6.563681e+01   8.179677e-04  -2.513914e-04  -2.987475e-02   1.199720e+02  -1.443370e+00
  9.400000e+00   5.348832e+00   5.382076e-01   6.566263e+01   8.113579e-04   1.815227e-05   3.632240e-03   1.200464e+02  -1.437482e+00
  9.450000e+00   5.375214e+00   5.206428e-01   6.569121e+01   8.165667e-04   8.156923e-05   9.358065e-03   1.200801e+02  -1.424804e+00
  9.500000e+00   5.400975e+00   5.124249e-01   6.569835e+01   8.129683e-04  -1.771444e-04  -2.336650e-02   1.200549e+02  -1.414397e+00
  9.550000e+00   5.426603e+00   5.143817e-01   6.569341e+01   8.041055e-04  -1.219392e-04  -1.464767e-02   1.200106e+02  -1.410407e+00
  9.600000e+00   5.452646e+00   5.269992e-01   6.568197e+01   8.042506e-04   8.556476e-05   1.123738e-02   1.199697e+02  -1.414818e+00
  9.650000e+00   5.479444e+00   5.416266e-01   6.566297e+01   8.112592e-04   1.709348e-04   2.095504e-02   1.199501e+02  -1.425235e+00
  9.700000e+00   5.506413e+00   5.328555e-01   6.565464e+01   8.206498e-04   1.812380e-04   2.208453e-02   1.199954e+02  -1.428912e+00
  9.750000e+00   5.532205e+00   5.017454e-01   6.566601e+01   8.272187e-04   1.004688e-04   1.307898e-02   1.200436e+02  -1.414785e+00
  9.800000e+00   5.556489e+00   4.755999e-01   6.567983e+01   8.330643e-04   1.355969e-04   1.879676e-02   1.200279e+02  -1.392773e+00
  9.850000e+00   5.580008e+00   4.694488e-01   6.570827e+01   8.372216e-04   3.164320e-06  -6.914530e-04   1.200040e+02  -1.377712e+00
  9.900000e+00   5.603629e+00   4.745177e-01   6.572101e+01   8.317437e-04  -1.594067e-04  -2.211592e-02   1.199876e+02  -1.374872e+00
  9.950000e+00   5.627292e+00   4.706925e-01   6.570247e+01   8.260119e-04  -6.121250e-05  -7.977224e-03   1.199660e+02  -1.374118e+00
  1.000000e+01   5.650660e+00   4.664450e-01   6.569029e+01   8.250846e-04  -4.715764e-06  -6.531752e-04   1.199345e+02  -1.370172e+00
  1.005000e+01   5.674200e+00   4.754556e-01   6.569612e+01   8.251448e-04   1.695742e-05   2.694271e-03   1.199164e+02  -1.371701e+00
  1.010000e+01   5.698188e+00   4.810518e-01   6.571709e+01   8.294727e-04   1.505607e-04   2.122037e-02   1.199724e+02  -1.377679e+00
  1.015000e+01   5.722112e+00   4.762604e-01   6.575353e+01   8.393816e-04   2.096050e-04   2.887572e-02   1.200627e+02  -1.378259e+00
  1.020000e+01   5.746008e+00   4.818372e-01   6.577470e+01   8.496872e-04   2.142056e-04   2.942614e-02   1.200783e+02  -1.378572e+00
  1.025000e+01   5.770506e+00   4.949203e-01   6.574121e+01   8.616213e-04   2.458779e-04   3.251634e-02   1.200176e+02  -1.386550e+00
  1.030000e+01   5.795152e+00   4.878612e-01   6.568808e+01   8.711125e-04   1.212928e-04   1.544804e-02   1.199736e+02  -1.389861e+00
  1.035000e+01   5.818942e+00   4.657470e-01   6.566731e+01   8.713212e-04  -7.901222e-05  -1.190924e-02   1.199601e+02  -1.379523e+00
  1.040000e+01   5.841422e+00   4.348119e-01   6.566461e+01   8.646958e-04  -1.439160e-04  -2.158779e-02   1.199603e+02  -1.359370e+00
  1.045000e+01   5.861740e+00   3.814824e-01   6.566660e+01   8.607502e-04  -5.292079e-06   2.529754e-04   1.199897e+02  -1.323791e+00
  1.050000e+01   5.879086e+00   3.219318e-01   6.571229e+01   8.658249e-04   1.684462e-04   3.528591e-02   1.200548e+02  -1.270788e+00
  1.055000e+01   5.893886e+00   2.786129e-01   6.578560e+01   8.750886e-04   1.684993e-04   3.921136e-02   1.200962e+02  -1.214190e+00
  1.060000e+01   5.906848e+00   2.448952e-01   6.581665e+01   8.802302e-04   5.392383e-05   1.376635e-02   1.200619e+02  -1.162056e+00
  1.065000e+01   5.918222e+00   2.152070e-01   6.581469e+01   8.817015e-04   2.553347e-05   7.930159e-03   1.199817e+02  -1.112260e+00
  1.070000e+01   5.928407e+00   1.968225e-01   6.583470e+01   8.828551e-04   1.221418e-05   3.567285e-03   1.198968e+02  -1.067357e+00
  1.075000e+01   5.937955e+00   1.866347e-01   6.589016e+01   8.819249e-04  -3.960089e-05  -1.436096e-02   1.198733e+02  -1.031956e+00
  1.080000e+01   5.946854e+00   1.692644e-01   6.592327e+01   8.800403e-04  -2.415423e-05  -8.809676e-03   1.199194e+02  -1.000301e+00
  1.085000e+01   5.954458e+00   1.373856e-01   6.588625e+01   8.801364e-04   1.676315e-05   8.383433e-03   1.199784e+02  -9.587607e-01
  1.090000e+01   5.960350e+00   1.038630e-01   6.583132e+01   8.808796e-04   6.626641e-06   3.626698e-03   1.200329e+02  -9.022975e-01
  1.095000e+01   5.964791e+00   7.825409e-02   6.579060e+01   8.804420e-04  -1.760592e-05  -1.522261e-02   1.200695e+02  -8.383042e-01
  1.100000e+01   5.968089e+00   5.711298e-02   6.570997e+01   8.796763e-04  -9.043485e-06  -9.727857e-03   1.200752e+02  -7.718801e-01
  1.105000e+01   5.970472e+00   4.139598e-02   6.560029e+01   8.797752e-04   9.082139e-06   1.519000e-02   1.200329e+02  -7.051802e-01
  1.110000e+01   5.972242e+00   3.144862e-02   6.551655e+01   8.804310e-04   1.423533e-05   2.981507e-02   1.199722e+02  -6.415983e-01
  1.115000e+01   5.973612e+00   2.462759e-02   6.546809e+01   8.810035e-04   8.122240e-06   2.091173e-02   1.199530e+02  -5.827199e-01
  1.120000e+01   5.974689e+00   1.931709e-02   6.543249e+01   8.811197e-04  -2.152989e-06  -8.483244e-03   1.199829e+02  -5.282649e-01
  1.125000e+01   5.975531e+00   1.513408e-02   6.539046e+01   8.807747e-04  -9.668806e-06  -4.268247e-02   1.200251e+02  -4.775833e-01
  1.130000e+01   5.976201e+00   1.224742e-02   6.535062e+01   8.802813e-04  -8.506121e-06  -4.453309e-02   1.200338e+02  -4.304677e-01
  1.135000e+01   5.976759e+00   1.044293e-02   6.532846e+01   8.801080e-04   1.073881e-06   9.037796e-03   1.200053e+02  -3.870107e-01
  1.140000e+01   5.977245e+00   9.232047e-03   6.532839e+01   8.804204e-04   9.118960e-06   6.561479e-02   1.199759e+02  -3.470621e-01
  1.145000e+01   5.977683e+00   8.451319e-03   6.536749e+01   8.808767e-04   7.836839e-06   5.945030e-02   1.199766e+02  -3.103283e-01
  1.150000e+01   5.978089e+00   7.900169e-03   6.543616e+01   8.811147e-04   2.658603e-06   2.109835e-02   1.200141e+02  -2.765129e-01
  1.155000e+01   5.978470e+00   7.398044e-03   6.548636e+01   8.812075e-04   1.984262e-06   1.802095e-02   1.200304e+02  -2.452121e-01
  1.160000e+01   5.978827e+00   6.965596e-03   6.549874e+01   8.813466e-04   3.198896e-06   3.021097e-02   1.199807e+02  -2.160628e-01
  1.165000e+01   5.979164e+00   6.560161e-03   6.550082e+01   8.814875e-04   2.198753e-06   2.133112e-02   1.199243e+02  -1.887926e-01
  1.170000e+01   5.979478e+00   6.026235e-03   6.551151e+01   8.815267e-04  -4.596199e-07  -6.139180e-03   1.199384e+02  -1.630664e-01
  1.175000e+01   5.979761e+00   5.393106e-03   6.551093e+01   8.814228e-04  -3.092535e-06  -3.833476e-02   1.199832e+02  -1.385121e-01
  1.180000e+01   5.980017e+00   4.954569e-03   6.551442e+01   8.812613e-04  -2.787772e-06  -3.600161e-02   1.199928e+02  -1.150154e-01
  1.185000e+01   5.980258e+00   4.734360e-03   6.554733e+01   8.811974e-04  -0.000000e+00  -1.115925e-04   1.199956e+02  -9.267966e-02
  1.190000e+01   5.980489e+00   4.504585e-03   6.558527e+01   8.812320e-04   8.978912e-07   1.301202e-02   1.200250e+02  -7.146902e-02
  1.195000e+01   5.980704e+00   4.160296e-03   6.558279e+01   8.812683e-04   6.436419e-07   1.020535e-02   1.200371e+02  -5.115609e-02
  1.200000e+01   5.980906e+00   4.000588e-03   6.558868e+01   8.813097e-04   1.046406e-06   1.748370e-02   1.199937e+02  -3.166643e-02
