# problem = TPV102
# author = Brad Aagaard
# date = Thu Jun 13 12:10:55 2013
# code = PyLith
# code_version = 1.8.1a (scecdynrup branch)
# element_size = 100 m
# time_step =   5.000000E-02
# num_timesteps =      241
# location = on fault, 9.0 km along strike and 7.5 km depth
# Time series in 7 columns of E14.6:
# Column #1 = time (s)
# Column #2 = horizontal right-lateral slip (m)
# Column #3 = horizontal right-lateral slip rate (m/s)
# Column #4 = horizontal right-lateral shear stress (MPa)
# Column #5 = vertical up-dip slip (m)
# Column #6 = vertical up-dip slip-rate (m/s)
# Column #7 = vertical up-dip shear stress (MPa)
# Column #8 = normal stress (MPa)
# Column #9 = log10(theta) (s)
#
# Data fields
t h-slip h-slip-rate h-shear-stress v-slip v-slip-rate v-shear-stress n-stress log-theta
#
  0.000000e+00  -0.000000e+00  -0.000000e+00  -0.000000e+00  -0.000000e+00  -0.000000e+00  -0.000000e+00  -0.000000e+00   9.205810e+00
  5.000000e-02  -0.000000e+00  -0.000000e+00   7.500000e+01  -0.000000e+00  -0.000000e+00  -1.863524e-16   1.200000e+02   9.205810e+00
  1.000000e-01  -0.000000e+00  -0.000000e+00   7.500000e+01  -0.000000e+00  -0.000000e+00  -6.653116e-16   1.200000e+02   9.205810e+00
  1.500000e-01  -0.000000e+00  -0.000000e+00   7.500000e+01  -0.000000e+00  -0.000000e+00  -2.180160e-16   1.200000e+02   9.205810e+00
  2.000000e-01  -0.000000e+00  -0.000000e+00   7.500000e+01  -0.000000e+00  -0.000000e+00  -5.655903e-16   1.200000e+02   9.205810e+00
  2.500000e-01  -0.000000e+00  -0.000000e+00   7.500000e+01  -0.000000e+00  -0.000000e+00  -4.595834e-16   1.200000e+02   9.205810e+00
  3.000000e-01  -0.000000e+00  -0.000000e+00   7.500000e+01  -0.000000e+00  -0.000000e+00  -3.865337e-16   1.200000e+02   9.205810e+00
  3.500000e-01  -0.000000e+00  -0.000000e+00   7.500000e+01  -0.000000e+00  -0.000000e+00  -3.648917e-16   1.200000e+02   9.205810e+00
  4.000000e-01  -0.000000e+00  -0.000000e+00   7.500000e+01  -0.000000e+00  -0.000000e+00  -4.515538e-16   1.200000e+02   9.205810e+00
  4.500000e-01  -0.000000e+00  -0.000000e+00   7.500000e+01  -0.000000e+00  -0.000000e+00  -4.709971e-16   1.200000e+02   9.205810e+00
  5.000000e-01  -0.000000e+00  -0.000000e+00   7.500000e+01  -0.000000e+00  -0.000000e+00  -3.990794e-16   1.200000e+02   9.205810e+00
  5.500000e-01  -0.000000e+00  -0.000000e+00   7.500000e+01  -0.000000e+00  -0.000000e+00  -4.471308e-16   1.200000e+02   9.205810e+00
  6.000000e-01  -0.000000e+00  -0.000000e+00   7.500000e+01  -0.000000e+00  -0.000000e+00  -3.917950e-16   1.200000e+02   9.205810e+00
  6.500000e-01  -0.000000e+00  -0.000000e+00   7.500000e+01  -0.000000e+00  -0.000000e+00  -4.437907e-16   1.200000e+02   9.205810e+00
  7.000000e-01  -0.000000e+00  -0.000000e+00   7.500000e+01  -0.000000e+00  -0.000000e+00  -4.138869e-16   1.200000e+02   9.205810e+00
  7.500000e-01  -0.000000e+00  -0.000000e+00   7.500000e+01  -0.000000e+00  -0.000000e+00  -4.148900e-16   1.200000e+02   9.205810e+00
  8.000000e-01  -0.000000e+00  -0.000000e+00   7.500000e+01  -0.000000e+00  -0.000000e+00  -3.918342e-16   1.200000e+02   9.205810e+00
  8.500000e-01  -0.000000e+00  -0.000000e+00   7.500000e+01  -0.000000e+00  -0.000000e+00  -5.074289e-16   1.200000e+02   9.205810e+00
  9.000000e-01  -0.000000e+00  -0.000000e+00   7.500000e+01  -0.000000e+00  -0.000000e+00  -3.943935e-16   1.200000e+02   9.205810e+00
  9.500000e-01  -0.000000e+00  -0.000000e+00   7.500000e+01  -0.000000e+00  -0.000000e+00  -4.211290e-16   1.200000e+02   9.205810e+00
  1.000000e+00  -0.000000e+00  -0.000000e+00   7.500000e+01  -0.000000e+00  -0.000000e+00  -4.072766e-16   1.200000e+02   9.205810e+00
  1.050000e+00  -0.000000e+00  -0.000000e+00   7.500000e+01  -0.000000e+00  -0.000000e+00  -4.433267e-16   1.200000e+02   9.205810e+00
  1.100000e+00  -0.000000e+00  -0.000000e+00   7.500000e+01  -0.000000e+00  -0.000000e+00  -4.301754e-16   1.200000e+02   9.205810e+00
  1.150000e+00  -0.000000e+00  -0.000000e+00   7.500000e+01  -0.000000e+00  -0.000000e+00  -3.965323e-16   1.200000e+02   9.205810e+00
  1.200000e+00  -0.000000e+00  -0.000000e+00   7.500000e+01  -0.000000e+00  -0.000000e+00  -4.335834e-16   1.200000e+02   9.205810e+00
  1.250000e+00  -0.000000e+00  -0.000000e+00   7.500000e+01  -0.000000e+00  -0.000000e+00  -4.267626e-16   1.200000e+02   9.205810e+00
  1.300000e+00  -0.000000e+00  -0.000000e+00   7.500000e+01  -0.000000e+00  -0.000000e+00  -4.007612e-16   1.200000e+02   9.205810e+00
  1.350000e+00  -0.000000e+00  -0.000000e+00   7.500000e+01  -0.000000e+00  -0.000000e+00  -4.493551e-16   1.200000e+02   9.205810e+00
  1.400000e+00  -0.000000e+00  -0.000000e+00   7.500000e+01  -0.000000e+00  -0.000000e+00  -1.057047e-15   1.200000e+02   9.205810e+00
  1.450000e+00  -0.000000e+00  -0.000000e+00   7.500000e+01  -0.000000e+00  -0.000000e+00  -1.610419e-14   1.200000e+02   9.205810e+00
  1.500000e+00  -0.000000e+00  -0.000000e+00   7.500000e+01  -0.000000e+00  -0.000000e+00  -2.006697e-13   1.200000e+02   9.205810e+00
  1.550000e+00  -0.000000e+00  -0.000000e+00   7.500000e+01  -0.000000e+00  -0.000000e+00  -1.451722e-12   1.200000e+02   9.205810e+00
  1.600000e+00  -0.000000e+00  -0.000000e+00   7.500000e+01  -0.000000e+00  -0.000000e+00  -7.480836e-12   1.200000e+02   9.205810e+00
  1.650000e+00  -0.000000e+00  -0.000000e+00   7.500000e+01  -0.000000e+00  -0.000000e+00  -3.954826e-11   1.200000e+02   9.205810e+00
  1.700000e+00  -0.000000e+00  -0.000000e+00   7.500000e+01  -0.000000e+00  -0.000000e+00  -2.202322e-10   1.200000e+02   9.205810e+00
  1.750000e+00  -0.000000e+00  -0.000000e+00   7.500000e+01  -0.000000e+00  -0.000000e+00  -1.061664e-09   1.200000e+02   9.205810e+00
  1.800000e+00  -0.000000e+00  -0.000000e+00   7.500000e+01  -0.000000e+00  -0.000000e+00  -4.372280e-09   1.200000e+02   9.205810e+00
  1.850000e+00  -0.000000e+00  -0.000000e+00   7.500000e+01  -0.000000e+00  -0.000000e+00  -1.605980e-08   1.200000e+02   9.205810e+00
  1.900000e+00  -0.000000e+00  -0.000000e+00   7.500000e+01  -0.000000e+00  -0.000000e+00  -5.323208e-08   1.200000e+02   9.205810e+00
  1.950000e+00  -0.000000e+00  -0.000000e+00   7.500000e+01  -0.000000e+00  -0.000000e+00  -1.592162e-07   1.200000e+02   9.205810e+00
  2.000000e+00  -0.000000e+00  -0.000000e+00   7.500001e+01  -0.000000e+00  -0.000000e+00  -4.289281e-07   1.200000e+02   9.205810e+00
  2.050000e+00  -0.000000e+00  -0.000000e+00   7.500003e+01  -0.000000e+00  -0.000000e+00  -1.039770e-06   1.200000e+02   9.205810e+00
  2.100000e+00  -0.000000e+00  -0.000000e+00   7.500006e+01  -0.000000e+00  -0.000000e+00  -2.269815e-06   1.200000e+02   9.205810e+00
  2.150000e+00  -0.000000e+00  -0.000000e+00   7.500013e+01  -0.000000e+00  -0.000000e+00  -4.473606e-06   1.200000e+02   9.205810e+00
  2.200000e+00  -0.000000e+00  -0.000000e+00   7.500026e+01  -0.000000e+00  -0.000000e+00  -7.999930e-06   1.200000e+02   9.205810e+00
  2.250000e+00  -0.000000e+00  -0.000000e+00   7.500048e+01  -0.000000e+00  -0.000000e+00  -1.308250e-05   1.200000e+02   9.205810e+00
  2.300000e+00  -0.000000e+00  -0.000000e+00   7.500080e+01  -0.000000e+00  -0.000000e+00  -1.977975e-05   1.200000e+02   9.205810e+00
  2.350000e+00  -0.000000e+00  -0.000000e+00   7.500123e+01  -0.000000e+00  -0.000000e+00  -2.804797e-05   1.200000e+02   9.205810e+00
  2.400000e+00  -0.000000e+00  -0.000000e+00   7.500180e+01  -0.000000e+00  -0.000000e+00  -3.799527e-05   1.200000e+02   9.205810e+00
  2.450000e+00  -0.000000e+00  -0.000000e+00   7.500252e+01  -0.000000e+00  -0.000000e+00  -5.027125e-05   1.200000e+02   9.205810e+00
  2.500000e+00  -0.000000e+00  -0.000000e+00   7.500342e+01  -0.000000e+00  -0.000000e+00  -6.648237e-05   1.200000e+02   9.205810e+00
  2.550000e+00  -0.000000e+00  -0.000000e+00   7.500459e+01  -0.000000e+00  -0.000000e+00  -8.972356e-05   1.200000e+02   9.205810e+00
  2.600000e+00  -0.000000e+00  -0.000000e+00   7.500623e+01  -0.000000e+00  -0.000000e+00  -1.258101e-04   1.200000e+02   9.205810e+00
  2.650000e+00  -0.000000e+00  -0.000000e+00   7.500868e+01  -0.000000e+00  -0.000000e+00  -1.866297e-04   1.200000e+02   9.205810e+00
  2.700000e+00  -0.000000e+00  -0.000000e+00   7.501269e+01  -0.000000e+00  -0.000000e+00  -2.988490e-04   1.200000e+02   9.205810e+00
  2.750000e+00  -0.000000e+00  -0.000000e+00   7.501990e+01  -0.000000e+00  -0.000000e+00  -5.260314e-04   1.199999e+02   9.205810e+00
  2.800000e+00  -0.000000e+00  -0.000000e+00   7.503413e+01  -0.000000e+00  -0.000000e+00  -1.009670e-03   1.199998e+02   9.205810e+00
  2.850000e+00  -0.000000e+00  -0.000000e+00   7.506309e+01  -0.000000e+00  -0.000000e+00  -1.946379e-03   1.199996e+02   9.205810e+00
  2.900000e+00  -0.000000e+00  -0.000000e+00   7.511607e+01  -0.000000e+00  -0.000000e+00  -3.285933e-03   1.199995e+02   9.205810e+00
  2.950000e+00  -0.000000e+00  -0.000000e+00   7.519259e+01  -0.000000e+00  -0.000000e+00  -4.568054e-03   1.199996e+02   9.205810e+00
  3.000000e+00  -0.000000e+00  -0.000000e+00   7.528048e+01  -0.000000e+00  -0.000000e+00  -5.671896e-03   1.199993e+02   9.205810e+00
  3.050000e+00  -0.000000e+00  -0.000000e+00   7.537543e+01  -0.000000e+00  -0.000000e+00  -6.985583e-03   1.199990e+02   9.205810e+00
  3.100000e+00  -0.000000e+00  -0.000000e+00   7.548290e+01  -0.000000e+00  -0.000000e+00  -8.855632e-03   1.199985e+02   9.205810e+00
  3.150000e+00  -0.000000e+00  -0.000000e+00   7.560499e+01  -0.000000e+00  -0.000000e+00  -1.101287e-02   1.199990e+02   9.205810e+00
  3.200000e+00  -0.000000e+00  -0.000000e+00   7.574328e+01  -0.000000e+00  -0.000000e+00  -1.273823e-02   1.199989e+02   9.205810e+00
  3.250000e+00  -0.000000e+00  -0.000000e+00   7.589974e+01  -0.000000e+00  -0.000000e+00  -1.489759e-02   1.199983e+02   9.205810e+00
  3.300000e+00  -0.000000e+00  -0.000000e+00   7.607380e+01  -0.000000e+00  -0.000000e+00  -1.764332e-02   1.199988e+02   9.205810e+00
  3.350000e+00  -0.000000e+00  -0.000000e+00   7.626583e+01  -0.000000e+00  -0.000000e+00  -2.040864e-02   1.199988e+02   9.205810e+00
  3.400000e+00  -0.000000e+00  -0.000000e+00   7.647851e+01  -0.000000e+00  -0.000000e+00  -2.431104e-02   1.199988e+02   9.205810e+00
  3.450000e+00  -0.000000e+00  -0.000000e+00   7.671209e+01  -0.000000e+00  -0.000000e+00  -2.835285e-02   1.200002e+02   9.205810e+00
  3.500000e+00  -0.000000e+00  -0.000000e+00   7.696410e+01  -0.000000e+00  -0.000000e+00  -3.122709e-02   1.199997e+02   9.205810e+00
  3.550000e+00  -0.000000e+00  -0.000000e+00   7.724028e+01  -0.000000e+00  -0.000000e+00  -3.532222e-02   1.199944e+02   9.205810e+00
  3.600000e+00  -0.000000e+00  -0.000000e+00   7.753998e+01  -0.000000e+00  -0.000000e+00  -4.153149e-02   1.199975e+02   9.205810e+00
  3.650000e+00  -0.000000e+00  -0.000000e+00   7.783413e+01  -0.000000e+00  -0.000000e+00  -4.476758e-02   1.200078e+02   9.205810e+00
  3.700000e+00  -0.000000e+00  -0.000000e+00   7.800052e+01  -0.000000e+00  -0.000000e+00  -2.951650e-02   1.200175e+02   9.205810e+00
  3.750000e+00  -0.000000e+00  -0.000000e+00   7.761349e+01  -0.000000e+00  -0.000000e+00   2.662347e-02   1.200274e+02   9.205810e+00
  3.800000e+00  -0.000000e+00  -0.000000e+00   7.645836e+01  -0.000000e+00  -0.000000e+00   7.685626e-02   1.200183e+02   9.205810e+00
  3.850000e+00  -0.000000e+00  -0.000000e+00   7.534470e+01  -0.000000e+00  -0.000000e+00   5.989856e-02   1.200142e+02   9.205810e+00
  3.900000e+00  -0.000000e+00  -0.000000e+00   7.497231e+01  -0.000000e+00  -0.000000e+00   2.892929e-03   1.200165e+02   9.205810e+00
  3.950000e+00  -0.000000e+00  -0.000000e+00   7.536136e+01  -0.000000e+00  -0.000000e+00  -4.045616e-02   1.200188e+02   9.205810e+00
  4.000000e+00  -0.000000e+00  -0.000000e+00   7.572158e+01  -0.000000e+00  -0.000000e+00  -1.993906e-02   1.200092e+02   9.205810e+00
  4.050000e+00  -0.000000e+00  -0.000000e+00   7.585122e+01  -0.000000e+00  -0.000000e+00  -9.162890e-03   1.199961e+02   9.205810e+00
  4.100000e+00  -0.000000e+00  -0.000000e+00   7.589627e+01  -0.000000e+00  -0.000000e+00  -1.574174e-02   1.199872e+02   9.205810e+00
  4.150000e+00  -0.000000e+00  -0.000000e+00   7.601418e+01  -0.000000e+00  -0.000000e+00  -2.991448e-02   1.199731e+02   9.205810e+00
  4.200000e+00  -0.000000e+00  -0.000000e+00   7.626324e+01  -0.000000e+00  -0.000000e+00  -3.805941e-02   1.199877e+02   9.205810e+00
  4.250000e+00  -0.000000e+00  -0.000000e+00   7.655409e+01  -0.000000e+00  -0.000000e+00  -3.013102e-02   1.200098e+02   9.205810e+00
  4.300000e+00  -0.000000e+00  -0.000000e+00   7.687571e+01  -0.000000e+00  -0.000000e+00  -3.095566e-02   1.200287e+02   9.205810e+00
  4.350000e+00  -0.000000e+00  -0.000000e+00   7.725536e+01  -0.000000e+00  -0.000000e+00  -4.315894e-02   1.200195e+02   9.205810e+00
  4.400000e+00  -0.000000e+00  -0.000000e+00   7.769611e+01  -0.000000e+00  -0.000000e+00  -7.581135e-02   1.199985e+02   9.205810e+00
  4.450000e+00  -0.000000e+00  -0.000000e+00   7.817979e+01  -0.000000e+00  -0.000000e+00  -9.486422e-02   1.200029e+02   9.205810e+00
  4.500000e+00  -0.000000e+00  -0.000000e+00   7.864208e+01  -0.000000e+00  -0.000000e+00  -9.082853e-02   1.200488e+02   9.205810e+00
  4.550000e+00  -0.000000e+00  -0.000000e+00   7.922153e+01  -0.000000e+00  -0.000000e+00  -1.132369e-01   1.200807e+02   9.205810e+00
  4.600000e+00  -0.000000e+00  -0.000000e+00   7.991730e+01  -0.000000e+00  -0.000000e+00  -1.531375e-01   1.200337e+02   9.205810e+00
  4.650000e+00  -0.000000e+00  -0.000000e+00   8.073556e+01  -0.000000e+00  -0.000000e+00  -1.805233e-01   1.199917e+02   9.205810e+00
  4.700000e+00  -0.000000e+00  -0.000000e+00   8.180516e+01  -0.000000e+00  -0.000000e+00  -2.100661e-01   1.200150e+02   9.205810e+00
  4.750000e+00  -0.000000e+00  -0.000000e+00   8.333014e+01  -0.000000e+00  -0.000000e+00  -3.077111e-01   1.201208e+02   9.205810e+00
  4.800000e+00  -0.000000e+00  -0.000000e+00   8.586371e+01  -0.000000e+00  -0.000000e+00  -4.542918e-01   1.201378e+02   9.205810e+00
  4.850000e+00   2.095701e-04   3.066280e-02   9.860570e+01  -7.797471e-07  -1.134245e-04  -3.599127e-01   1.198937e+02   9.203157e+00
  4.900000e+00   1.153208e-01   3.416053e+00   9.540790e+01   1.911240e-06   1.951282e-02   5.862431e-01   1.197182e+02   6.825490e+00
  4.950000e+00   3.278177e-01   5.109805e+00   8.123858e+01   5.035744e-04   9.942531e-03   1.511452e-01   1.198566e+02   2.273143e+00
  5.000000e+00   5.632659e-01   4.392264e+00   6.533388e+01  -3.858341e-04  -3.151937e-02  -4.807714e-01   1.200278e+02  -2.232239e+00
  5.050000e+00   7.297306e-01   3.175420e+00   6.488696e+01  -1.714085e-03  -2.767488e-02  -5.462270e-01   1.201124e+02  -2.197840e+00
  5.100000e+00   8.625437e-01   2.353516e+00   6.493070e+01  -2.460684e-03  -1.962205e-02  -5.326739e-01   1.200416e+02  -2.080203e+00
  5.150000e+00   9.782859e-01   2.095290e+00   6.484674e+01  -3.185188e-03  -1.149989e-02  -3.270909e-01   1.198725e+02  -2.038946e+00
  5.200000e+00   1.080335e+00   2.059229e+00   6.494514e+01  -3.625376e-03  -1.257651e-02  -3.950143e-01   1.198607e+02  -2.012191e+00
  5.250000e+00   1.172167e+00   1.750155e+00   6.504393e+01  -4.117233e-03  -5.881886e-03  -2.006092e-01   1.199283e+02  -1.946003e+00
  5.300000e+00   1.259978e+00   1.738213e+00   6.502821e+01  -4.326178e-03  -8.000542e-03  -3.195504e-01   1.198991e+02  -1.942758e+00
  5.350000e+00   1.342877e+00   1.623864e+00   6.518401e+01  -4.731023e-03  -5.291170e-03  -2.139161e-01   1.201140e+02  -1.912695e+00
  5.400000e+00   1.422853e+00   1.522604e+00   6.514717e+01  -4.962197e-03  -3.236295e-03  -1.431920e-01   1.200666e+02  -1.893604e+00
  5.450000e+00   1.497476e+00   1.475671e+00   6.517236e+01  -5.221362e-03  -4.532057e-03  -1.931289e-01   1.200193e+02  -1.871979e+00
  5.500000e+00   1.569567e+00   1.443196e+00   6.510047e+01  -5.418878e-03  -4.505534e-03  -2.041165e-01   1.198372e+02  -1.858587e+00
  5.550000e+00   1.637691e+00   1.357505e+00   6.523435e+01  -5.580986e-03  -2.829102e-03  -1.387302e-01   1.200069e+02  -1.830081e+00
  5.600000e+00   1.704267e+00   1.310541e+00   6.527479e+01  -5.695207e-03  -1.570087e-03  -8.078781e-02   1.200804e+02  -1.818637e+00
  5.650000e+00   1.769425e+00   1.275166e+00   6.531606e+01  -5.831333e-03  -3.043292e-03  -1.597795e-01   1.201540e+02  -1.809458e+00
  5.700000e+00   1.834969e+00   1.302998e+00   6.520941e+01  -6.052820e-03  -3.347493e-03  -1.586880e-01   1.199656e+02  -1.816813e+00
  5.750000e+00   1.899582e+00   1.256999e+00   6.517174e+01  -6.207704e-03  -2.940591e-03  -1.474714e-01   1.199148e+02  -1.807272e+00
  5.800000e+00   1.961005e+00   1.222024e+00   6.521832e+01  -6.319021e-03  -2.296398e-03  -1.237000e-01   1.199236e+02  -1.788703e+00
  5.850000e+00   2.021158e+00   1.204702e+00   6.528420e+01  -6.466321e-03  -3.273404e-03  -1.764865e-01   1.200070e+02  -1.779525e+00
  5.900000e+00   2.080968e+00   1.197780e+00   6.530568e+01  -6.625540e-03  -3.299462e-03  -1.802537e-01   1.200342e+02  -1.776324e+00
  5.950000e+00   2.141336e+00   1.200341e+00   6.528555e+01  -6.784674e-03  -2.625207e-03  -1.394109e-01   1.200217e+02  -1.779906e+00
  6.000000e+00   2.201241e+00   1.192427e+00   6.527805e+01  -6.942141e-03  -3.796715e-03  -2.049769e-01   1.200035e+02  -1.777094e+00
  6.050000e+00   2.259663e+00   1.143051e+00   6.526850e+01  -7.087211e-03  -3.475770e-03  -2.053751e-01   1.199862e+02  -1.763624e+00
  6.100000e+00   2.316337e+00   1.129787e+00   6.529804e+01  -7.287024e-03  -3.636008e-03  -2.080436e-01   1.199916e+02  -1.753629e+00
  6.150000e+00   2.374331e+00   1.194859e+00   6.530524e+01  -7.476837e-03  -4.671659e-03  -2.608975e-01   1.199812e+02  -1.768320e+00
  6.200000e+00   2.432867e+00   1.137775e+00   6.527945e+01  -7.727252e-03  -4.190444e-03  -2.359831e-01   1.200171e+02  -1.763198e+00
  6.250000e+00   2.486590e+00   1.053171e+00   6.531460e+01  -7.933781e-03  -4.769519e-03  -2.970306e-01   1.199895e+02  -1.727424e+00
  6.300000e+00   2.539711e+00   1.052473e+00   6.533795e+01  -8.152850e-03  -4.392537e-03  -2.775602e-01   1.200225e+02  -1.725062e+00
  6.350000e+00   2.589634e+00   9.636625e-01   6.533795e+01  -8.431591e-03  -6.252129e-03  -4.271991e-01   1.200039e+02  -1.694917e+00
  6.400000e+00   2.635740e+00   9.016970e-01   6.537067e+01  -8.772923e-03  -7.575581e-03  -5.560991e-01   1.199783e+02  -1.662798e+00
  6.450000e+00   2.681853e+00   9.395422e-01   6.540621e+01  -9.214460e-03  -9.252406e-03  -6.442149e-01   1.199756e+02  -1.666113e+00
  6.500000e+00   2.731763e+00   1.053215e+00   6.539666e+01  -9.718724e-03  -1.054473e-02  -6.506390e-01   1.199650e+02  -1.703228e+00
  6.550000e+00   2.787113e+00   1.147783e+00   6.534595e+01  -1.018126e-02  -8.133009e-03  -4.572342e-01   1.199871e+02  -1.746378e+00
  6.600000e+00   2.844827e+00   1.136224e+00   6.531080e+01  -1.050798e-02  -5.319844e-03  -3.019061e-01   1.200402e+02  -1.758451e+00
  6.650000e+00   2.901333e+00   1.142650e+00   6.533535e+01  -1.071876e-02  -3.350208e-03  -1.870582e-01   1.200303e+02  -1.753633e+00
  6.700000e+00   2.959781e+00   1.178883e+00   6.531910e+01  -1.081707e-02  -8.117663e-04  -4.004868e-02   1.200370e+02  -1.768084e+00
  6.750000e+00   3.018724e+00   1.181071e+00   6.527897e+01  -1.079470e-02   1.345956e-03   7.862808e-02   1.199771e+02  -1.770584e+00
  6.800000e+00   3.078501e+00   1.215209e+00   6.529162e+01  -1.066584e-02   3.258187e-03   1.759305e-01   1.199931e+02  -1.778851e+00
  6.850000e+00   3.139515e+00   1.206637e+00   6.525782e+01  -1.050009e-02   3.439508e-03   1.881410e-01   1.199905e+02  -1.783864e+00
  6.900000e+00   3.198453e+00   1.172324e+00   6.528258e+01  -1.028579e-02   5.037426e-03   2.838106e-01   1.199916e+02  -1.769299e+00
  6.950000e+00   3.258223e+00   1.211919e+00   6.529000e+01  -9.978942e-03   6.849015e-03   3.702751e-01   1.199986e+02  -1.778775e+00
  7.000000e+00   3.318934e+00   1.211606e+00   6.532063e+01  -9.636271e-03   6.818127e-03   3.686244e-01   1.200865e+02  -1.782751e+00
  7.050000e+00   3.379495e+00   1.206938e+00   6.529847e+01  -9.266001e-03   7.832728e-03   4.251145e-01   1.200513e+02  -1.781994e+00
  7.100000e+00   3.438720e+00   1.175758e+00   6.528150e+01  -8.879915e-03   7.370711e-03   4.067333e-01   1.199977e+02  -1.771078e+00
  7.150000e+00   3.498747e+00   1.228918e+00   6.526160e+01  -8.546630e-03   6.268330e-03   3.315959e-01   1.199333e+02  -1.781810e+00
  7.200000e+00   3.561618e+00   1.263999e+00   6.522052e+01  -8.223980e-03   6.744562e-03   3.492916e-01   1.199273e+02  -1.799411e+00
  7.250000e+00   3.624171e+00   1.247961e+00   6.522771e+01  -7.877454e-03   6.959031e-03   3.631467e-01   1.199393e+02  -1.795426e+00
  7.300000e+00   3.687087e+00   1.255544e+00   6.520601e+01  -7.558815e-03   5.569739e-03   2.853168e-01   1.199135e+02  -1.798917e+00
  7.350000e+00   3.748219e+00   1.200975e+00   6.525573e+01  -7.358264e-03   2.713480e-03   1.417072e-01   1.199910e+02  -1.783246e+00
  7.400000e+00   3.808390e+00   1.211089e+00   6.533883e+01  -7.310946e-03  -2.528630e-04  -1.759352e-02   1.201022e+02  -1.780622e+00
  7.450000e+00   3.869224e+00   1.217841e+00   6.535104e+01  -7.372840e-03  -1.942677e-03  -1.075825e-01   1.201404e+02  -1.784317e+00
  7.500000e+00   3.929666e+00   1.201312e+00   6.530528e+01  -7.535446e-03  -4.418486e-03  -2.457298e-01   1.200598e+02  -1.780328e+00
  7.550000e+00   3.989073e+00   1.174501e+00   6.529144e+01  -7.847280e-03  -7.669142e-03  -4.328356e-01   1.200299e+02  -1.772271e+00
  7.600000e+00   4.047416e+00   1.166196e+00   6.525716e+01  -8.320392e-03  -1.073403e-02  -6.054963e-01   1.199391e+02  -1.766148e+00
  7.650000e+00   4.104783e+00   1.119550e+00   6.526379e+01  -8.915183e-03  -1.265033e-02  -7.428418e-01   1.199754e+02  -1.755622e+00
  7.700000e+00   4.157845e+00   1.013919e+00   6.530753e+01  -9.618251e-03  -1.553947e-02  -1.014090e+00   1.200297e+02  -1.720052e+00
  7.750000e+00   4.206031e+00   9.379822e-01   6.534016e+01  -1.055747e-02  -2.179522e-02  -1.538513e+00   1.200009e+02  -1.681765e+00
  7.800000e+00   4.255208e+00   1.073500e+00   6.544900e+01  -1.197549e-02  -3.525451e-02  -2.167841e+00   1.200451e+02  -1.700750e+00
  7.850000e+00   4.324180e+00   1.662143e+00   6.533167e+01  -1.441437e-02  -5.805104e-02  -2.266864e+00   1.200558e+02  -1.872612e+00
  7.900000e+00   4.420762e+00   2.039348e+00   6.499368e+01  -1.706631e-02  -4.204781e-02  -1.303544e+00   1.199058e+02  -2.001863e+00
  7.950000e+00   4.518438e+00   1.838929e+00   6.496720e+01  -1.836060e-02  -1.673326e-02  -5.778472e-01   1.199115e+02  -1.975231e+00
  8.000000e+00   4.602202e+00   1.571484e+00   6.509173e+01  -1.892347e-02  -8.360969e-03  -3.410469e-01   1.199989e+02  -1.907907e+00
  8.050000e+00   4.676816e+00   1.443578e+00   6.515857e+01  -1.923970e-02  -5.045836e-03  -2.238812e-01   1.200026e+02  -1.866145e+00
  8.100000e+00   4.747029e+00   1.383248e+00   6.516625e+01  -1.939373e-02  -1.417384e-03  -6.094006e-02   1.199447e+02  -1.843609e+00
  8.150000e+00   4.814791e+00   1.327724e+00   6.520753e+01  -1.939504e-02   3.980482e-04   1.890919e-02   1.199995e+02  -1.827608e+00
  8.200000e+00   4.879179e+00   1.260013e+00   6.526055e+01  -1.941064e-02  -1.015731e-03  -5.532474e-02   1.200529e+02  -1.805296e+00
  8.250000e+00   4.940963e+00   1.223806e+00   6.525543e+01  -1.947711e-02  -1.072658e-03  -5.408529e-02   1.199914e+02  -1.789437e+00
  8.300000e+00   5.002110e+00   1.219858e+00   6.525687e+01  -1.945616e-02   1.756965e-03   9.956581e-02   1.199798e+02  -1.786376e+00
  8.350000e+00   5.061212e+00   1.140918e+00   6.529711e+01  -1.930675e-02   3.444628e-03   1.975728e-01   1.200685e+02  -1.766706e+00
  8.400000e+00   5.115976e+00   1.078431e+00   6.531475e+01  -1.915625e-02   2.598568e-03   1.558588e-01   1.200039e+02  -1.736772e+00
  8.450000e+00   5.171543e+00   1.145868e+00   6.527506e+01  -1.903548e-02   2.372879e-03   1.347421e-01   1.198795e+02  -1.749221e+00
  8.500000e+00   5.229542e+00   1.149124e+00   6.530373e+01  -1.892213e-02   2.182894e-03   1.242554e-01   1.200268e+02  -1.762003e+00
  8.550000e+00   5.284650e+00   1.066823e+00   6.532479e+01  -1.879845e-02   2.898644e-03   1.804098e-01   1.200542e+02  -1.737125e+00
  8.600000e+00   5.336616e+00   1.025023e+00   6.532542e+01  -1.862792e-02   3.574200e-03   2.274237e-01   1.199823e+02  -1.714929e+00
  8.650000e+00   5.387512e+00   1.015585e+00   6.533041e+01  -1.847456e-02   2.481109e-03   1.563158e-01   1.199524e+02  -1.706867e+00
  8.700000e+00   5.438459e+00   1.022872e+00   6.531250e+01  -1.837780e-02   1.858801e-03   1.200450e-01   1.199084e+02  -1.707639e+00
  8.750000e+00   5.489364e+00   1.005148e+00   6.533459e+01  -1.825729e-02   2.792488e-03   1.828491e-01   1.199766e+02  -1.705474e+00
  8.800000e+00   5.537374e+00   9.178535e-01   6.539879e+01  -1.812258e-02   2.386464e-03   1.680311e-01   1.201008e+02  -1.677699e+00
  8.850000e+00   5.580612e+00   8.352604e-01   6.547504e+01  -1.804072e-02   1.038943e-03   7.808991e-02   1.201435e+02  -1.635666e+00
  8.900000e+00   5.622568e+00   8.533032e-01   6.547580e+01  -1.802277e-02  -1.168130e-04  -1.149669e-02   1.200255e+02  -1.625961e+00
  8.950000e+00   5.665591e+00   8.509231e-01   6.537865e+01  -1.804911e-02  -6.970490e-04  -5.380570e-02   1.199042e+02  -1.632256e+00
  9.000000e+00   5.705899e+00   7.683835e-01   6.536379e+01  -1.807966e-02  -5.206156e-04  -4.407907e-02   1.198988e+02  -1.603757e+00
  9.050000e+00   5.742469e+00   7.083598e-01   6.546035e+01  -1.810976e-02  -7.890394e-04  -7.525307e-02   1.199859e+02  -1.566245e+00
  9.100000e+00   5.775959e+00   6.319175e-01   6.550959e+01  -1.817160e-02  -1.548260e-03  -1.630996e-01   1.200569e+02  -1.527999e+00
  9.150000e+00   5.804604e+00   5.304750e-01   6.551402e+01  -1.825257e-02  -1.546304e-03  -1.905550e-01   1.200137e+02  -1.467822e+00
  9.200000e+00   5.829226e+00   4.720197e-01   6.559576e+01  -1.832056e-02  -1.260395e-03  -1.751196e-01   1.200030e+02  -1.409793e+00
  9.250000e+00   5.852591e+00   4.690103e-01   6.570625e+01  -1.838511e-02  -1.338137e-03  -1.876625e-01   1.200237e+02  -1.381016e+00
  9.300000e+00   5.876007e+00   4.626471e-01   6.572806e+01  -1.844868e-02  -1.155514e-03  -1.628897e-01   1.200401e+02  -1.372727e+00
  9.350000e+00   5.898245e+00   4.296890e-01   6.571251e+01  -1.850158e-02  -1.067850e-03  -1.647716e-01   1.200357e+02  -1.354028e+00
  9.400000e+00   5.918575e+00   3.860803e-01   6.565393e+01  -1.856060e-02  -1.225616e-03  -2.091214e-01   1.199348e+02  -1.322565e+00
  9.450000e+00   5.936400e+00   3.374568e-01   6.566333e+01  -1.861789e-02  -1.085667e-03  -2.115524e-01   1.199143e+02  -1.277336e+00
  9.500000e+00   5.952900e+00   3.298113e-01   6.582370e+01  -1.867439e-02  -1.196618e-03  -2.397061e-01   1.200208e+02  -1.242582e+00
  9.550000e+00   5.969666e+00   3.403033e-01   6.590944e+01  -1.873652e-02  -1.247511e-03  -2.410993e-01   1.200520e+02  -1.232488e+00
  9.600000e+00   5.986894e+00   3.434210e-01   6.589060e+01  -1.879756e-02  -1.195305e-03  -2.292663e-01   1.200199e+02  -1.234745e+00
  9.650000e+00   6.002979e+00   2.991007e-01   6.580727e+01  -1.885534e-02  -1.138155e-03  -2.521190e-01   1.200281e+02  -1.217564e+00
  9.700000e+00   6.016756e+00   2.656395e-01   6.582421e+01  -1.891518e-02  -1.273227e-03  -3.175079e-01   1.200072e+02  -1.176016e+00
  9.750000e+00   6.030285e+00   2.768926e-01   6.594528e+01  -1.898451e-02  -1.445744e-03  -3.440363e-01   1.200052e+02  -1.153758e+00
  9.800000e+00   6.044474e+00   2.881977e-01   6.598401e+01  -1.905443e-02  -1.316617e-03  -2.990941e-01   1.199973e+02  -1.153052e+00
  9.850000e+00   6.059020e+00   2.911198e-01   6.595587e+01  -1.911181e-02  -1.022176e-03  -2.298566e-01   1.199609e+02  -1.158081e+00
  9.900000e+00   6.073451e+00   2.870847e-01   6.596496e+01  -1.915903e-02  -9.267487e-04  -2.132695e-01   1.200065e+02  -1.158606e+00
  9.950000e+00   6.087727e+00   2.828018e-01   6.595922e+01  -1.920777e-02  -1.024892e-03  -2.404570e-01   1.200131e+02  -1.156495e+00
  1.000000e+01   6.101359e+00   2.634595e-01   6.591463e+01  -1.926370e-02  -1.199114e-03  -3.024007e-01   1.199950e+02  -1.145098e+00
  1.005000e+01   6.114027e+00   2.466753e-01   6.590842e+01  -1.932746e-02  -1.300072e-03  -3.478067e-01   1.199749e+02  -1.124417e+00
  1.010000e+01   6.125804e+00   2.249352e-01   6.588785e+01  -1.938968e-02  -1.187387e-03  -3.480088e-01   1.199550e+02  -1.099491e+00
  1.015000e+01   6.136325e+00   2.016693e-01   6.590849e+01  -1.944692e-02  -1.138007e-03  -3.731534e-01   1.199786e+02  -1.065801e+00
  1.020000e+01   6.146243e+00   1.975212e-01   6.601058e+01  -1.950580e-02  -1.205959e-03  -4.033978e-01   1.200213e+02  -1.037344e+00
  1.025000e+01   6.156013e+00   1.931654e-01   6.607519e+01  -1.956428e-02  -1.108838e-03  -3.774568e-01   1.200616e+02  -1.018337e+00
  1.030000e+01   6.165622e+00   1.925745e-01   6.611174e+01  -1.961448e-02  -9.326024e-04  -3.185040e-01   1.200440e+02  -1.004392e+00
  1.035000e+01   6.175233e+00   1.902439e-01   6.609626e+01  -1.965865e-02  -8.691584e-04  -3.027569e-01   1.199892e+02  -9.960032e-01
  1.040000e+01   6.184386e+00   1.764184e-01   6.603724e+01  -1.970441e-02  -9.602588e-04  -3.616709e-01   1.199418e+02  -9.829434e-01
  1.045000e+01   6.192674e+00   1.567521e-01   6.601524e+01  -1.975193e-02  -8.958563e-04  -3.760052e-01   1.199763e+02  -9.598776e-01
  1.050000e+01   6.199853e+00   1.340376e-01   6.602449e+01  -1.978983e-02  -6.629366e-04  -3.255018e-01   1.200643e+02  -9.258175e-01
  1.055000e+01   6.206202e+00   1.242921e-01   6.608819e+01  -1.982121e-02  -6.343556e-04  -3.385723e-01   1.200787e+02  -8.887336e-01
  1.060000e+01   6.212458e+00   1.258440e-01   6.614491e+01  -1.985465e-02  -6.791097e-04  -3.562642e-01   1.199936e+02  -8.619209e-01
  1.065000e+01   6.218635e+00   1.203180e-01   6.612708e+01  -1.988496e-02  -5.216760e-04  -2.833210e-01   1.199225e+02  -8.418775e-01
  1.070000e+01   6.224378e+00   1.111657e-01   6.613945e+01  -1.990589e-02  -3.702473e-04  -2.201891e-01   1.199489e+02  -8.197392e-01
  1.075000e+01   6.229812e+00   1.076594e-01   6.623033e+01  -1.992615e-02  -4.593566e-04  -2.858942e-01   1.200354e+02  -7.980908e-01
  1.080000e+01   6.235230e+00   1.097069e-01   6.632646e+01  -1.995307e-02  -5.836618e-04  -3.535807e-01   1.200744e+02  -7.819397e-01
  1.085000e+01   6.240895e+00   1.163548e-01   6.639188e+01  -1.998287e-02  -5.960154e-04  -3.393802e-01   1.200418e+02  -7.746276e-01
  1.090000e+01   6.246869e+00   1.211444e-01   6.638150e+01  -2.001357e-02  -6.421369e-04  -3.532521e-01   1.199559e+02  -7.750150e-01
  1.095000e+01   6.252901e+00   1.189091e-01   6.631238e+01  -2.004715e-02  -6.674139e-04  -3.712811e-01   1.198777e+02  -7.764466e-01
  1.100000e+01   6.258551e+00   1.074704e-01   6.625820e+01  -2.007548e-02  -4.623960e-04  -2.806286e-01   1.199264e+02  -7.703963e-01
  1.105000e+01   6.263548e+00   9.467754e-02   6.625327e+01  -2.009092e-02  -1.978930e-04  -1.335768e-01   1.200390e+02  -7.536185e-01
  1.110000e+01   6.268015e+00   8.570037e-02   6.625247e+01  -2.009534e-02  -2.224734e-05  -1.438993e-02   1.200741e+02  -7.308939e-01
  1.115000e+01   6.272080e+00   7.780555e-02   6.621793e+01  -2.009478e-02   1.673532e-05   1.355529e-02   1.200312e+02  -7.058554e-01
  1.120000e+01   6.275700e+00   6.789916e-02   6.616755e+01  -2.009528e-02  -3.362827e-05  -3.446988e-02   1.200136e+02  -6.779166e-01
  1.125000e+01   6.278775e+00   5.668241e-02   6.610906e+01  -2.009750e-02  -4.111523e-05  -4.713030e-02   1.200293e+02  -6.453466e-01
  1.130000e+01   6.281340e+00   4.761038e-02   6.603799e+01  -2.009863e-02  -1.092513e-05  -1.461142e-02   1.199863e+02  -6.092487e-01
  1.135000e+01   6.283523e+00   4.087748e-02   6.599358e+01  -2.009937e-02  -2.444748e-05  -4.143270e-02   1.199476e+02  -5.722367e-01
  1.140000e+01   6.285423e+00   3.613287e-02   6.601539e+01  -2.010154e-02  -5.699446e-05  -1.060209e-01   1.199805e+02  -5.358891e-01
  1.145000e+01   6.287141e+00   3.310331e-02   6.604778e+01  -2.010475e-02  -6.338344e-05  -1.256578e-01   1.199840e+02  -5.016211e-01
  1.150000e+01   6.288704e+00   2.970341e-02   6.601817e+01  -2.010694e-02  -2.338859e-05  -4.827743e-02   1.199266e+02  -4.692904e-01
  1.155000e+01   6.290061e+00   2.496294e-02   6.595336e+01  -2.010680e-02   1.828430e-05   5.068478e-02   1.199240e+02  -4.372409e-01
  1.160000e+01   6.291148e+00   1.924892e-02   6.587911e+01  -2.010562e-02   2.273576e-05   7.748600e-02   1.200465e+02  -4.038328e-01
  1.165000e+01   6.291971e+00   1.467970e-02   6.577549e+01  -2.010490e-02   6.849536e-06   2.796311e-02   1.201174e+02  -3.689820e-01
  1.170000e+01   6.292643e+00   1.288271e-02   6.571518e+01  -2.010509e-02  -1.148225e-05  -6.120633e-02   1.200188e+02  -3.348258e-01
  1.175000e+01   6.293273e+00   1.232223e-02   6.572463e+01  -2.010598e-02  -2.100643e-05  -1.131904e-01   1.199235e+02  -3.032619e-01
  1.180000e+01   6.293846e+00   1.061315e-02   6.569782e+01  -2.010710e-02  -2.235925e-05  -1.388454e-01   1.199640e+02  -2.735840e-01
  1.185000e+01   6.294315e+00   8.527823e-03   6.562635e+01  -2.010803e-02  -1.436813e-05  -1.079763e-01   1.200399e+02  -2.444236e-01
  1.190000e+01   6.294701e+00   7.217173e-03   6.558725e+01  -2.010836e-02  -8.044311e-07  -4.076889e-03   1.200832e+02  -2.159529e-01
  1.195000e+01   6.295049e+00   6.952410e-03   6.565154e+01  -2.010826e-02   1.104038e-06   7.621760e-03   1.200912e+02  -1.889177e-01
  1.200000e+01   6.295423e+00   8.093655e-03   6.586308e+01  -2.010872e-02  -2.078993e-05  -1.773681e-01   1.200520e+02  -1.644017e-01
