# problem = TPV102
# author = Brad Aagaard
# date = Thu Jun 13 12:10:55 2013
# code = PyLith
# code_version = 1.8.1a (scecdynrup branch)
# element_size = 100 m
# time_step =   5.000000E-02
# num_timesteps =      241
# location = on fault, -12.0 km along strike and 12.0 km depth
# Time series in 7 columns of E14.6:
# Column #1 = time (s)
# Column #2 = horizontal right-lateral slip (m)
# Column #3 = horizontal right-lateral slip rate (m/s)
# Column #4 = horizontal right-lateral shear stress (MPa)
# Column #5 = vertical up-dip slip (m)
# Column #6 = vertical up-dip slip-rate (m/s)
# Column #7 = vertical up-dip shear stress (MPa)
# Column #8 = normal stress (MPa)
# Column #9 = log10(theta) (s)
#
# Data fields
t h-slip h-slip-rate h-shear-stress v-slip v-slip-rate v-shear-stress n-stress log-theta
#
  0.000000e+00  -0.000000e+00  -0.000000e+00  -0.000000e+00  -0.000000e+00  -0.000000e+00  -0.000000e+00  -0.000000e+00   9.205810e+00
  5.000000e-02  -0.000000e+00  -0.000000e+00   7.500000e+01  -0.000000e+00  -0.000000e+00  -5.308045e-16   1.200000e+02   9.205810e+00
  1.000000e-01  -0.000000e+00  -0.000000e+00   7.500000e+01  -0.000000e+00  -0.000000e+00  -7.625532e-16   1.200000e+02   9.205810e+00
  1.500000e-01  -0.000000e+00  -0.000000e+00   7.500000e+01  -0.000000e+00  -0.000000e+00  -7.907721e-16   1.200000e+02   9.205810e+00
  2.000000e-01  -0.000000e+00  -0.000000e+00   7.500000e+01  -0.000000e+00  -0.000000e+00  -7.152995e-16   1.200000e+02   9.205810e+00
  2.500000e-01  -0.000000e+00  -0.000000e+00   7.500000e+01  -0.000000e+00  -0.000000e+00  -5.139340e-16   1.200000e+02   9.205810e+00
  3.000000e-01  -0.000000e+00  -0.000000e+00   7.500000e+01  -0.000000e+00  -0.000000e+00  -7.729947e-16   1.200000e+02   9.205810e+00
  3.500000e-01  -0.000000e+00  -0.000000e+00   7.500000e+01  -0.000000e+00  -0.000000e+00  -7.210535e-16   1.200000e+02   9.205810e+00
  4.000000e-01  -0.000000e+00  -0.000000e+00   7.500000e+01  -0.000000e+00  -0.000000e+00  -6.725667e-16   1.200000e+02   9.205810e+00
  4.500000e-01  -0.000000e+00  -0.000000e+00   7.500000e+01  -0.000000e+00  -0.000000e+00  -6.129098e-16   1.200000e+02   9.205810e+00
  5.000000e-01  -0.000000e+00  -0.000000e+00   7.500000e+01  -0.000000e+00  -0.000000e+00  -6.537947e-16   1.200000e+02   9.205810e+00
  5.500000e-01  -0.000000e+00  -0.000000e+00   7.500000e+01  -0.000000e+00  -0.000000e+00  -7.036141e-16   1.200000e+02   9.205810e+00
  6.000000e-01  -0.000000e+00  -0.000000e+00   7.500000e+01  -0.000000e+00  -0.000000e+00  -6.309479e-16   1.200000e+02   9.205810e+00
  6.500000e-01  -0.000000e+00  -0.000000e+00   7.500000e+01  -0.000000e+00  -0.000000e+00  -6.747555e-16   1.200000e+02   9.205810e+00
  7.000000e-01  -0.000000e+00  -0.000000e+00   7.500000e+01  -0.000000e+00  -0.000000e+00  -6.736658e-16   1.200000e+02   9.205810e+00
  7.500000e-01  -0.000000e+00  -0.000000e+00   7.500000e+01  -0.000000e+00  -0.000000e+00  -6.557285e-16   1.200000e+02   9.205810e+00
  8.000000e-01  -0.000000e+00  -0.000000e+00   7.500000e+01  -0.000000e+00  -0.000000e+00  -6.684008e-16   1.200000e+02   9.205810e+00
  8.500000e-01  -0.000000e+00  -0.000000e+00   7.500000e+01  -0.000000e+00  -0.000000e+00  -7.023128e-16   1.200000e+02   9.205810e+00
  9.000000e-01  -0.000000e+00  -0.000000e+00   7.500000e+01  -0.000000e+00  -0.000000e+00  -6.705438e-16   1.200000e+02   9.205810e+00
  9.500000e-01  -0.000000e+00  -0.000000e+00   7.500000e+01  -0.000000e+00  -0.000000e+00  -6.728192e-16   1.200000e+02   9.205810e+00
  1.000000e+00  -0.000000e+00  -0.000000e+00   7.500000e+01  -0.000000e+00  -0.000000e+00  -6.721750e-16   1.200000e+02   9.205810e+00
  1.050000e+00  -0.000000e+00  -0.000000e+00   7.500000e+01  -0.000000e+00  -0.000000e+00  -6.537285e-16   1.200000e+02   9.205810e+00
  1.100000e+00  -0.000000e+00  -0.000000e+00   7.500000e+01  -0.000000e+00  -0.000000e+00  -6.878948e-16   1.200000e+02   9.205810e+00
  1.150000e+00  -0.000000e+00  -0.000000e+00   7.500000e+01  -0.000000e+00  -0.000000e+00  -6.733963e-16   1.200000e+02   9.205810e+00
  1.200000e+00  -0.000000e+00  -0.000000e+00   7.500000e+01  -0.000000e+00  -0.000000e+00  -6.614617e-16   1.200000e+02   9.205810e+00
  1.250000e+00  -0.000000e+00  -0.000000e+00   7.500000e+01  -0.000000e+00  -0.000000e+00  -6.543229e-16   1.200000e+02   9.205810e+00
  1.300000e+00  -0.000000e+00  -0.000000e+00   7.500000e+01  -0.000000e+00  -0.000000e+00  -6.951988e-16   1.200000e+02   9.205810e+00
  1.350000e+00  -0.000000e+00  -0.000000e+00   7.500000e+01  -0.000000e+00  -0.000000e+00  -6.661319e-16   1.200000e+02   9.205810e+00
  1.400000e+00  -0.000000e+00  -0.000000e+00   7.500000e+01  -0.000000e+00  -0.000000e+00  -6.637012e-16   1.200000e+02   9.205810e+00
  1.450000e+00  -0.000000e+00  -0.000000e+00   7.500000e+01  -0.000000e+00  -0.000000e+00  -6.796415e-16   1.200000e+02   9.205810e+00
  1.500000e+00  -0.000000e+00  -0.000000e+00   7.500000e+01  -0.000000e+00  -0.000000e+00  -6.565644e-16   1.200000e+02   9.205810e+00
  1.550000e+00  -0.000000e+00  -0.000000e+00   7.500000e+01  -0.000000e+00  -0.000000e+00  -6.618494e-16   1.200000e+02   9.205810e+00
  1.600000e+00  -0.000000e+00  -0.000000e+00   7.500000e+01  -0.000000e+00  -0.000000e+00  -6.944853e-16   1.200000e+02   9.205810e+00
  1.650000e+00  -0.000000e+00  -0.000000e+00   7.500000e+01  -0.000000e+00  -0.000000e+00  -6.721620e-16   1.200000e+02   9.205810e+00
  1.700000e+00  -0.000000e+00  -0.000000e+00   7.500000e+01  -0.000000e+00  -0.000000e+00  -6.583731e-16   1.200000e+02   9.205810e+00
  1.750000e+00  -0.000000e+00  -0.000000e+00   7.500000e+01  -0.000000e+00  -0.000000e+00  -6.758773e-16   1.200000e+02   9.205810e+00
  1.800000e+00  -0.000000e+00  -0.000000e+00   7.500000e+01  -0.000000e+00  -0.000000e+00  -6.854905e-16   1.200000e+02   9.205810e+00
  1.850000e+00  -0.000000e+00  -0.000000e+00   7.500000e+01  -0.000000e+00  -0.000000e+00  -6.525897e-16   1.200000e+02   9.205810e+00
  1.900000e+00  -0.000000e+00  -0.000000e+00   7.500000e+01  -0.000000e+00  -0.000000e+00  -6.783664e-16   1.200000e+02   9.205810e+00
  1.950000e+00  -0.000000e+00  -0.000000e+00   7.500000e+01  -0.000000e+00  -0.000000e+00  -7.223529e-16   1.200000e+02   9.205810e+00
  2.000000e+00  -0.000000e+00  -0.000000e+00   7.500000e+01  -0.000000e+00  -0.000000e+00  -1.522172e-15   1.200000e+02   9.205810e+00
  2.050000e+00  -0.000000e+00  -0.000000e+00   7.500000e+01  -0.000000e+00  -0.000000e+00  -1.414513e-14   1.200000e+02   9.205810e+00
  2.100000e+00  -0.000000e+00  -0.000000e+00   7.500000e+01  -0.000000e+00  -0.000000e+00  -1.500985e-13   1.200000e+02   9.205810e+00
  2.150000e+00  -0.000000e+00  -0.000000e+00   7.500000e+01  -0.000000e+00  -0.000000e+00  -1.204610e-12   1.200000e+02   9.205810e+00
  2.200000e+00  -0.000000e+00  -0.000000e+00   7.500000e+01  -0.000000e+00  -0.000000e+00  -7.596394e-12   1.200000e+02   9.205810e+00
  2.250000e+00  -0.000000e+00  -0.000000e+00   7.500000e+01  -0.000000e+00  -0.000000e+00  -4.233266e-11   1.200000e+02   9.205810e+00
  2.300000e+00  -0.000000e+00  -0.000000e+00   7.500000e+01  -0.000000e+00  -0.000000e+00  -2.270135e-10   1.200000e+02   9.205810e+00
  2.350000e+00  -0.000000e+00  -0.000000e+00   7.500000e+01  -0.000000e+00  -0.000000e+00  -1.148049e-09   1.200000e+02   9.205810e+00
  2.400000e+00  -0.000000e+00  -0.000000e+00   7.500000e+01  -0.000000e+00  -0.000000e+00  -5.216231e-09   1.200000e+02   9.205810e+00
  2.450000e+00  -0.000000e+00  -0.000000e+00   7.500000e+01  -0.000000e+00  -0.000000e+00  -2.109530e-08   1.200000e+02   9.205810e+00
  2.500000e+00  -0.000000e+00  -0.000000e+00   7.500000e+01  -0.000000e+00  -0.000000e+00  -7.683207e-08   1.200000e+02   9.205810e+00
  2.550000e+00  -0.000000e+00  -0.000000e+00   7.500000e+01  -0.000000e+00  -0.000000e+00  -2.541252e-07   1.200000e+02   9.205810e+00
  2.600000e+00  -0.000000e+00  -0.000000e+00   7.500000e+01  -0.000000e+00  -0.000000e+00  -7.649449e-07   1.200000e+02   9.205810e+00
  2.650000e+00  -0.000000e+00  -0.000000e+00   7.500001e+01  -0.000000e+00  -0.000000e+00  -2.095546e-06   1.200000e+02   9.205810e+00
  2.700000e+00  -0.000000e+00  -0.000000e+00   7.500002e+01  -0.000000e+00  -0.000000e+00  -5.225017e-06   1.200000e+02   9.205810e+00
  2.750000e+00  -0.000000e+00  -0.000000e+00   7.500003e+01  -0.000000e+00  -0.000000e+00  -1.186809e-05   1.200000e+02   9.205810e+00
  2.800000e+00  -0.000000e+00  -0.000000e+00   7.500007e+01  -0.000000e+00  -0.000000e+00  -2.460639e-05   1.200000e+02   9.205810e+00
  2.850000e+00  -0.000000e+00  -0.000000e+00   7.500013e+01  -0.000000e+00  -0.000000e+00  -4.672796e-05   1.200000e+02   9.205810e+00
  2.900000e+00  -0.000000e+00  -0.000000e+00   7.500023e+01  -0.000000e+00  -0.000000e+00  -8.169178e-05   1.200000e+02   9.205810e+00
  2.950000e+00  -0.000000e+00  -0.000000e+00   7.500037e+01  -0.000000e+00  -0.000000e+00  -1.323988e-04   1.200000e+02   9.205810e+00
  3.000000e+00  -0.000000e+00  -0.000000e+00   7.500055e+01  -0.000000e+00  -0.000000e+00  -2.007571e-04   1.200000e+02   9.205810e+00
  3.050000e+00  -0.000000e+00  -0.000000e+00   7.500078e+01  -0.000000e+00  -0.000000e+00  -2.881672e-04   1.200000e+02   9.205810e+00
  3.100000e+00  -0.000000e+00  -0.000000e+00   7.500106e+01  -0.000000e+00  -0.000000e+00  -3.973598e-04   1.200000e+02   9.205810e+00
  3.150000e+00  -0.000000e+00  -0.000000e+00   7.500142e+01  -0.000000e+00  -0.000000e+00  -5.355804e-04   1.200000e+02   9.205810e+00
  3.200000e+00  -0.000000e+00  -0.000000e+00   7.500190e+01  -0.000000e+00  -0.000000e+00  -7.191808e-04   1.200000e+02   9.205810e+00
  3.250000e+00  -0.000000e+00  -0.000000e+00   7.500260e+01  -0.000000e+00  -0.000000e+00  -9.812461e-04   1.200000e+02   9.205810e+00
  3.300000e+00  -0.000000e+00  -0.000000e+00   7.500370e+01  -0.000000e+00  -0.000000e+00  -1.388158e-03   1.199999e+02   9.205810e+00
  3.350000e+00  -0.000000e+00  -0.000000e+00   7.500561e+01  -0.000000e+00  -0.000000e+00  -2.080135e-03   1.199999e+02   9.205810e+00
  3.400000e+00  -0.000000e+00  -0.000000e+00   7.500921e+01  -0.000000e+00  -0.000000e+00  -3.364144e-03   1.199998e+02   9.205810e+00
  3.450000e+00  -0.000000e+00  -0.000000e+00   7.501624e+01  -0.000000e+00  -0.000000e+00  -5.869529e-03   1.199997e+02   9.205810e+00
  3.500000e+00  -0.000000e+00  -0.000000e+00   7.502937e+01  -0.000000e+00  -0.000000e+00  -1.060149e-02   1.199994e+02   9.205810e+00
  3.550000e+00  -0.000000e+00  -0.000000e+00   7.505052e+01  -0.000000e+00  -0.000000e+00  -1.844384e-02   1.199991e+02   9.205810e+00
  3.600000e+00  -0.000000e+00  -0.000000e+00   7.507841e+01  -0.000000e+00  -0.000000e+00  -2.918200e-02   1.199987e+02   9.205810e+00
  3.650000e+00  -0.000000e+00  -0.000000e+00   7.510942e+01  -0.000000e+00  -0.000000e+00  -4.155044e-02   1.199985e+02   9.205810e+00
  3.700000e+00  -0.000000e+00  -0.000000e+00   7.514194e+01  -0.000000e+00  -0.000000e+00  -5.473684e-02   1.199985e+02   9.205810e+00
  3.750000e+00  -0.000000e+00  -0.000000e+00   7.517710e+01  -0.000000e+00  -0.000000e+00  -6.899767e-02   1.199979e+02   9.205810e+00
  3.800000e+00  -0.000000e+00  -0.000000e+00   7.521604e+01  -0.000000e+00  -0.000000e+00  -8.482704e-02   1.199973e+02   9.205810e+00
  3.850000e+00  -0.000000e+00  -0.000000e+00   7.525860e+01  -0.000000e+00  -0.000000e+00  -1.023214e-01   1.199968e+02   9.205810e+00
  3.900000e+00  -0.000000e+00  -0.000000e+00   7.530406e+01  -0.000000e+00  -0.000000e+00  -1.212652e-01   1.199965e+02   9.205810e+00
  3.950000e+00  -0.000000e+00  -0.000000e+00   7.535232e+01  -0.000000e+00  -0.000000e+00  -1.415530e-01   1.199967e+02   9.205810e+00
  4.000000e+00  -0.000000e+00  -0.000000e+00   7.540334e+01  -0.000000e+00  -0.000000e+00  -1.633629e-01   1.199956e+02   9.205810e+00
  4.050000e+00  -0.000000e+00  -0.000000e+00   7.545715e+01  -0.000000e+00  -0.000000e+00  -1.868385e-01   1.199951e+02   9.205810e+00
  4.100000e+00  -0.000000e+00  -0.000000e+00   7.551415e+01  -0.000000e+00  -0.000000e+00  -2.119045e-01   1.199949e+02   9.205810e+00
  4.150000e+00  -0.000000e+00  -0.000000e+00   7.557368e+01  -0.000000e+00  -0.000000e+00  -2.384830e-01   1.199938e+02   9.205810e+00
  4.200000e+00  -0.000000e+00  -0.000000e+00   7.563572e+01  -0.000000e+00  -0.000000e+00  -2.667992e-01   1.199934e+02   9.205810e+00
  4.250000e+00  -0.000000e+00  -0.000000e+00   7.570117e+01  -0.000000e+00  -0.000000e+00  -2.970025e-01   1.199942e+02   9.205810e+00
  4.300000e+00  -0.000000e+00  -0.000000e+00   7.576966e+01  -0.000000e+00  -0.000000e+00  -3.288326e-01   1.199927e+02   9.205810e+00
  4.350000e+00  -0.000000e+00  -0.000000e+00   7.584035e+01  -0.000000e+00  -0.000000e+00  -3.616807e-01   1.199922e+02   9.205810e+00
  4.400000e+00  -0.000000e+00  -0.000000e+00   7.591572e+01  -0.000000e+00  -0.000000e+00  -3.965856e-01   1.199919e+02   9.205810e+00
  4.450000e+00  -0.000000e+00  -0.000000e+00   7.599630e+01  -0.000000e+00  -0.000000e+00  -4.346174e-01   1.199899e+02   9.205810e+00
  4.500000e+00  -0.000000e+00  -0.000000e+00   7.608139e+01  -0.000000e+00  -0.000000e+00  -4.751381e-01   1.199885e+02   9.205810e+00
  4.550000e+00  -0.000000e+00  -0.000000e+00   7.617130e+01  -0.000000e+00  -0.000000e+00  -5.181960e-01   1.199885e+02   9.205810e+00
  4.600000e+00  -0.000000e+00  -0.000000e+00   7.626846e+01  -0.000000e+00  -0.000000e+00  -5.652064e-01   1.199904e+02   9.205810e+00
  4.650000e+00  -0.000000e+00  -0.000000e+00   7.637038e+01  -0.000000e+00  -0.000000e+00  -6.150701e-01   1.199887e+02   9.205810e+00
  4.700000e+00  -0.000000e+00  -0.000000e+00   7.647022e+01  -0.000000e+00  -0.000000e+00  -6.645305e-01   1.199865e+02   9.205810e+00
  4.750000e+00  -0.000000e+00  -0.000000e+00   7.655310e+01  -0.000000e+00  -0.000000e+00  -7.093261e-01   1.199870e+02   9.205810e+00
  4.800000e+00  -0.000000e+00  -0.000000e+00   7.654966e+01  -0.000000e+00  -0.000000e+00  -7.283823e-01   1.199932e+02   9.205810e+00
  4.850000e+00  -0.000000e+00  -0.000000e+00   7.629916e+01  -0.000000e+00  -0.000000e+00  -6.634461e-01   1.200178e+02   9.205810e+00
  4.900000e+00  -0.000000e+00  -0.000000e+00   7.568211e+01  -0.000000e+00  -0.000000e+00  -4.540411e-01   1.200592e+02   9.205810e+00
  4.950000e+00  -0.000000e+00  -0.000000e+00   7.491855e+01  -0.000000e+00  -0.000000e+00  -1.582245e-01   1.200759e+02   9.205810e+00
  5.000000e+00  -0.000000e+00  -0.000000e+00   7.452167e+01  -0.000000e+00  -0.000000e+00   2.694507e-02   1.200379e+02   9.205810e+00
  5.050000e+00  -0.000000e+00  -0.000000e+00   7.468180e+01  -0.000000e+00  -0.000000e+00  -3.706459e-03   1.199827e+02   9.205810e+00
  5.100000e+00  -0.000000e+00  -0.000000e+00   7.500597e+01  -0.000000e+00  -0.000000e+00  -1.197111e-01   1.199746e+02   9.205810e+00
  5.150000e+00  -0.000000e+00  -0.000000e+00   7.514131e+01  -0.000000e+00  -0.000000e+00  -1.717603e-01   1.199986e+02   9.205810e+00
  5.200000e+00  -0.000000e+00  -0.000000e+00   7.518371e+01  -0.000000e+00  -0.000000e+00  -1.788672e-01   1.199998e+02   9.205810e+00
  5.250000e+00  -0.000000e+00  -0.000000e+00   7.530131e+01  -0.000000e+00  -0.000000e+00  -2.084858e-01   1.199809e+02   9.205810e+00
  5.300000e+00  -0.000000e+00  -0.000000e+00   7.546517e+01  -0.000000e+00  -0.000000e+00  -2.588066e-01   1.199849e+02   9.205810e+00
  5.350000e+00  -0.000000e+00  -0.000000e+00   7.562200e+01  -0.000000e+00  -0.000000e+00  -3.022643e-01   1.200043e+02   9.205810e+00
  5.400000e+00  -0.000000e+00  -0.000000e+00   7.578333e+01  -0.000000e+00  -0.000000e+00  -3.345541e-01   1.200081e+02   9.205810e+00
  5.450000e+00  -0.000000e+00  -0.000000e+00   7.595909e+01  -0.000000e+00  -0.000000e+00  -3.736911e-01   1.199889e+02   9.205810e+00
  5.500000e+00  -0.000000e+00  -0.000000e+00   7.614098e+01  -0.000000e+00  -0.000000e+00  -4.370617e-01   1.199784e+02   9.205810e+00
  5.550000e+00  -0.000000e+00  -0.000000e+00   7.632228e+01  -0.000000e+00  -0.000000e+00  -5.143067e-01   1.199850e+02   9.205810e+00
  5.600000e+00  -0.000000e+00  -0.000000e+00   7.650771e+01  -0.000000e+00  -0.000000e+00  -5.842701e-01   1.199893e+02   9.205810e+00
  5.650000e+00  -0.000000e+00  -0.000000e+00   7.669566e+01  -0.000000e+00  -0.000000e+00  -6.433715e-01   1.199877e+02   9.205810e+00
  5.700000e+00  -0.000000e+00  -0.000000e+00   7.689710e+01  -0.000000e+00  -0.000000e+00  -7.058710e-01   1.199958e+02   9.205810e+00
  5.750000e+00  -0.000000e+00  -0.000000e+00   7.711655e+01  -0.000000e+00  -0.000000e+00  -7.760693e-01   1.199919e+02   9.205810e+00
  5.800000e+00  -0.000000e+00  -0.000000e+00   7.731606e+01  -0.000000e+00  -0.000000e+00  -8.442041e-01   1.199697e+02   9.205810e+00
  5.850000e+00  -0.000000e+00  -0.000000e+00   7.751545e+01  -0.000000e+00  -0.000000e+00  -9.154135e-01   1.199533e+02   9.205810e+00
  5.900000e+00  -0.000000e+00  -0.000000e+00   7.776333e+01  -0.000000e+00  -0.000000e+00  -9.879993e-01   1.199890e+02   9.205810e+00
  5.950000e+00  -0.000000e+00  -0.000000e+00   7.805173e+01  -0.000000e+00  -0.000000e+00  -1.055689e+00   1.200226e+02   9.205810e+00
  6.000000e+00  -0.000000e+00  -0.000000e+00   7.834004e+01  -0.000000e+00  -0.000000e+00  -1.110924e+00   1.200183e+02   9.205810e+00
  6.050000e+00  -0.000000e+00  -0.000000e+00   7.864810e+01  -0.000000e+00  -0.000000e+00  -1.161787e+00   1.199663e+02   9.205810e+00
  6.100000e+00  -0.000000e+00  -0.000000e+00   7.902962e+01  -0.000000e+00  -0.000000e+00  -1.227740e+00   1.199406e+02   9.205810e+00
  6.150000e+00  -0.000000e+00  -0.000000e+00   7.954255e+01  -0.000000e+00  -0.000000e+00  -1.319919e+00   1.199622e+02   9.205810e+00
  6.200000e+00  -0.000000e+00  -0.000000e+00   8.013252e+01  -0.000000e+00  -0.000000e+00  -1.352487e+00   1.199923e+02   9.205810e+00
  6.250000e+00  -0.000000e+00  -0.000000e+00   8.099462e+01  -0.000000e+00  -0.000000e+00  -1.382652e+00   1.200030e+02   9.205810e+00
  6.300000e+00  -0.000000e+00  -0.000000e+00   8.219005e+01  -0.000000e+00  -0.000000e+00  -1.352885e+00   1.199466e+02   9.205810e+00
  6.350000e+00  -0.000000e+00  -0.000000e+00   8.390931e+01  -0.000000e+00  -0.000000e+00  -8.984830e-01   1.199147e+02   9.205810e+00
  6.400000e+00   1.352834e-04   2.003312e-02   9.902964e+01  -5.957570e-06  -8.849458e-04  -4.426671e+00   1.209808e+02   9.204160e+00
  6.450000e+00   1.275017e-01   4.109882e+00   9.581950e+01  -6.985955e-03  -2.193570e-01  -4.976982e+00   1.209806e+02   6.581864e+00
  6.500000e+00   3.918895e-01   6.393997e+00   7.798774e+01  -1.355783e-02  -6.817389e-02  -6.976740e-01   1.209550e+02   9.217352e-01
  6.550000e+00   6.709216e-01   4.581933e+00   6.476885e+01  -9.671031e-03   5.781109e-02   7.564491e-01   1.204125e+02  -2.370467e+00
  6.600000e+00   8.788926e-01   3.478006e+00   6.469665e+01  -7.631459e-03   3.047557e-02   6.018098e-01   1.201002e+02  -2.258573e+00
  6.650000e+00   1.037288e+00   2.968068e+00   6.491321e+01  -7.095357e-03  -6.788340e-03  -4.267098e-02   1.202098e+02  -2.179006e+00
  6.700000e+00   1.170747e+00   2.575837e+00   6.496743e+01  -5.890693e-03  -4.718308e-03  -1.233549e-01   1.200691e+02  -2.107667e+00
  6.750000e+00   1.293993e+00   2.271438e+00   6.502101e+01  -5.341712e-03   2.203351e-03   2.393055e-02   1.201824e+02  -2.065371e+00
  6.800000e+00   1.410437e+00   2.343336e+00   6.492016e+01  -5.366087e-03   1.318034e-02   4.030833e-01   1.199842e+02  -2.073328e+00
  6.850000e+00   1.515080e+00   2.038376e+00   6.488748e+01  -5.208634e-03  -1.960081e-03  -2.328923e-02   1.197588e+02  -2.009965e+00
  6.900000e+00   1.615319e+00   1.890062e+00   6.504266e+01  -5.018541e-03  -3.051174e-03  -1.110851e-01   1.201040e+02  -1.990171e+00
  6.950000e+00   1.707760e+00   1.917846e+00   6.512132e+01  -5.049228e-03  -3.087913e-04  -2.739883e-02   1.200928e+02  -1.977743e+00
  7.000000e+00   1.796645e+00   1.791072e+00   6.509847e+01  -5.270192e-03   4.031440e-03   1.798235e-01   1.199746e+02  -1.947136e+00
  7.050000e+00   1.882914e+00   1.681395e+00   6.495549e+01  -4.985615e-03   8.372536e-03   3.408768e-01   1.197334e+02  -1.928484e+00
  7.100000e+00   1.967558e+00   1.727752e+00   6.500304e+01  -4.754558e-03  -1.481698e-03  -7.223750e-02   1.197870e+02  -1.933345e+00
  7.150000e+00   2.048870e+00   1.569131e+00   6.510924e+01  -4.892812e-03  -1.406974e-04  -2.748570e-03   1.199632e+02  -1.900119e+00
  7.200000e+00   2.129983e+00   1.590219e+00   6.503712e+01  -4.969029e-03  -3.531663e-04  -3.470661e-03   1.198790e+02  -1.908963e+00
  7.250000e+00   2.205784e+00   1.502154e+00   6.514714e+01  -4.983236e-03  -1.144889e-03  -4.401615e-02   1.199751e+02  -1.878280e+00
  7.300000e+00   2.279754e+00   1.475869e+00   6.515078e+01  -4.997144e-03  -2.757953e-03  -1.354854e-01   1.199507e+02  -1.868752e+00
  7.350000e+00   2.351117e+00   1.422112e+00   6.520524e+01  -5.143558e-03  -1.442549e-03  -6.441881e-02   1.199947e+02  -1.850522e+00
  7.400000e+00   2.423005e+00   1.415043e+00   6.520255e+01  -5.217260e-03  -1.441823e-03  -6.863792e-02   1.200298e+02  -1.853383e+00
  7.450000e+00   2.492963e+00   1.356039e+00   6.523158e+01  -5.443294e-03  -6.851829e-03  -3.331219e-01   1.200884e+02  -1.839777e+00
  7.500000e+00   2.559909e+00   1.322709e+00   6.519492e+01  -5.789939e-03  -6.353275e-03  -3.075638e-01   1.199646e+02  -1.824684e+00
  7.550000e+00   2.625014e+00   1.296659e+00   6.518222e+01  -6.032564e-03  -5.451216e-03  -2.856970e-01   1.198993e+02  -1.813183e+00
  7.600000e+00   2.688961e+00   1.261757e+00   6.527341e+01  -6.486049e-03  -1.084313e-02  -5.672151e-01   1.200667e+02  -1.803860e+00
  7.650000e+00   2.752062e+00   1.285981e+00   6.521814e+01  -7.142069e-03  -1.447225e-02  -7.343672e-01   1.199120e+02  -1.803118e+00
  7.700000e+00   2.816054e+00   1.257133e+00   6.520978e+01  -7.889956e-03  -1.564973e-02  -8.160042e-01   1.199603e+02  -1.803281e+00
  7.750000e+00   2.875694e+00   1.149075e+00   6.524830e+01  -8.649243e-03  -1.426471e-02  -8.070053e-01   1.199899e+02  -1.769675e+00
  7.800000e+00   2.932509e+00   1.129256e+00   6.529728e+01  -9.352008e-03  -1.466373e-02  -8.531609e-01   1.200068e+02  -1.754411e+00
  7.850000e+00   2.988689e+00   1.119407e+00   6.524962e+01  -1.013604e-02  -1.606608e-02  -9.383643e-01   1.199057e+02  -1.749494e+00
  7.900000e+00   3.043265e+00   1.059720e+00   6.533964e+01  -1.100504e-02  -1.876598e-02  -1.165510e+00   1.200928e+02  -1.733798e+00
  7.950000e+00   3.092826e+00   9.421776e-01   6.534768e+01  -1.193424e-02  -1.784259e-02  -1.236723e+00   1.200621e+02  -1.690779e+00
  8.000000e+00   3.138534e+00   9.060539e-01   6.532481e+01  -1.276478e-02  -1.577281e-02  -1.135423e+00   1.198876e+02  -1.661391e+00
  8.050000e+00   3.184446e+00   9.279129e-01   6.539654e+01  -1.356190e-02  -1.560757e-02  -1.092423e+00   1.199805e+02  -1.663507e+00
  8.100000e+00   3.230711e+00   9.305665e-01   6.547170e+01  -1.426299e-02  -1.341946e-02  -9.426014e-01   1.201169e+02  -1.665175e+00
  8.150000e+00   3.279481e+00   1.021340e+00   6.544057e+01  -1.499595e-02  -1.668949e-02  -1.078211e+00   1.200429e+02  -1.691995e+00
  8.200000e+00   3.333348e+00   1.087551e+00   6.529806e+01  -1.590346e-02  -1.739490e-02  -1.037686e+00   1.199362e+02  -1.731841e+00
  8.250000e+00   3.386182e+00   1.037246e+00   6.532095e+01  -1.670337e-02  -1.559934e-02  -9.829779e-01   1.200030e+02  -1.720661e+00
  8.300000e+00   3.436734e+00   1.002345e+00   6.542550e+01  -1.746745e-02  -1.525492e-02  -9.966549e-01   1.201414e+02  -1.703050e+00
  8.350000e+00   3.486684e+00   9.789140e-01   6.535747e+01  -1.823767e-02  -1.538650e-02  -1.030401e+00   1.200318e+02  -1.696925e+00
  8.400000e+00   3.533931e+00   9.249737e-01   6.537244e+01  -1.900335e-02  -1.486191e-02  -1.047583e+00   1.200158e+02  -1.673481e+00
  8.450000e+00   3.578901e+00   8.756668e-01   6.538815e+01  -1.971521e-02  -1.402180e-02  -1.048410e+00   1.200153e+02  -1.652102e+00
  8.500000e+00   3.620194e+00   7.923743e-01   6.538170e+01  -2.037006e-02  -1.215992e-02  -9.993618e-01   1.199569e+02  -1.615212e+00
  8.550000e+00   3.658637e+00   7.418763e-01   6.540350e+01  -2.093509e-02  -1.100756e-02  -9.751653e-01   1.199392e+02  -1.586287e+00
  8.600000e+00   3.692868e+00   6.482284e-01   6.546828e+01  -2.148417e-02  -1.062956e-02  -1.070422e+00   1.200080e+02  -1.538120e+00
  8.650000e+00   3.724947e+00   6.422735e-01   6.551917e+01  -2.196035e-02  -8.761324e-03  -8.902171e-01   1.199396e+02  -1.512688e+00
  8.700000e+00   3.755167e+00   5.599137e-01   6.547400e+01  -2.238382e-02  -8.447907e-03  -9.943835e-01   1.199461e+02  -1.482502e+00
  8.750000e+00   3.780494e+00   4.785589e-01   6.558259e+01  -2.278051e-02  -7.286724e-03  -9.934894e-01   1.200385e+02  -1.420830e+00
  8.800000e+00   3.804006e+00   4.649498e-01   6.563604e+01  -2.311669e-02  -6.548374e-03  -9.258288e-01   1.199575e+02  -1.385606e+00
  8.850000e+00   3.826117e+00   4.158067e-01   6.563142e+01  -2.343584e-02  -6.005838e-03  -9.461200e-01   1.199810e+02  -1.355721e+00
  8.900000e+00   3.844503e+00   3.353148e-01   6.563920e+01  -2.369119e-02  -4.530135e-03  -8.854276e-01   1.200149e+02  -1.295684e+00
  8.950000e+00   3.860764e+00   3.296252e-01   6.581643e+01  -2.390308e-02  -4.138913e-03  -8.236309e-01   1.200399e+02  -1.246702e+00
  9.000000e+00   3.877852e+00   3.445626e-01   6.583779e+01  -2.410495e-02  -3.886690e-03  -7.401479e-01   1.199512e+02  -1.239035e+00
  9.050000e+00   3.893903e+00   2.961540e-01   6.570460e+01  -2.427139e-02  -2.740358e-03  -6.004912e-01   1.198721e+02  -1.218758e+00
  9.100000e+00   3.907183e+00   2.446441e-01   6.573889e+01  -2.437285e-02  -1.687131e-03  -4.535681e-01   1.199697e+02  -1.168628e+00
  9.150000e+00   3.918152e+00   2.006883e-01   6.575365e+01  -2.445578e-02  -1.640615e-03  -5.387551e-01   1.199871e+02  -1.108910e+00
  9.200000e+00   3.927121e+00   1.645418e-01   6.576088e+01  -2.452474e-02  -1.131443e-03  -4.477599e-01   1.199622e+02  -1.045360e+00
  9.250000e+00   3.934408e+00   1.301623e-01   6.575340e+01  -2.456905e-02  -7.306187e-04  -3.669314e-01   1.199746e+02  -9.807105e-01
  9.300000e+00   3.939904e+00   9.585374e-02   6.571540e+01  -2.459390e-02  -2.795505e-04  -1.799404e-01   1.200127e+02  -9.095013e-01
  9.350000e+00   3.943734e+00   6.012265e-02   6.546812e+01  -2.459084e-02   2.871399e-04   3.334014e-01   1.199367e+02  -8.321679e-01
  9.400000e+00   3.945744e+00   2.832827e-02   6.502735e+01  -2.457164e-02   4.021108e-04   9.425069e-01   1.199251e+02  -7.433264e-01
  9.450000e+00   3.946895e+00   2.241995e-02   6.514304e+01  -2.455070e-02   4.637675e-04   1.355860e+00   1.199920e+02  -6.594813e-01
  9.500000e+00   3.949050e+00   8.876140e-02   6.670529e+01  -2.450864e-02   1.469022e-03   1.060953e+00   1.199493e+02  -6.111380e-01
  9.550000e+00   3.972882e+00   8.880521e-01   6.785856e+01  -2.452187e-02  -3.470587e-03  -2.643162e-01   1.200357e+02  -9.797848e-01
  9.600000e+00   4.024107e+00   9.514841e-01   6.574209e+01  -2.465009e-02  -2.501386e-03  -1.804109e-01   1.199747e+02  -1.579144e+00
  9.650000e+00   4.062721e+00   6.414604e-01   6.535698e+01  -2.477755e-02  -1.618510e-03  -1.589245e-01   1.200378e+02  -1.568092e+00
  9.700000e+00   4.088338e+00   4.444482e-01   6.538280e+01  -2.483272e-02  -1.051728e-03  -1.561144e-01   1.199274e+02  -1.437901e+00
  9.750000e+00   4.108112e+00   3.602493e-01   6.553420e+01  -2.488895e-02  -1.264271e-03  -2.347590e-01   1.199682e+02  -1.340194e+00
  9.800000e+00   4.123569e+00   2.663250e-01   6.556714e+01  -2.496559e-02  -1.728643e-03  -4.336351e-01   1.200204e+02  -1.249173e+00
  9.850000e+00   4.135310e+00   2.167643e-01   6.568069e+01  -2.505033e-02  -1.451497e-03  -4.343481e-01   1.200302e+02  -1.159311e+00
  9.900000e+00   4.144768e+00   1.703065e-01   6.568637e+01  -2.510852e-02  -1.092707e-03  -4.250376e-01   1.199822e+02  -1.080009e+00
  9.950000e+00   4.152404e+00   1.422019e-01   6.578307e+01  -2.516064e-02  -9.636178e-04  -4.458082e-01   1.200233e+02  -1.007000e+00
  1.000000e+01   4.159067e+00   1.246638e-01   6.580409e+01  -2.520855e-02  -9.425410e-04  -4.986331e-01   1.199290e+02  -9.466724e-01
  1.005000e+01   4.164593e+00   1.003605e-01   6.580502e+01  -2.525109e-02  -7.792034e-04  -5.115180e-01   1.199561e+02  -8.878573e-01
  1.010000e+01   4.169122e+00   8.425910e-02   6.585325e+01  -2.528753e-02  -6.956052e-04  -5.441223e-01   1.199952e+02  -8.298856e-01
  1.015000e+01   4.173026e+00   7.378935e-02   6.590880e+01  -2.532042e-02  -6.359267e-04  -5.687244e-01   1.200065e+02  -7.770189e-01
  1.020000e+01   4.176421e+00   6.386905e-02   6.593697e+01  -2.534948e-02  -5.418811e-04  -5.597192e-01   1.200125e+02  -7.282363e-01
  1.025000e+01   4.179440e+00   5.763850e-02   6.596189e+01  -2.537582e-02  -5.177960e-04  -5.941716e-01   1.199676e+02  -6.837427e-01
  1.030000e+01   4.182157e+00   5.185324e-02   6.597449e+01  -2.540109e-02  -4.837258e-04  -6.141056e-01   1.199287e+02  -6.429496e-01
  1.035000e+01   4.184576e+00   4.589371e-02   6.601260e+01  -2.542260e-02  -3.935871e-04  -5.650849e-01   1.199762e+02  -6.043947e-01
  1.040000e+01   4.186809e+00   4.442537e-02   6.609760e+01  -2.544188e-02  -3.917561e-04  -5.833634e-01   1.199683e+02  -5.691582e-01
  1.045000e+01   4.188939e+00   4.015833e-02   6.609494e+01  -2.546031e-02  -3.401569e-04  -5.592927e-01   1.199605e+02  -5.378762e-01
  1.050000e+01   4.190698e+00   3.145819e-02   6.602645e+01  -2.547508e-02  -2.621102e-04  -5.496845e-01   1.200634e+02  -5.042499e-01
  1.055000e+01   4.192107e+00   2.623232e-02   6.599315e+01  -2.548658e-02  -2.095656e-04  -5.261931e-01   1.200979e+02  -4.684715e-01
  1.060000e+01   4.193354e+00   2.423617e-02   6.598482e+01  -2.549614e-02  -1.793461e-04  -4.870921e-01   1.200085e+02  -4.342314e-01
  1.065000e+01   4.194516e+00   2.230948e-02   6.595610e+01  -2.550446e-02  -1.554419e-04  -4.582331e-01   1.199121e+02  -4.026320e-01
  1.070000e+01   4.195570e+00   2.030994e-02   6.595644e+01  -2.551154e-02  -1.357604e-04  -4.418959e-01   1.198929e+02  -3.726011e-01
  1.075000e+01   4.196547e+00   1.896096e-02   6.601900e+01  -2.551844e-02  -1.393350e-04  -4.861328e-01   1.199561e+02  -3.443011e-01
  1.080000e+01   4.197435e+00   1.660732e-02   6.602171e+01  -2.552499e-02  -1.197448e-04  -4.741914e-01   1.200331e+02  -3.171505e-01
  1.085000e+01   4.198217e+00   1.529706e-02   6.604822e+01  -2.553006e-02  -8.856369e-05  -3.786561e-01   1.200535e+02  -2.904716e-01
  1.090000e+01   4.198978e+00   1.512038e-02   6.610382e+01  -2.553390e-02  -7.024500e-05  -3.058241e-01   1.200259e+02  -2.658265e-01
  1.095000e+01   4.199720e+00   1.458811e-02   6.610303e+01  -2.553715e-02  -6.126372e-05  -2.770153e-01   1.199495e+02  -2.429487e-01
  1.100000e+01   4.200416e+00   1.320028e-02   6.607109e+01  -2.554011e-02  -5.924620e-05  -2.984831e-01   1.199400e+02  -2.210648e-01
  1.105000e+01   4.201027e+00   1.163416e-02   6.607556e+01  -2.554318e-02  -6.309130e-05  -3.597655e-01   1.200325e+02  -1.991540e-01
  1.110000e+01   4.201596e+00   1.135019e-02   6.613024e+01  -2.554634e-02  -6.170402e-05  -3.580222e-01   1.200425e+02  -1.780188e-01
  1.115000e+01   4.202159e+00   1.103963e-02   6.614876e+01  -2.554912e-02  -5.068464e-05  -3.024035e-01   1.200087e+02  -1.582630e-01
  1.120000e+01   4.202685e+00   1.010275e-02   6.610547e+01  -2.555151e-02  -4.727940e-05  -3.108103e-01   1.199719e+02  -1.391518e-01
  1.125000e+01   4.203157e+00   8.904976e-03   6.604221e+01  -2.555388e-02  -4.673948e-05  -3.473900e-01   1.199645e+02  -1.201655e-01
  1.130000e+01   4.203574e+00   7.979506e-03   6.602420e+01  -2.555616e-02  -4.551588e-05  -3.781105e-01   1.200062e+02  -1.012271e-01
  1.135000e+01   4.203957e+00   7.445057e-03   6.602141e+01  -2.555851e-02  -4.796864e-05  -4.269741e-01   1.200107e+02  -8.273884e-02
  1.140000e+01   4.204312e+00   6.854125e-03   6.601400e+01  -2.556096e-02  -5.039500e-05  -4.882273e-01   1.200337e+02  -6.474375e-02
  1.145000e+01   4.204642e+00   6.423549e-03   6.599906e+01  -2.556371e-02  -5.930168e-05  -6.146293e-01   1.200150e+02  -4.722414e-02
  1.150000e+01   4.204953e+00   6.078438e-03   6.595622e+01  -2.556703e-02  -7.179148e-05  -7.843728e-01   1.199332e+02  -3.024697e-02
  1.155000e+01   4.205249e+00   5.744995e-03   6.595719e+01  -2.557084e-02  -7.808142e-05  -8.986989e-01   1.199388e+02  -1.382791e-02
  1.160000e+01   4.205525e+00   5.418090e-03   6.598142e+01  -2.557470e-02  -7.633018e-05  -9.299150e-01   1.199852e+02   2.168792e-03
  1.165000e+01   4.205799e+00   5.546346e-03   6.604393e+01  -2.557855e-02  -7.732513e-05  -9.192250e-01   1.199640e+02   1.745018e-02
  1.170000e+01   4.206073e+00   5.399632e-03   6.610772e+01  -2.558219e-02  -6.770877e-05  -8.250059e-01   1.200392e+02   3.199803e-02
  1.175000e+01   4.206346e+00   5.640478e-03   6.622853e+01  -2.558537e-02  -6.266653e-05  -7.337936e-01   1.200872e+02   4.592804e-02
  1.180000e+01   4.206650e+00   6.366989e-03   6.635610e+01  -2.558864e-02  -6.799265e-05  -7.087385e-01   1.200336e+02   5.860552e-02
  1.185000e+01   4.206967e+00   6.115064e-03   6.631723e+01  -2.559211e-02  -6.940946e-05  -7.556140e-01   1.199752e+02   7.043533e-02
  1.190000e+01   4.207244e+00   5.127947e-03   6.619183e+01  -2.559550e-02  -6.634368e-05  -8.597706e-01   1.199846e+02   8.258339e-02
  1.195000e+01   4.207490e+00   4.948729e-03   6.619797e+01  -2.559881e-02  -6.707307e-05  -8.957828e-01   1.199694e+02   9.493795e-02
  1.200000e+01   4.207761e+00   5.893247e-03   6.637978e+01  -2.560222e-02  -6.813636e-05  -7.607863e-01   1.199173e+02   1.063017e-01
