# problem = TPV102
# author = Brad Aagaard
# date = Thu Jun 13 12:10:55 2013
# code = PyLith
# code_version = 1.8.1a (scecdynrup branch)
# element_size = 100 m
# time_step =   5.000000E-02
# num_timesteps =      241
# location = on fault, 12.0 km along strike and 12.0 km depth
# Time series in 7 columns of E14.6:
# Column #1 = time (s)
# Column #2 = horizontal right-lateral slip (m)
# Column #3 = horizontal right-lateral slip rate (m/s)
# Column #4 = horizontal right-lateral shear stress (MPa)
# Column #5 = vertical up-dip slip (m)
# Column #6 = vertical up-dip slip-rate (m/s)
# Column #7 = vertical up-dip shear stress (MPa)
# Column #8 = normal stress (MPa)
# Column #9 = log10(theta) (s)
#
# Data fields
t h-slip h-slip-rate h-shear-stress v-slip v-slip-rate v-shear-stress n-stress log-theta
#
  0.000000e+00  -0.000000e+00  -0.000000e+00  -0.000000e+00  -0.000000e+00  -0.000000e+00  -0.000000e+00  -0.000000e+00   9.205810e+00
  5.000000e-02  -0.000000e+00  -0.000000e+00   7.500000e+01  -0.000000e+00  -0.000000e+00  -2.494624e-16   1.200000e+02   9.205810e+00
  1.000000e-01  -0.000000e+00  -0.000000e+00   7.500000e+01  -0.000000e+00  -0.000000e+00  -3.824926e-16   1.200000e+02   9.205810e+00
  1.500000e-01  -0.000000e+00  -0.000000e+00   7.500000e+01  -0.000000e+00  -0.000000e+00  -2.556357e-16   1.200000e+02   9.205810e+00
  2.000000e-01  -0.000000e+00  -0.000000e+00   7.500000e+01  -0.000000e+00  -0.000000e+00  -4.629083e-16   1.200000e+02   9.205810e+00
  2.500000e-01  -0.000000e+00  -0.000000e+00   7.500000e+01  -0.000000e+00  -0.000000e+00  -3.428873e-16   1.200000e+02   9.205810e+00
  3.000000e-01  -0.000000e+00  -0.000000e+00   7.500000e+01  -0.000000e+00  -0.000000e+00  -4.129113e-16   1.200000e+02   9.205810e+00
  3.500000e-01  -0.000000e+00  -0.000000e+00   7.500000e+01  -0.000000e+00  -0.000000e+00  -2.859470e-16   1.200000e+02   9.205810e+00
  4.000000e-01  -0.000000e+00  -0.000000e+00   7.500000e+01  -0.000000e+00  -0.000000e+00  -4.951247e-16   1.200000e+02   9.205810e+00
  4.500000e-01  -0.000000e+00  -0.000000e+00   7.500000e+01  -0.000000e+00  -0.000000e+00  -2.828787e-16   1.200000e+02   9.205810e+00
  5.000000e-01  -0.000000e+00  -0.000000e+00   7.500000e+01  -0.000000e+00  -0.000000e+00  -3.695517e-16   1.200000e+02   9.205810e+00
  5.500000e-01  -0.000000e+00  -0.000000e+00   7.500000e+01  -0.000000e+00  -0.000000e+00  -3.388451e-16   1.200000e+02   9.205810e+00
  6.000000e-01  -0.000000e+00  -0.000000e+00   7.500000e+01  -0.000000e+00  -0.000000e+00  -3.574873e-16   1.200000e+02   9.205810e+00
  6.500000e-01  -0.000000e+00  -0.000000e+00   7.500000e+01  -0.000000e+00  -0.000000e+00  -4.215192e-16   1.200000e+02   9.205810e+00
  7.000000e-01  -0.000000e+00  -0.000000e+00   7.500000e+01  -0.000000e+00  -0.000000e+00  -3.636572e-16   1.200000e+02   9.205810e+00
  7.500000e-01  -0.000000e+00  -0.000000e+00   7.500000e+01  -0.000000e+00  -0.000000e+00  -3.336633e-16   1.200000e+02   9.205810e+00
  8.000000e-01  -0.000000e+00  -0.000000e+00   7.500000e+01  -0.000000e+00  -0.000000e+00  -4.089274e-16   1.200000e+02   9.205810e+00
  8.500000e-01  -0.000000e+00  -0.000000e+00   7.500000e+01  -0.000000e+00  -0.000000e+00  -3.357594e-16   1.200000e+02   9.205810e+00
  9.000000e-01  -0.000000e+00  -0.000000e+00   7.500000e+01  -0.000000e+00  -0.000000e+00  -3.626211e-16   1.200000e+02   9.205810e+00
  9.500000e-01  -0.000000e+00  -0.000000e+00   7.500000e+01  -0.000000e+00  -0.000000e+00  -3.896338e-16   1.200000e+02   9.205810e+00
  1.000000e+00  -0.000000e+00  -0.000000e+00   7.500000e+01  -0.000000e+00  -0.000000e+00  -3.394246e-16   1.200000e+02   9.205810e+00
  1.050000e+00  -0.000000e+00  -0.000000e+00   7.500000e+01  -0.000000e+00  -0.000000e+00  -4.176100e-16   1.200000e+02   9.205810e+00
  1.100000e+00  -0.000000e+00  -0.000000e+00   7.500000e+01  -0.000000e+00  -0.000000e+00  -3.289455e-16   1.200000e+02   9.205810e+00
  1.150000e+00  -0.000000e+00  -0.000000e+00   7.500000e+01  -0.000000e+00  -0.000000e+00  -3.694985e-16   1.200000e+02   9.205810e+00
  1.200000e+00  -0.000000e+00  -0.000000e+00   7.500000e+01  -0.000000e+00  -0.000000e+00  -3.524304e-16   1.200000e+02   9.205810e+00
  1.250000e+00  -0.000000e+00  -0.000000e+00   7.500000e+01  -0.000000e+00  -0.000000e+00  -3.811389e-16   1.200000e+02   9.205810e+00
  1.300000e+00  -0.000000e+00  -0.000000e+00   7.500000e+01  -0.000000e+00  -0.000000e+00  -3.255817e-16   1.200000e+02   9.205810e+00
  1.350000e+00  -0.000000e+00  -0.000000e+00   7.500000e+01  -0.000000e+00  -0.000000e+00  -3.919380e-16   1.200000e+02   9.205810e+00
  1.400000e+00  -0.000000e+00  -0.000000e+00   7.500000e+01  -0.000000e+00  -0.000000e+00  -3.333243e-16   1.200000e+02   9.205810e+00
  1.450000e+00  -0.000000e+00  -0.000000e+00   7.500000e+01  -0.000000e+00  -0.000000e+00  -3.822258e-16   1.200000e+02   9.205810e+00
  1.500000e+00  -0.000000e+00  -0.000000e+00   7.500000e+01  -0.000000e+00  -0.000000e+00  -3.766813e-16   1.200000e+02   9.205810e+00
  1.550000e+00  -0.000000e+00  -0.000000e+00   7.500000e+01  -0.000000e+00  -0.000000e+00  -3.556062e-16   1.200000e+02   9.205810e+00
  1.600000e+00  -0.000000e+00  -0.000000e+00   7.500000e+01  -0.000000e+00  -0.000000e+00  -3.608604e-16   1.200000e+02   9.205810e+00
  1.650000e+00  -0.000000e+00  -0.000000e+00   7.500000e+01  -0.000000e+00  -0.000000e+00  -3.617362e-16   1.200000e+02   9.205810e+00
  1.700000e+00  -0.000000e+00  -0.000000e+00   7.500000e+01  -0.000000e+00  -0.000000e+00  -3.571166e-16   1.200000e+02   9.205810e+00
  1.750000e+00  -0.000000e+00  -0.000000e+00   7.500000e+01  -0.000000e+00  -0.000000e+00  -3.735574e-16   1.200000e+02   9.205810e+00
  1.800000e+00  -0.000000e+00  -0.000000e+00   7.500000e+01  -0.000000e+00  -0.000000e+00  -3.532005e-16   1.200000e+02   9.205810e+00
  1.850000e+00  -0.000000e+00  -0.000000e+00   7.500000e+01  -0.000000e+00  -0.000000e+00  -3.685253e-16   1.200000e+02   9.205810e+00
  1.900000e+00  -0.000000e+00  -0.000000e+00   7.500000e+01  -0.000000e+00  -0.000000e+00  -3.692934e-16   1.200000e+02   9.205810e+00
  1.950000e+00  -0.000000e+00  -0.000000e+00   7.500000e+01  -0.000000e+00  -0.000000e+00  -2.785897e-16   1.200000e+02   9.205810e+00
  2.000000e+00  -0.000000e+00  -0.000000e+00   7.500000e+01  -0.000000e+00  -0.000000e+00   1.240729e-15   1.200000e+02   9.205810e+00
  2.050000e+00  -0.000000e+00  -0.000000e+00   7.500000e+01  -0.000000e+00  -0.000000e+00   2.330736e-14   1.200000e+02   9.205810e+00
  2.100000e+00  -0.000000e+00  -0.000000e+00   7.500000e+01  -0.000000e+00  -0.000000e+00   2.454009e-13   1.200000e+02   9.205810e+00
  2.150000e+00  -0.000000e+00  -0.000000e+00   7.500000e+01  -0.000000e+00  -0.000000e+00   1.862243e-12   1.200000e+02   9.205810e+00
  2.200000e+00  -0.000000e+00  -0.000000e+00   7.500000e+01  -0.000000e+00  -0.000000e+00   1.127428e-11   1.200000e+02   9.205810e+00
  2.250000e+00  -0.000000e+00  -0.000000e+00   7.500000e+01  -0.000000e+00  -0.000000e+00   6.195567e-11   1.200000e+02   9.205810e+00
  2.300000e+00  -0.000000e+00  -0.000000e+00   7.500000e+01  -0.000000e+00  -0.000000e+00   3.304114e-10   1.200000e+02   9.205810e+00
  2.350000e+00  -0.000000e+00  -0.000000e+00   7.500000e+01  -0.000000e+00  -0.000000e+00   1.645501e-09   1.200000e+02   9.205810e+00
  2.400000e+00  -0.000000e+00  -0.000000e+00   7.500000e+01  -0.000000e+00  -0.000000e+00   7.317989e-09   1.200000e+02   9.205810e+00
  2.450000e+00  -0.000000e+00  -0.000000e+00   7.500000e+01  -0.000000e+00  -0.000000e+00   2.898992e-08   1.200000e+02   9.205810e+00
  2.500000e+00  -0.000000e+00  -0.000000e+00   7.500000e+01  -0.000000e+00  -0.000000e+00   1.036059e-07   1.200000e+02   9.205810e+00
  2.550000e+00  -0.000000e+00  -0.000000e+00   7.500000e+01  -0.000000e+00  -0.000000e+00   3.364393e-07   1.200000e+02   9.205810e+00
  2.600000e+00  -0.000000e+00  -0.000000e+00   7.500000e+01  -0.000000e+00  -0.000000e+00   9.940768e-07   1.200000e+02   9.205810e+00
  2.650000e+00  -0.000000e+00  -0.000000e+00   7.500001e+01  -0.000000e+00  -0.000000e+00   2.671926e-06   1.200000e+02   9.205810e+00
  2.700000e+00  -0.000000e+00  -0.000000e+00   7.500002e+01  -0.000000e+00  -0.000000e+00   6.533807e-06   1.200000e+02   9.205810e+00
  2.750000e+00  -0.000000e+00  -0.000000e+00   7.500004e+01  -0.000000e+00  -0.000000e+00   1.455126e-05   1.200000e+02   9.205810e+00
  2.800000e+00  -0.000000e+00  -0.000000e+00   7.500008e+01  -0.000000e+00  -0.000000e+00   2.958184e-05   1.200000e+02   9.205810e+00
  2.850000e+00  -0.000000e+00  -0.000000e+00   7.500014e+01  -0.000000e+00  -0.000000e+00   5.510618e-05   1.200000e+02   9.205810e+00
  2.900000e+00  -0.000000e+00  -0.000000e+00   7.500025e+01  -0.000000e+00  -0.000000e+00   9.459135e-05   1.200000e+02   9.205810e+00
  2.950000e+00  -0.000000e+00  -0.000000e+00   7.500039e+01  -0.000000e+00  -0.000000e+00   1.507493e-04   1.200000e+02   9.205810e+00
  3.000000e+00  -0.000000e+00  -0.000000e+00   7.500058e+01  -0.000000e+00  -0.000000e+00   2.252524e-04   1.200000e+02   9.205810e+00
  3.050000e+00  -0.000000e+00  -0.000000e+00   7.500082e+01  -0.000000e+00  -0.000000e+00   3.195473e-04   1.200000e+02   9.205810e+00
  3.100000e+00  -0.000000e+00  -0.000000e+00   7.500111e+01  -0.000000e+00  -0.000000e+00   4.371242e-04   1.200000e+02   9.205810e+00
  3.150000e+00  -0.000000e+00  -0.000000e+00   7.500148e+01  -0.000000e+00  -0.000000e+00   5.871286e-04   1.200000e+02   9.205810e+00
  3.200000e+00  -0.000000e+00  -0.000000e+00   7.500199e+01  -0.000000e+00  -0.000000e+00   7.894845e-04   1.200000e+02   9.205810e+00
  3.250000e+00  -0.000000e+00  -0.000000e+00   7.500273e+01  -0.000000e+00  -0.000000e+00   1.083961e-03   1.200000e+02   9.205810e+00
  3.300000e+00  -0.000000e+00  -0.000000e+00   7.500391e+01  -0.000000e+00  -0.000000e+00   1.550891e-03   1.200000e+02   9.205810e+00
  3.350000e+00  -0.000000e+00  -0.000000e+00   7.500598e+01  -0.000000e+00  -0.000000e+00   2.361875e-03   1.200000e+02   9.205810e+00
  3.400000e+00  -0.000000e+00  -0.000000e+00   7.500992e+01  -0.000000e+00  -0.000000e+00   3.891979e-03   1.200001e+02   9.205810e+00
  3.450000e+00  -0.000000e+00  -0.000000e+00   7.501762e+01  -0.000000e+00  -0.000000e+00   6.887189e-03   1.200001e+02   9.205810e+00
  3.500000e+00  -0.000000e+00  -0.000000e+00   7.503179e+01  -0.000000e+00  -0.000000e+00   1.244432e-02   1.200002e+02   9.205810e+00
  3.550000e+00  -0.000000e+00  -0.000000e+00   7.505408e+01  -0.000000e+00  -0.000000e+00   2.131211e-02   1.200005e+02   9.205810e+00
  3.600000e+00  -0.000000e+00  -0.000000e+00   7.508272e+01  -0.000000e+00  -0.000000e+00   3.289547e-02   1.200008e+02   9.205810e+00
  3.650000e+00  -0.000000e+00  -0.000000e+00   7.511413e+01  -0.000000e+00  -0.000000e+00   4.576067e-02   1.200011e+02   9.205810e+00
  3.700000e+00  -0.000000e+00  -0.000000e+00   7.514716e+01  -0.000000e+00  -0.000000e+00   5.939677e-02   1.200011e+02   9.205810e+00
  3.750000e+00  -0.000000e+00  -0.000000e+00   7.518307e+01  -0.000000e+00  -0.000000e+00   7.434231e-02   1.200007e+02   9.205810e+00
  3.800000e+00  -0.000000e+00  -0.000000e+00   7.522265e+01  -0.000000e+00  -0.000000e+00   9.091833e-02   1.200007e+02   9.205810e+00
  3.850000e+00  -0.000000e+00  -0.000000e+00   7.526574e+01  -0.000000e+00  -0.000000e+00   1.090508e-01   1.200012e+02   9.205810e+00
  3.900000e+00  -0.000000e+00  -0.000000e+00   7.531187e+01  -0.000000e+00  -0.000000e+00   1.287561e-01   1.200019e+02   9.205810e+00
  3.950000e+00  -0.000000e+00  -0.000000e+00   7.536062e+01  -0.000000e+00  -0.000000e+00   1.499706e-01   1.200022e+02   9.205810e+00
  4.000000e+00  -0.000000e+00  -0.000000e+00   7.541226e+01  -0.000000e+00  -0.000000e+00   1.726654e-01   1.200011e+02   9.205810e+00
  4.050000e+00  -0.000000e+00  -0.000000e+00   7.546741e+01  -0.000000e+00  -0.000000e+00   1.972802e-01   1.200004e+02   9.205810e+00
  4.100000e+00  -0.000000e+00  -0.000000e+00   7.552588e+01  -0.000000e+00  -0.000000e+00   2.238096e-01   1.200024e+02   9.205810e+00
  4.150000e+00  -0.000000e+00  -0.000000e+00   7.558653e+01  -0.000000e+00  -0.000000e+00   2.516129e-01   1.200036e+02   9.205810e+00
  4.200000e+00  -0.000000e+00  -0.000000e+00   7.564905e+01  -0.000000e+00  -0.000000e+00   2.806475e-01   1.200012e+02   9.205810e+00
  4.250000e+00  -0.000000e+00  -0.000000e+00   7.571420e+01  -0.000000e+00  -0.000000e+00   3.111451e-01   1.200015e+02   9.205810e+00
  4.300000e+00  -0.000000e+00  -0.000000e+00   7.578271e+01  -0.000000e+00  -0.000000e+00   3.438745e-01   1.200027e+02   9.205810e+00
  4.350000e+00  -0.000000e+00  -0.000000e+00   7.585607e+01  -0.000000e+00  -0.000000e+00   3.796536e-01   1.200030e+02   9.205810e+00
  4.400000e+00  -0.000000e+00  -0.000000e+00   7.593380e+01  -0.000000e+00  -0.000000e+00   4.173594e-01   1.200028e+02   9.205810e+00
  4.450000e+00  -0.000000e+00  -0.000000e+00   7.601611e+01  -0.000000e+00  -0.000000e+00   4.564746e-01   1.200037e+02   9.205810e+00
  4.500000e+00  -0.000000e+00  -0.000000e+00   7.610232e+01  -0.000000e+00  -0.000000e+00   4.979574e-01   1.200057e+02   9.205810e+00
  4.550000e+00  -0.000000e+00  -0.000000e+00   7.619280e+01  -0.000000e+00  -0.000000e+00   5.427311e-01   1.200054e+02   9.205810e+00
  4.600000e+00  -0.000000e+00  -0.000000e+00   7.629043e+01  -0.000000e+00  -0.000000e+00   5.917076e-01   1.200023e+02   9.205810e+00
  4.650000e+00  -0.000000e+00  -0.000000e+00   7.639286e+01  -0.000000e+00  -0.000000e+00   6.434915e-01   1.200022e+02   9.205810e+00
  4.700000e+00  -0.000000e+00  -0.000000e+00   7.649247e+01  -0.000000e+00  -0.000000e+00   6.951355e-01   1.200030e+02   9.205810e+00
  4.750000e+00  -0.000000e+00  -0.000000e+00   7.656435e+01  -0.000000e+00  -0.000000e+00   7.387980e-01   1.200003e+02   9.205810e+00
  4.800000e+00  -0.000000e+00  -0.000000e+00   7.651419e+01  -0.000000e+00  -0.000000e+00   7.401162e-01   1.199936e+02   9.205810e+00
  4.850000e+00  -0.000000e+00  -0.000000e+00   7.616882e+01  -0.000000e+00  -0.000000e+00   6.290139e-01   1.199791e+02   9.205810e+00
  4.900000e+00  -0.000000e+00  -0.000000e+00   7.546896e+01  -0.000000e+00  -0.000000e+00   3.696193e-01   1.199647e+02   9.205810e+00
  4.950000e+00  -0.000000e+00  -0.000000e+00   7.473947e+01  -0.000000e+00  -0.000000e+00   7.622042e-02   1.199702e+02   9.205810e+00
  5.000000e+00  -0.000000e+00  -0.000000e+00   7.448418e+01  -0.000000e+00  -0.000000e+00  -4.467788e-02   1.199992e+02   9.205810e+00
  5.050000e+00  -0.000000e+00  -0.000000e+00   7.474239e+01  -0.000000e+00  -0.000000e+00   4.298447e-02   1.200191e+02   9.205810e+00
  5.100000e+00  -0.000000e+00  -0.000000e+00   7.506055e+01  -0.000000e+00  -0.000000e+00   1.624944e-01   1.200062e+02   9.205810e+00
  5.150000e+00  -0.000000e+00  -0.000000e+00   7.517119e+01  -0.000000e+00  -0.000000e+00   1.977406e-01   1.199898e+02   9.205810e+00
  5.200000e+00  -0.000000e+00  -0.000000e+00   7.521569e+01  -0.000000e+00  -0.000000e+00   1.982752e-01   1.199979e+02   9.205810e+00
  5.250000e+00  -0.000000e+00  -0.000000e+00   7.533766e+01  -0.000000e+00  -0.000000e+00   2.221787e-01   1.200052e+02   9.205810e+00
  5.300000e+00  -0.000000e+00  -0.000000e+00   7.549770e+01  -0.000000e+00  -0.000000e+00   2.666688e-01   1.199982e+02   9.205810e+00
  5.350000e+00  -0.000000e+00  -0.000000e+00   7.565208e+01  -0.000000e+00  -0.000000e+00   3.219049e-01   1.199966e+02   9.205810e+00
  5.400000e+00  -0.000000e+00  -0.000000e+00   7.581575e+01  -0.000000e+00  -0.000000e+00   3.745837e-01   1.200116e+02   9.205810e+00
  5.450000e+00  -0.000000e+00  -0.000000e+00   7.599275e+01  -0.000000e+00  -0.000000e+00   4.154160e-01   1.200268e+02   9.205810e+00
  5.500000e+00  -0.000000e+00  -0.000000e+00   7.617931e+01  -0.000000e+00  -0.000000e+00   4.722903e-01   1.200109e+02   9.205810e+00
  5.550000e+00  -0.000000e+00  -0.000000e+00   7.636783e+01  -0.000000e+00  -0.000000e+00   5.592960e-01   1.199826e+02   9.205810e+00
  5.600000e+00  -0.000000e+00  -0.000000e+00   7.655787e+01  -0.000000e+00  -0.000000e+00   6.443414e-01   1.199910e+02   9.205810e+00
  5.650000e+00  -0.000000e+00  -0.000000e+00   7.674963e+01  -0.000000e+00  -0.000000e+00   7.011731e-01   1.200277e+02   9.205810e+00
  5.700000e+00  -0.000000e+00  -0.000000e+00   7.692979e+01  -0.000000e+00  -0.000000e+00   7.498702e-01   1.200222e+02   9.205810e+00
  5.750000e+00  -0.000000e+00  -0.000000e+00   7.712079e+01  -0.000000e+00  -0.000000e+00   8.235227e-01   1.199818e+02   9.205810e+00
  5.800000e+00  -0.000000e+00  -0.000000e+00   7.734022e+01  -0.000000e+00  -0.000000e+00   9.164856e-01   1.199881e+02   9.205810e+00
  5.850000e+00  -0.000000e+00  -0.000000e+00   7.756838e+01  -0.000000e+00  -0.000000e+00   9.996806e-01   1.200226e+02   9.205810e+00
  5.900000e+00  -0.000000e+00  -0.000000e+00   7.780427e+01  -0.000000e+00  -0.000000e+00   1.062404e+00   1.200180e+02   9.205810e+00
  5.950000e+00  -0.000000e+00  -0.000000e+00   7.807138e+01  -0.000000e+00  -0.000000e+00   1.123262e+00   1.199831e+02   9.205810e+00
  6.000000e+00  -0.000000e+00  -0.000000e+00   7.836918e+01  -0.000000e+00  -0.000000e+00   1.210587e+00   1.199672e+02   9.205810e+00
  6.050000e+00  -0.000000e+00  -0.000000e+00   7.870667e+01  -0.000000e+00  -0.000000e+00   1.317952e+00   1.199803e+02   9.205810e+00
  6.100000e+00  -0.000000e+00  -0.000000e+00   7.910548e+01  -0.000000e+00  -0.000000e+00   1.408759e+00   1.200027e+02   9.205810e+00
  6.150000e+00  -0.000000e+00  -0.000000e+00   7.953728e+01  -0.000000e+00  -0.000000e+00   1.450141e+00   1.199783e+02   9.205810e+00
  6.200000e+00  -0.000000e+00  -0.000000e+00   8.021121e+01  -0.000000e+00  -0.000000e+00   1.546548e+00   1.199380e+02   9.205810e+00
  6.250000e+00  -0.000000e+00  -0.000000e+00   8.114125e+01  -0.000000e+00  -0.000000e+00   1.713970e+00   1.198825e+02   9.205810e+00
  6.300000e+00  -0.000000e+00  -0.000000e+00   8.231568e+01  -0.000000e+00  -0.000000e+00   1.771689e+00   1.197657e+02   9.205810e+00
  6.350000e+00  -0.000000e+00  -0.000000e+00   8.407296e+01  -0.000000e+00  -0.000000e+00   1.845159e+00   1.198005e+02   9.205810e+00
  6.400000e+00   6.420341e-03   7.771777e-01   1.005786e+02   1.967214e-04   2.423121e-02   3.194180e+00   1.191481e+02   9.101820e+00
  6.450000e+00   1.693995e-01   4.080828e+00   9.186182e+01   6.865305e-03   1.323589e-01   2.792996e+00   1.196275e+02   5.677319e+00
  6.500000e+00   4.669794e-01   5.781727e+00   7.219040e+01   1.236615e-02   5.805216e-02   5.469835e-01   1.209085e+02  -7.234827e-01
  6.550000e+00   7.211593e-01   4.270443e+00   6.498367e+01   8.753114e-03  -6.730940e-02  -9.880994e-01   1.206919e+02  -2.336989e+00
  6.600000e+00   9.136761e-01   3.138075e+00   6.469530e+01   7.924097e-03  -2.210221e-02  -5.480142e-01   1.199063e+02  -2.208502e+00
  6.650000e+00   1.071164e+00   2.602249e+00   6.481783e+01   6.544411e-03   1.952070e-03   5.173747e-02   1.200956e+02  -2.139862e+00
  6.700000e+00   1.201398e+00   2.467393e+00   6.507426e+01   6.032376e-03  -1.136297e-02  -2.841998e-01   1.203650e+02  -2.101926e+00
  6.750000e+00   1.326856e+00   2.313390e+00   6.495579e+01   5.864472e-03  -5.596699e-03  -1.800476e-01   1.201787e+02  -2.082273e+00
  6.800000e+00   1.438537e+00   2.253407e+00   6.497483e+01   5.613354e-03   2.717382e-03   9.139230e-02   1.200314e+02  -2.054778e+00
  6.850000e+00   1.539837e+00   2.002948e+00   6.512893e+01   5.577810e-03  -1.047547e-03  -1.873559e-02   1.201533e+02  -1.998549e+00
  6.900000e+00   1.636455e+00   1.906115e+00   6.510198e+01   5.357158e-03  -7.458561e-03  -2.351859e-01   1.200800e+02  -1.979270e+00
  6.950000e+00   1.730409e+00   1.839466e+00   6.509422e+01   5.409084e-03   2.629954e-03   9.094221e-02   1.200710e+02  -1.967732e+00
  7.000000e+00   1.817303e+00   1.647037e+00   6.517317e+01   5.409096e-03  -2.815148e-03  -1.200706e-01   1.201665e+02  -1.925725e+00
  7.050000e+00   1.898821e+00   1.651936e+00   6.524547e+01   5.138679e-03  -5.283524e-03  -2.000065e-01   1.201638e+02  -1.911623e+00
  7.100000e+00   1.986109e+00   1.680149e+00   6.489091e+01   5.128738e-03   3.590293e-03   1.430070e-01   1.196714e+02  -1.934898e+00
  7.150000e+00   2.068466e+00   1.581213e+00   6.509326e+01   5.266299e-03   1.511098e-03   5.535638e-02   1.199939e+02  -1.908946e+00
  7.200000e+00   2.144668e+00   1.510053e+00   6.519106e+01   5.245050e-03   1.369304e-03   7.319214e-02   1.200449e+02  -1.879245e+00
  7.250000e+00   2.221360e+00   1.488027e+00   6.516824e+01   5.295126e-03  -1.395659e-03  -6.214504e-02   1.200625e+02  -1.880778e+00
  7.300000e+00   2.295042e+00   1.500664e+00   6.513355e+01   5.282107e-03  -5.583211e-04  -3.112490e-02   1.198957e+02  -1.871510e+00
  7.350000e+00   2.367974e+00   1.391775e+00   6.523105e+01   5.268750e-03   2.948072e-03   1.543858e-01   1.201395e+02  -1.854456e+00
  7.400000e+00   2.434822e+00   1.324833e+00   6.534848e+01   5.473890e-03   2.997053e-03   1.436597e-01   1.202296e+02  -1.823506e+00
  7.450000e+00   2.502896e+00   1.392667e+00   6.519017e+01   5.626934e-03   4.485632e-03   2.202284e-01   1.199268e+02  -1.837941e+00
  7.500000e+00   2.572140e+00   1.362837e+00   6.521065e+01   6.007213e-03   8.664111e-03   4.132145e-01   1.200236e+02  -1.837934e+00
  7.550000e+00   2.638838e+00   1.305028e+00   6.519138e+01   6.403859e-03   8.412234e-03   4.268047e-01   1.199703e+02  -1.821505e+00
  7.600000e+00   2.701772e+00   1.253134e+00   6.522944e+01   6.893539e-03   1.111280e-02   5.849220e-01   1.199551e+02  -1.798002e+00
  7.650000e+00   2.764256e+00   1.228016e+00   6.521770e+01   7.494239e-03   1.164458e-02   6.154375e-01   1.199578e+02  -1.793917e+00
  7.700000e+00   2.823423e+00   1.190054e+00   6.532987e+01   8.052265e-03   1.221372e-02   6.777832e-01   1.200668e+02  -1.772155e+00
  7.750000e+00   2.884006e+00   1.221538e+00   6.522408e+01   8.741999e-03   1.469580e-02   7.915956e-01   1.198972e+02  -1.783099e+00
  7.800000e+00   2.943642e+00   1.136092e+00   6.526346e+01   9.621385e-03   1.876699e-02   1.081291e+00   1.200498e+02  -1.768712e+00
  7.850000e+00   2.997612e+00   1.070829e+00   6.529203e+01   1.050676e-02   1.698353e-02   1.031335e+00   1.199515e+02  -1.731490e+00
  7.900000e+00   3.052826e+00   1.106804e+00   6.530473e+01   1.136446e-02   1.800645e-02   1.071449e+00   1.199960e+02  -1.743470e+00
  7.950000e+00   3.103004e+00   9.101732e-01   6.532156e+01   1.230590e-02   1.854898e-02   1.334242e+00   1.200970e+02  -1.690222e+00
  8.000000e+00   3.145827e+00   8.598979e-01   6.543607e+01   1.313772e-02   1.540837e-02   1.164196e+00   1.200277e+02  -1.636725e+00
  8.050000e+00   3.189997e+00   8.927734e-01   6.542154e+01   1.383750e-02   1.302545e-02   9.515175e-01   1.199769e+02  -1.645447e+00
  8.100000e+00   3.236906e+00   9.804220e-01   6.553620e+01   1.450390e-02   1.360517e-02   9.078075e-01   1.201810e+02  -1.674418e+00
  8.150000e+00   3.289036e+00   1.078933e+00   6.533731e+01   1.526037e-02   1.672816e-02   1.017543e+00   1.199356e+02  -1.719977e+00
  8.200000e+00   3.341773e+00   1.026770e+00   6.528124e+01   1.608142e-02   1.547387e-02   9.808741e-01   1.199330e+02  -1.717884e+00
  8.250000e+00   3.392306e+00   1.007926e+00   6.535647e+01   1.683563e-02   1.537211e-02   9.993970e-01   1.200075e+02  -1.703827e+00
  8.300000e+00   3.443468e+00   1.021393e+00   6.532631e+01   1.763391e-02   1.617244e-02   1.037134e+00   1.199687e+02  -1.709431e+00
  8.350000e+00   3.492058e+00   9.367669e-01   6.535627e+01   1.844091e-02   1.572219e-02   1.094060e+00   1.200294e+02  -1.683122e+00
  8.400000e+00   3.537683e+00   9.012093e-01   6.536943e+01   1.915131e-02   1.327821e-02   9.615595e-01   1.199645e+02  -1.659641e+00
  8.450000e+00   3.582654e+00   8.871141e-01   6.539600e+01   1.983475e-02   1.412434e-02   1.044761e+00   1.200070e+02  -1.652881e+00
  8.500000e+00   3.623594e+00   7.635718e-01   6.541983e+01   2.049389e-02   1.200204e-02   1.024855e+00   1.200698e+02  -1.609334e+00
  8.550000e+00   3.660185e+00   7.214356e-01   6.546292e+01   2.103926e-02   1.041608e-02   9.443024e-01   1.199775e+02  -1.568652e+00
  8.600000e+00   3.695576e+00   6.836145e-01   6.543596e+01   2.156437e-02   1.055399e-02   1.013034e+00   1.199225e+02  -1.550024e+00
  8.650000e+00   3.726386e+00   5.714905e-01   6.547274e+01   2.204191e-02   8.638110e-03   9.867027e-01   1.199798e+02  -1.494969e+00
  8.700000e+00   3.754912e+00   5.835547e-01   6.563201e+01   2.245861e-02   8.460172e-03   9.524457e-01   1.200223e+02  -1.465699e+00
  8.750000e+00   3.783842e+00   5.529527e-01   6.560213e+01   2.288791e-02   8.284552e-03   9.820615e-01   1.200577e+02  -1.460541e+00
  8.800000e+00   3.807836e+00   4.267370e-01   6.553342e+01   2.322944e-02   5.678243e-03   8.675251e-01   1.200209e+02  -1.396879e+00
  8.850000e+00   3.827535e+00   3.787796e-01   6.565035e+01   2.348556e-02   5.086852e-03   8.861321e-01   1.200080e+02  -1.328368e+00
  8.900000e+00   3.846244e+00   3.726806e-01   6.573226e+01   2.375449e-02   5.486257e-03   9.668286e-01   1.199615e+02  -1.293255e+00
  8.950000e+00   3.864337e+00   3.548977e-01   6.577505e+01   2.400273e-02   4.430907e-03   8.140599e-01   1.199847e+02  -1.270974e+00
  9.000000e+00   3.882244e+00   3.584814e-01   6.580099e+01   2.420276e-02   3.827783e-03   7.023373e-01   1.199454e+02  -1.260506e+00
  9.050000e+00   3.898992e+00   3.086181e-01   6.569423e+01   2.437971e-02   3.161015e-03   6.698487e-01   1.199007e+02  -1.237849e+00
  9.100000e+00   3.912286e+00   2.356924e-01   6.567988e+01   2.450580e-02   2.122982e-03   5.906134e-01   1.199890e+02  -1.176834e+00
  9.150000e+00   3.922740e+00   1.909220e-01   6.574597e+01   2.459891e-02   1.665888e-03   5.711384e-01   1.200410e+02  -1.104927e+00
  9.200000e+00   3.931185e+00   1.545964e-01   6.580104e+01   2.466263e-02   9.752763e-04   4.089554e-01   1.200787e+02  -1.034479e+00
  9.250000e+00   3.938274e+00   1.307038e-01   6.581292e+01   2.469890e-02   5.803790e-04   2.899733e-01   1.200113e+02  -9.708865e-01
  9.300000e+00   3.943627e+00   8.734820e-02   6.566157e+01   2.471924e-02   2.559813e-04   1.857992e-01   1.200367e+02  -9.005785e-01
  9.350000e+00   3.946946e+00   5.304828e-02   6.544842e+01   2.472056e-02  -1.496009e-04  -2.040372e-01   1.200161e+02  -8.166466e-01
  9.400000e+00   3.948922e+00   3.043170e-02   6.513950e+01   2.470441e-02  -4.098591e-04  -9.009907e-01   1.199214e+02  -7.311579e-01
  9.450000e+00   3.950172e+00   2.410475e-02   6.521020e+01   2.468185e-02  -4.953517e-04  -1.345796e+00   1.199418e+02  -6.519168e-01
  9.500000e+00   3.952435e+00   9.217368e-02   6.675401e+01   2.464080e-02  -1.407406e-03  -9.896211e-01   1.199444e+02  -6.070677e-01
  9.550000e+00   3.976144e+00   8.501487e-01   6.772531e+01   2.455431e-02   3.741013e-04   5.127289e-02   1.198674e+02  -9.749664e-01
  9.600000e+00   4.025889e+00   9.577729e-01   6.588142e+01   2.464596e-02   1.889055e-03   1.358743e-01   1.201142e+02  -1.564552e+00
  9.650000e+00   4.065618e+00   7.139078e-01   6.544595e+01   2.480851e-02   4.056723e-03   3.766472e-01   1.200599e+02  -1.581758e+00
  9.700000e+00   4.094665e+00   4.709834e-01   6.533185e+01   2.497127e-02   2.132509e-03   2.886073e-01   1.199714e+02  -1.473760e+00
  9.750000e+00   4.114765e+00   3.611044e-01   6.548555e+01   2.504885e-02   1.607127e-03   2.988805e-01   1.199680e+02  -1.354017e+00
  9.800000e+00   4.130492e+00   2.831560e-01   6.561077e+01   2.513933e-02   1.716846e-03   3.963510e-01   1.200418e+02  -1.258857e+00
  9.850000e+00   4.142895e+00   2.249037e-01   6.567094e+01   2.521032e-02   1.296345e-03   3.820890e-01   1.200315e+02  -1.173182e+00
  9.900000e+00   4.152930e+00   1.856672e-01   6.573654e+01   2.528046e-02   1.420913e-03   5.028278e-01   1.200161e+02  -1.096479e+00
  9.950000e+00   4.161344e+00   1.514936e-01   6.576436e+01   2.534128e-02   1.070193e-03   4.663396e-01   1.200242e+02  -1.029264e+00
  1.000000e+01   4.167854e+00   1.176481e-01   6.579135e+01   2.539094e-02   9.220522e-04   5.143615e-01   1.200778e+02  -9.576758e-01
  1.005000e+01   4.173121e+00   9.500685e-02   6.580342e+01   2.542967e-02   6.696629e-04   4.632807e-01   1.200695e+02  -8.904888e-01
  1.010000e+01   4.177387e+00   8.067822e-02   6.583041e+01   2.546038e-02   6.110814e-04   5.015067e-01   1.200068e+02  -8.268936e-01
  1.015000e+01   4.181361e+00   7.860505e-02   6.595471e+01   2.549274e-02   6.540807e-04   5.481043e-01   1.199661e+02  -7.760718e-01
  1.020000e+01   4.185092e+00   7.037692e-02   6.597402e+01   2.552296e-02   5.708518e-04   5.366624e-01   1.199453e+02  -7.339041e-01
  1.025000e+01   4.188355e+00   6.242478e-02   6.596840e+01   2.555105e-02   5.619035e-04   5.957568e-01   1.198926e+02  -6.928078e-01
  1.030000e+01   4.191245e+00   5.382918e-02   6.599522e+01   2.557831e-02   5.150370e-04   6.304403e-01   1.199674e+02  -6.535327e-01
  1.035000e+01   4.193733e+00   4.667843e-02   6.600752e+01   2.560100e-02   4.088444e-04   5.768798e-01   1.200020e+02  -6.143349e-01
  1.040000e+01   4.195815e+00   3.770909e-02   6.596122e+01   2.561861e-02   3.071170e-04   5.353362e-01   1.200530e+02  -5.744614e-01
  1.045000e+01   4.197524e+00   3.240481e-02   6.595656e+01   2.563208e-02   2.551190e-04   5.198895e-01   1.200552e+02  -5.339624e-01
  1.050000e+01   4.199100e+00   3.069858e-02   6.600148e+01   2.564455e-02   2.411403e-04   5.181028e-01   1.200091e+02  -4.971153e-01
  1.055000e+01   4.200529e+00   2.694277e-02   6.602885e+01   2.565582e-02   2.129556e-04   5.213820e-01   1.200804e+02  -4.627178e-01
  1.060000e+01   4.201787e+00   2.380668e-02   6.600451e+01   2.566528e-02   1.694573e-04   4.680942e-01   1.200510e+02  -4.295005e-01
  1.065000e+01   4.202918e+00   2.214970e-02   6.599521e+01   2.567316e-02   1.560005e-04   4.657442e-01   1.199613e+02  -3.978311e-01
  1.070000e+01   4.204017e+00   2.173464e-02   6.607406e+01   2.568101e-02   1.533687e-04   4.649137e-01   1.199664e+02  -3.692286e-01
  1.075000e+01   4.205047e+00   1.945658e-02   6.605014e+01   2.568789e-02   1.245444e-04   4.216421e-01   1.199591e+02  -3.424015e-01
  1.080000e+01   4.205951e+00   1.716473e-02   6.602647e+01   2.569342e-02   1.011075e-04   3.876756e-01   1.199715e+02  -3.157705e-01
  1.085000e+01   4.206760e+00   1.552967e-02   6.605804e+01   2.569784e-02   7.777319e-05   3.281297e-01   1.200448e+02  -2.898113e-01
  1.090000e+01   4.207509e+00   1.466562e-02   6.609013e+01   2.570118e-02   6.229754e-05   2.809005e-01   1.200499e+02  -2.649798e-01
  1.095000e+01   4.208221e+00   1.380269e-02   6.608945e+01   2.570438e-02   6.543058e-05   3.143539e-01   1.200157e+02  -2.415568e-01
  1.100000e+01   4.208878e+00   1.272895e-02   6.606847e+01   2.570756e-02   6.063311e-05   3.137487e-01   1.199809e+02  -2.189794e-01
  1.105000e+01   4.209494e+00   1.190662e-02   6.607357e+01   2.571027e-02   4.827376e-05   2.658832e-01   1.199788e+02  -1.973179e-01
  1.110000e+01   4.210041e+00   1.017911e-02   6.601528e+01   2.571226e-02   3.518841e-05   2.283882e-01   1.200187e+02  -1.758818e-01
  1.115000e+01   4.210526e+00   9.542755e-03   6.601035e+01   2.571410e-02   3.988410e-05   2.778686e-01   1.199867e+02  -1.546650e-01
  1.120000e+01   4.210998e+00   9.342386e-03   6.607279e+01   2.571624e-02   4.403418e-05   3.121632e-01   1.200167e+02  -1.346301e-01
  1.125000e+01   4.211466e+00   9.409058e-03   6.612232e+01   2.571857e-02   4.966821e-05   3.508887e-01   1.199791e+02  -1.158160e-01
  1.130000e+01   4.211931e+00   9.037182e-03   6.612528e+01   2.572125e-02   5.525789e-05   4.058072e-01   1.199559e+02  -9.814353e-02
  1.135000e+01   4.212344e+00   7.625015e-03   6.605881e+01   2.572391e-02   5.086744e-05   4.419085e-01   1.200300e+02  -8.049793e-02
  1.140000e+01   4.212695e+00   6.712331e-03   6.600307e+01   2.572635e-02   4.809073e-05   4.739334e-01   1.200365e+02  -6.255320e-02
  1.145000e+01   4.213021e+00   6.362824e-03   6.597646e+01   2.572882e-02   5.147363e-05   5.371249e-01   1.199756e+02  -4.505296e-02
  1.150000e+01   4.213330e+00   6.058085e-03   6.597658e+01   2.573166e-02   6.137601e-05   6.735237e-01   1.199611e+02  -2.815487e-02
  1.155000e+01   4.213624e+00   5.734126e-03   6.598477e+01   2.573501e-02   7.019555e-05   8.117463e-01   1.199784e+02  -1.182763e-02
  1.160000e+01   4.213894e+00   5.101238e-03   6.593275e+01   2.573854e-02   7.003071e-05   9.076423e-01   1.199958e+02   4.203592e-03
  1.165000e+01   4.214140e+00   4.911570e-03   6.595365e+01   2.574202e-02   7.033882e-05   9.444366e-01   1.199947e+02   1.998012e-02
  1.170000e+01   4.214400e+00   5.478770e-03   6.613058e+01   2.574568e-02   7.483375e-05   9.005886e-01   1.200322e+02   3.472938e-02
  1.175000e+01   4.214689e+00   5.975352e-03   6.629494e+01   2.574936e-02   7.132587e-05   7.866567e-01   1.200980e+02   4.820398e-02
  1.180000e+01   4.214993e+00   6.091340e-03   6.633715e+01   2.575266e-02   6.182756e-05   6.712206e-01   1.200682e+02   6.075143e-02
  1.185000e+01   4.215288e+00   5.689055e-03   6.628243e+01   2.575565e-02   5.977009e-05   6.997937e-01   1.200192e+02   7.295355e-02
  1.190000e+01   4.215555e+00   5.049461e-03   6.619404e+01   2.575873e-02   6.305286e-05   8.308684e-01   1.199971e+02   8.523913e-02
  1.195000e+01   4.215794e+00   4.680177e-03   6.615473e+01   2.576191e-02   6.384031e-05   9.026635e-01   1.199777e+02   9.762260e-02
  1.200000e+01   4.216039e+00   5.183904e-03   6.628665e+01   2.576513e-02   6.438203e-05   8.176204e-01   1.199552e+02   1.094406e-01
