# problem = TPV102
# author = Brad Aagaard
# date = Thu Jun 13 12:10:55 2013
# code = PyLith
# code_version = 1.8.1a (scecdynrup branch)
# element_size = 100 m
# time_step =   5.000000E-02
# num_timesteps =      241
# location = on fault, -12.0 km along strike and 3.0 km depth
# Time series in 7 columns of E14.6:
# Column #1 = time (s)
# Column #2 = horizontal right-lateral slip (m)
# Column #3 = horizontal right-lateral slip rate (m/s)
# Column #4 = horizontal right-lateral shear stress (MPa)
# Column #5 = vertical up-dip slip (m)
# Column #6 = vertical up-dip slip-rate (m/s)
# Column #7 = vertical up-dip shear stress (MPa)
# Column #8 = normal stress (MPa)
# Column #9 = log10(theta) (s)
#
# Data fields
t h-slip h-slip-rate h-shear-stress v-slip v-slip-rate v-shear-stress n-stress log-theta
#
  0.000000e+00  -0.000000e+00  -0.000000e+00  -0.000000e+00  -0.000000e+00  -0.000000e+00  -0.000000e+00  -0.000000e+00   9.205810e+00
  5.000000e-02  -0.000000e+00  -0.000000e+00   7.500000e+01  -0.000000e+00  -0.000000e+00  -3.086553e-16   1.200000e+02   9.205810e+00
  1.000000e-01  -0.000000e+00  -0.000000e+00   7.500000e+01  -0.000000e+00  -0.000000e+00  -4.601527e-16   1.200000e+02   9.205810e+00
  1.500000e-01  -0.000000e+00  -0.000000e+00   7.500000e+01  -0.000000e+00  -0.000000e+00  -6.287276e-17   1.200000e+02   9.205810e+00
  2.000000e-01  -0.000000e+00  -0.000000e+00   7.500000e+01  -0.000000e+00  -0.000000e+00  -1.417143e-16   1.200000e+02   9.205810e+00
  2.500000e-01  -0.000000e+00  -0.000000e+00   7.500000e+01  -0.000000e+00  -0.000000e+00  -2.269374e-16   1.200000e+02   9.205810e+00
  3.000000e-01  -0.000000e+00  -0.000000e+00   7.500000e+01  -0.000000e+00  -0.000000e+00  -1.720477e-16   1.200000e+02   9.205810e+00
  3.500000e-01  -0.000000e+00  -0.000000e+00   7.500000e+01  -0.000000e+00  -0.000000e+00  -1.698051e-16   1.200000e+02   9.205810e+00
  4.000000e-01  -0.000000e+00  -0.000000e+00   7.500000e+01  -0.000000e+00  -0.000000e+00  -2.460024e-16   1.200000e+02   9.205810e+00
  4.500000e-01  -0.000000e+00  -0.000000e+00   7.500000e+01  -0.000000e+00  -0.000000e+00  -1.691905e-16   1.200000e+02   9.205810e+00
  5.000000e-01  -0.000000e+00  -0.000000e+00   7.500000e+01  -0.000000e+00  -0.000000e+00  -2.044757e-16   1.200000e+02   9.205810e+00
  5.500000e-01  -0.000000e+00  -0.000000e+00   7.500000e+01  -0.000000e+00  -0.000000e+00  -2.109873e-16   1.200000e+02   9.205810e+00
  6.000000e-01  -0.000000e+00  -0.000000e+00   7.500000e+01  -0.000000e+00  -0.000000e+00  -2.337722e-16   1.200000e+02   9.205810e+00
  6.500000e-01  -0.000000e+00  -0.000000e+00   7.500000e+01  -0.000000e+00  -0.000000e+00  -1.158773e-16   1.200000e+02   9.205810e+00
  7.000000e-01  -0.000000e+00  -0.000000e+00   7.500000e+01  -0.000000e+00  -0.000000e+00  -2.078803e-16   1.200000e+02   9.205810e+00
  7.500000e-01  -0.000000e+00  -0.000000e+00   7.500000e+01  -0.000000e+00  -0.000000e+00  -2.042245e-16   1.200000e+02   9.205810e+00
  8.000000e-01  -0.000000e+00  -0.000000e+00   7.500000e+01  -0.000000e+00  -0.000000e+00  -1.883135e-16   1.200000e+02   9.205810e+00
  8.500000e-01  -0.000000e+00  -0.000000e+00   7.500000e+01  -0.000000e+00  -0.000000e+00  -1.908180e-16   1.200000e+02   9.205810e+00
  9.000000e-01  -0.000000e+00  -0.000000e+00   7.500000e+01  -0.000000e+00  -0.000000e+00  -2.021630e-16   1.200000e+02   9.205810e+00
  9.500000e-01  -0.000000e+00  -0.000000e+00   7.500000e+01  -0.000000e+00  -0.000000e+00  -1.919905e-16   1.200000e+02   9.205810e+00
  1.000000e+00  -0.000000e+00  -0.000000e+00   7.500000e+01  -0.000000e+00  -0.000000e+00  -1.936478e-16   1.200000e+02   9.205810e+00
  1.050000e+00  -0.000000e+00  -0.000000e+00   7.500000e+01  -0.000000e+00  -0.000000e+00  -1.994592e-16   1.200000e+02   9.205810e+00
  1.100000e+00  -0.000000e+00  -0.000000e+00   7.500000e+01  -0.000000e+00  -0.000000e+00  -1.904640e-16   1.200000e+02   9.205810e+00
  1.150000e+00  -0.000000e+00  -0.000000e+00   7.500000e+01  -0.000000e+00  -0.000000e+00  -1.993705e-16   1.200000e+02   9.205810e+00
  1.200000e+00  -0.000000e+00  -0.000000e+00   7.500000e+01  -0.000000e+00  -0.000000e+00  -1.929132e-16   1.200000e+02   9.205810e+00
  1.250000e+00  -0.000000e+00  -0.000000e+00   7.500000e+01  -0.000000e+00  -0.000000e+00  -2.005025e-16   1.200000e+02   9.205810e+00
  1.300000e+00  -0.000000e+00  -0.000000e+00   7.500000e+01  -0.000000e+00  -0.000000e+00  -2.109375e-16   1.200000e+02   9.205810e+00
  1.350000e+00  -0.000000e+00  -0.000000e+00   7.500000e+01  -0.000000e+00  -0.000000e+00  -2.027677e-16   1.200000e+02   9.205810e+00
  1.400000e+00  -0.000000e+00  -0.000000e+00   7.500000e+01  -0.000000e+00  -0.000000e+00  -1.725788e-16   1.200000e+02   9.205810e+00
  1.450000e+00  -0.000000e+00  -0.000000e+00   7.500000e+01  -0.000000e+00  -0.000000e+00  -2.099767e-16   1.200000e+02   9.205810e+00
  1.500000e+00  -0.000000e+00  -0.000000e+00   7.500000e+01  -0.000000e+00  -0.000000e+00  -2.124939e-16   1.200000e+02   9.205810e+00
  1.550000e+00  -0.000000e+00  -0.000000e+00   7.500000e+01  -0.000000e+00  -0.000000e+00  -1.911096e-16   1.200000e+02   9.205810e+00
  1.600000e+00  -0.000000e+00  -0.000000e+00   7.500000e+01  -0.000000e+00  -0.000000e+00  -1.843977e-16   1.200000e+02   9.205810e+00
  1.650000e+00  -0.000000e+00  -0.000000e+00   7.500000e+01  -0.000000e+00  -0.000000e+00  -1.933461e-16   1.200000e+02   9.205810e+00
  1.700000e+00  -0.000000e+00  -0.000000e+00   7.500000e+01  -0.000000e+00  -0.000000e+00  -2.021602e-16   1.200000e+02   9.205810e+00
  1.750000e+00  -0.000000e+00  -0.000000e+00   7.500000e+01  -0.000000e+00  -0.000000e+00  -2.034348e-16   1.200000e+02   9.205810e+00
  1.800000e+00  -0.000000e+00  -0.000000e+00   7.500000e+01  -0.000000e+00  -0.000000e+00  -1.725405e-16   1.200000e+02   9.205810e+00
  1.850000e+00  -0.000000e+00  -0.000000e+00   7.500000e+01  -0.000000e+00  -0.000000e+00  -2.150690e-16   1.200000e+02   9.205810e+00
  1.900000e+00  -0.000000e+00  -0.000000e+00   7.500000e+01  -0.000000e+00  -0.000000e+00  -2.017064e-16   1.200000e+02   9.205810e+00
  1.950000e+00  -0.000000e+00  -0.000000e+00   7.500000e+01  -0.000000e+00  -0.000000e+00  -1.557271e-16   1.200000e+02   9.205810e+00
  2.000000e+00  -0.000000e+00  -0.000000e+00   7.500000e+01  -0.000000e+00  -0.000000e+00   6.687384e-16   1.200000e+02   9.205810e+00
  2.050000e+00  -0.000000e+00  -0.000000e+00   7.500000e+01  -0.000000e+00  -0.000000e+00   1.427761e-14   1.200000e+02   9.205810e+00
  2.100000e+00  -0.000000e+00  -0.000000e+00   7.500000e+01  -0.000000e+00  -0.000000e+00   1.688185e-13   1.200000e+02   9.205810e+00
  2.150000e+00  -0.000000e+00  -0.000000e+00   7.500000e+01  -0.000000e+00  -0.000000e+00   1.394138e-12   1.200000e+02   9.205810e+00
  2.200000e+00  -0.000000e+00  -0.000000e+00   7.500000e+01  -0.000000e+00  -0.000000e+00   8.799670e-12   1.200000e+02   9.205810e+00
  2.250000e+00  -0.000000e+00  -0.000000e+00   7.500000e+01  -0.000000e+00  -0.000000e+00   4.876556e-11   1.200000e+02   9.205810e+00
  2.300000e+00  -0.000000e+00  -0.000000e+00   7.500000e+01  -0.000000e+00  -0.000000e+00   2.623133e-10   1.200000e+02   9.205810e+00
  2.350000e+00  -0.000000e+00  -0.000000e+00   7.500000e+01  -0.000000e+00  -0.000000e+00   1.334126e-09   1.200000e+02   9.205810e+00
  2.400000e+00  -0.000000e+00  -0.000000e+00   7.500000e+01  -0.000000e+00  -0.000000e+00   6.070386e-09   1.200000e+02   9.205810e+00
  2.450000e+00  -0.000000e+00  -0.000000e+00   7.500000e+01  -0.000000e+00  -0.000000e+00   2.451749e-08   1.200000e+02   9.205810e+00
  2.500000e+00  -0.000000e+00  -0.000000e+00   7.500000e+01  -0.000000e+00  -0.000000e+00   8.910176e-08   1.200000e+02   9.205810e+00
  2.550000e+00  -0.000000e+00  -0.000000e+00   7.500000e+01  -0.000000e+00  -0.000000e+00   2.938632e-07   1.200000e+02   9.205810e+00
  2.600000e+00  -0.000000e+00  -0.000000e+00   7.500000e+01  -0.000000e+00  -0.000000e+00   8.812348e-07   1.200000e+02   9.205810e+00
  2.650000e+00  -0.000000e+00  -0.000000e+00   7.500001e+01  -0.000000e+00  -0.000000e+00   2.402518e-06   1.200000e+02   9.205810e+00
  2.700000e+00  -0.000000e+00  -0.000000e+00   7.500001e+01  -0.000000e+00  -0.000000e+00   5.955152e-06   1.200000e+02   9.205810e+00
  2.750000e+00  -0.000000e+00  -0.000000e+00   7.500003e+01  -0.000000e+00  -0.000000e+00   1.343337e-05   1.200000e+02   9.205810e+00
  2.800000e+00  -0.000000e+00  -0.000000e+00   7.500007e+01  -0.000000e+00  -0.000000e+00   2.763683e-05   1.200000e+02   9.205810e+00
  2.850000e+00  -0.000000e+00  -0.000000e+00   7.500013e+01  -0.000000e+00  -0.000000e+00   5.204764e-05   1.200000e+02   9.205810e+00
  2.900000e+00  -0.000000e+00  -0.000000e+00   7.500022e+01  -0.000000e+00  -0.000000e+00   9.021465e-05   1.200000e+02   9.205810e+00
  2.950000e+00  -0.000000e+00  -0.000000e+00   7.500036e+01  -0.000000e+00  -0.000000e+00   1.449804e-04   1.200000e+02   9.205810e+00
  3.000000e+00  -0.000000e+00  -0.000000e+00   7.500054e+01  -0.000000e+00  -0.000000e+00   2.181023e-04   1.200000e+02   9.205810e+00
  3.050000e+00  -0.000000e+00  -0.000000e+00   7.500077e+01  -0.000000e+00  -0.000000e+00   3.109383e-04   1.200000e+02   9.205810e+00
  3.100000e+00  -0.000000e+00  -0.000000e+00   7.500105e+01  -0.000000e+00  -0.000000e+00   4.266100e-04   1.200000e+02   9.205810e+00
  3.150000e+00  -0.000000e+00  -0.000000e+00   7.500140e+01  -0.000000e+00  -0.000000e+00   5.735411e-04   1.200000e+02   9.205810e+00
  3.200000e+00  -0.000000e+00  -0.000000e+00   7.500187e+01  -0.000000e+00  -0.000000e+00   7.704049e-04   1.200000e+02   9.205810e+00
  3.250000e+00  -0.000000e+00  -0.000000e+00   7.500255e+01  -0.000000e+00  -0.000000e+00   1.054519e-03   1.200000e+02   9.205810e+00
  3.300000e+00  -0.000000e+00  -0.000000e+00   7.500362e+01  -0.000000e+00  -0.000000e+00   1.500523e-03   1.200000e+02   9.205810e+00
  3.350000e+00  -0.000000e+00  -0.000000e+00   7.500546e+01  -0.000000e+00  -0.000000e+00   2.266301e-03   1.200000e+02   9.205810e+00
  3.400000e+00  -0.000000e+00  -0.000000e+00   7.500892e+01  -0.000000e+00  -0.000000e+00   3.698683e-03   1.200000e+02   9.205810e+00
  3.450000e+00  -0.000000e+00  -0.000000e+00   7.501571e+01  -0.000000e+00  -0.000000e+00   6.506609e-03   1.199999e+02   9.205810e+00
  3.500000e+00  -0.000000e+00  -0.000000e+00   7.502850e+01  -0.000000e+00  -0.000000e+00   1.178891e-02   1.200000e+02   9.205810e+00
  3.550000e+00  -0.000000e+00  -0.000000e+00   7.504926e+01  -0.000000e+00  -0.000000e+00   2.039556e-02   1.200001e+02   9.205810e+00
  3.600000e+00  -0.000000e+00  -0.000000e+00   7.507674e+01  -0.000000e+00  -0.000000e+00   3.186693e-02   1.200002e+02   9.205810e+00
  3.650000e+00  -0.000000e+00  -0.000000e+00   7.510732e+01  -0.000000e+00  -0.000000e+00   4.476477e-02   1.200002e+02   9.205810e+00
  3.700000e+00  -0.000000e+00  -0.000000e+00   7.513943e+01  -0.000000e+00  -0.000000e+00   5.841973e-02   1.200001e+02   9.205810e+00
  3.750000e+00  -0.000000e+00  -0.000000e+00   7.517428e+01  -0.000000e+00  -0.000000e+00   7.328533e-02   1.199997e+02   9.205810e+00
  3.800000e+00  -0.000000e+00  -0.000000e+00   7.521274e+01  -0.000000e+00  -0.000000e+00   8.979424e-02   1.199999e+02   9.205810e+00
  3.850000e+00  -0.000000e+00  -0.000000e+00   7.525449e+01  -0.000000e+00  -0.000000e+00   1.079795e-01   1.200008e+02   9.205810e+00
  3.900000e+00  -0.000000e+00  -0.000000e+00   7.529929e+01  -0.000000e+00  -0.000000e+00   1.279707e-01   1.200001e+02   9.205810e+00
  3.950000e+00  -0.000000e+00  -0.000000e+00   7.534685e+01  -0.000000e+00  -0.000000e+00   1.496511e-01   1.199994e+02   9.205810e+00
  4.000000e+00  -0.000000e+00  -0.000000e+00   7.539662e+01  -0.000000e+00  -0.000000e+00   1.730068e-01   1.200003e+02   9.205810e+00
  4.050000e+00  -0.000000e+00  -0.000000e+00   7.544832e+01  -0.000000e+00  -0.000000e+00   1.986306e-01   1.200012e+02   9.205810e+00
  4.100000e+00  -0.000000e+00  -0.000000e+00   7.550152e+01  -0.000000e+00  -0.000000e+00   2.264698e-01   1.200001e+02   9.205810e+00
  4.150000e+00  -0.000000e+00  -0.000000e+00   7.555597e+01  -0.000000e+00  -0.000000e+00   2.562902e-01   1.199995e+02   9.205810e+00
  4.200000e+00  -0.000000e+00  -0.000000e+00   7.561228e+01  -0.000000e+00  -0.000000e+00   2.884823e-01   1.200004e+02   9.205810e+00
  4.250000e+00  -0.000000e+00  -0.000000e+00   7.567101e+01  -0.000000e+00  -0.000000e+00   3.230959e-01   1.200015e+02   9.205810e+00
  4.300000e+00  -0.000000e+00  -0.000000e+00   7.573155e+01  -0.000000e+00  -0.000000e+00   3.590859e-01   1.199996e+02   9.205810e+00
  4.350000e+00  -0.000000e+00  -0.000000e+00   7.579340e+01  -0.000000e+00  -0.000000e+00   3.959663e-01   1.199979e+02   9.205810e+00
  4.400000e+00  -0.000000e+00  -0.000000e+00   7.585859e+01  -0.000000e+00  -0.000000e+00   4.346706e-01   1.199991e+02   9.205810e+00
  4.450000e+00  -0.000000e+00  -0.000000e+00   7.593098e+01  -0.000000e+00  -0.000000e+00   4.753593e-01   1.200020e+02   9.205810e+00
  4.500000e+00  -0.000000e+00  -0.000000e+00   7.601168e+01  -0.000000e+00  -0.000000e+00   5.160936e-01   1.200033e+02   9.205810e+00
  4.550000e+00  -0.000000e+00  -0.000000e+00   7.610064e+01  -0.000000e+00  -0.000000e+00   5.559392e-01   1.199990e+02   9.205810e+00
  4.600000e+00  -0.000000e+00  -0.000000e+00   7.619717e+01  -0.000000e+00  -0.000000e+00   5.966608e-01   1.199959e+02   9.205810e+00
  4.650000e+00  -0.000000e+00  -0.000000e+00   7.629926e+01  -0.000000e+00  -0.000000e+00   6.405492e-01   1.200008e+02   9.205810e+00
  4.700000e+00  -0.000000e+00  -0.000000e+00   7.640274e+01  -0.000000e+00  -0.000000e+00   6.871166e-01   1.200051e+02   9.205810e+00
  4.750000e+00  -0.000000e+00  -0.000000e+00   7.649973e+01  -0.000000e+00  -0.000000e+00   7.309322e-01   1.200007e+02   9.205810e+00
  4.800000e+00  -0.000000e+00  -0.000000e+00   7.653531e+01  -0.000000e+00  -0.000000e+00   7.473081e-01   1.199954e+02   9.205810e+00
  4.850000e+00  -0.000000e+00  -0.000000e+00   7.632637e+01  -0.000000e+00  -0.000000e+00   6.599089e-01   1.199961e+02   9.205810e+00
  4.900000e+00  -0.000000e+00  -0.000000e+00   7.569916e+01  -0.000000e+00  -0.000000e+00   3.974426e-01   1.199983e+02   9.205810e+00
  4.950000e+00  -0.000000e+00  -0.000000e+00   7.490951e+01  -0.000000e+00  -0.000000e+00   7.348897e-02   1.199919e+02   9.205810e+00
  5.000000e+00  -0.000000e+00  -0.000000e+00   7.451182e+01  -0.000000e+00  -0.000000e+00  -7.969175e-02   1.199834e+02   9.205810e+00
  5.050000e+00  -0.000000e+00  -0.000000e+00   7.464026e+01  -0.000000e+00  -0.000000e+00  -2.319586e-02   1.199870e+02   9.205810e+00
  5.100000e+00  -0.000000e+00  -0.000000e+00   7.493357e+01  -0.000000e+00  -0.000000e+00   7.791834e-02   1.200010e+02   9.205810e+00
  5.150000e+00  -0.000000e+00  -0.000000e+00   7.510596e+01  -0.000000e+00  -0.000000e+00   1.099413e-01   1.200077e+02   9.205810e+00
  5.200000e+00  -0.000000e+00  -0.000000e+00   7.523592e+01  -0.000000e+00  -0.000000e+00   1.175536e-01   1.200059e+02   9.205810e+00
  5.250000e+00  -0.000000e+00  -0.000000e+00   7.538650e+01  -0.000000e+00  -0.000000e+00   1.339182e-01   1.200105e+02   9.205810e+00
  5.300000e+00  -0.000000e+00  -0.000000e+00   7.554012e+01  -0.000000e+00  -0.000000e+00   1.551216e-01   1.200116e+02   9.205810e+00
  5.350000e+00  -0.000000e+00  -0.000000e+00   7.572511e+01  -0.000000e+00  -0.000000e+00   1.846029e-01   1.199925e+02   9.205810e+00
  5.400000e+00  -0.000000e+00  -0.000000e+00   7.593934e+01  -0.000000e+00  -0.000000e+00   2.200564e-01   1.199624e+02   9.205810e+00
  5.450000e+00  -0.000000e+00  -0.000000e+00   7.617477e+01  -0.000000e+00  -0.000000e+00   2.769757e-01   1.199709e+02   9.205810e+00
  5.500000e+00  -0.000000e+00  -0.000000e+00   7.640445e+01  -0.000000e+00  -0.000000e+00   3.400924e-01   1.200250e+02   9.205810e+00
  5.550000e+00  -0.000000e+00  -0.000000e+00   7.662254e+01  -0.000000e+00  -0.000000e+00   3.867448e-01   1.200441e+02   9.205810e+00
  5.600000e+00  -0.000000e+00  -0.000000e+00   7.685950e+01  -0.000000e+00  -0.000000e+00   4.332559e-01   1.199949e+02   9.205810e+00
  5.650000e+00  -0.000000e+00  -0.000000e+00   7.712789e+01  -0.000000e+00  -0.000000e+00   5.112865e-01   1.199533e+02   9.205810e+00
  5.700000e+00  -0.000000e+00  -0.000000e+00   7.738544e+01  -0.000000e+00  -0.000000e+00   6.293999e-01   1.199753e+02   9.205810e+00
  5.750000e+00  -0.000000e+00  -0.000000e+00   7.754501e+01  -0.000000e+00  -0.000000e+00   8.175421e-01   1.200166e+02   9.205810e+00
  5.800000e+00  -0.000000e+00  -0.000000e+00   7.752501e+01  -0.000000e+00  -0.000000e+00   1.176393e+00   1.200336e+02   9.205810e+00
  5.850000e+00  -0.000000e+00  -0.000000e+00   7.735998e+01  -0.000000e+00  -0.000000e+00   1.711926e+00   1.200262e+02   9.205810e+00
  5.900000e+00  -0.000000e+00  -0.000000e+00   7.733146e+01  -0.000000e+00  -0.000000e+00   2.176597e+00   1.200027e+02   9.205810e+00
  5.950000e+00  -0.000000e+00  -0.000000e+00   7.767865e+01  -0.000000e+00  -0.000000e+00   2.341594e+00   1.199731e+02   9.205810e+00
  6.000000e+00  -0.000000e+00  -0.000000e+00   7.828888e+01  -0.000000e+00  -0.000000e+00   2.337083e+00   1.199646e+02   9.205810e+00
  6.050000e+00  -0.000000e+00  -0.000000e+00   7.882196e+01  -0.000000e+00  -0.000000e+00   2.362589e+00   1.199746e+02   9.205810e+00
  6.100000e+00  -0.000000e+00  -0.000000e+00   7.918139e+01  -0.000000e+00  -0.000000e+00   2.418201e+00   1.199900e+02   9.205810e+00
  6.150000e+00  -0.000000e+00  -0.000000e+00   7.949671e+01  -0.000000e+00  -0.000000e+00   2.449151e+00   1.200037e+02   9.205810e+00
  6.200000e+00  -0.000000e+00  -0.000000e+00   8.009452e+01  -0.000000e+00  -0.000000e+00   2.525776e+00   1.200147e+02   9.205810e+00
  6.250000e+00  -0.000000e+00  -0.000000e+00   8.141798e+01  -0.000000e+00  -0.000000e+00   2.740355e+00   1.199919e+02   9.205810e+00
  6.300000e+00  -0.000000e+00  -0.000000e+00   8.302808e+01  -0.000000e+00  -0.000000e+00   2.974433e+00   1.199670e+02   9.205810e+00
  6.350000e+00  -0.000000e+00  -0.000000e+00   8.504797e+01  -0.000000e+00  -0.000000e+00   3.201495e+00   1.199596e+02   9.205810e+00
  6.400000e+00  -0.000000e+00   2.032396e-06   8.900307e+01  -0.000000e+00  -0.000000e+00   3.494543e+00   1.199706e+02   9.205810e+00
  6.450000e+00   1.879009e-02   1.877663e+00   1.016659e+02   1.094197e-03   1.090776e-01   5.829920e+00   1.202232e+02   8.876781e+00
  6.500000e+00   2.724150e-01   6.411189e+00   8.628781e+01   8.078555e-03   1.296476e-01   1.728980e+00   1.203674e+02   3.525820e+00
  6.550000e+00   6.414859e-01   6.469583e+00   6.440650e+01   9.165959e-03   5.394748e-03   1.432196e-01   1.200269e+02  -2.515134e+00
  6.600000e+00   8.948678e-01   4.813745e+00   6.430799e+01   1.055382e-02  -1.735523e-02  -2.822779e-01   1.196065e+02  -2.391113e+00
  6.650000e+00   1.103294e+00   4.235350e+00   6.443540e+01   1.003481e-02  -2.234726e-02  -3.938190e-01   1.196148e+02  -2.329260e+00
  6.700000e+00   1.293954e+00   3.625772e+00   6.480162e+01   8.870676e-03  -1.705622e-02  -3.194949e-01   1.201593e+02  -2.263081e+00
  6.750000e+00   1.460475e+00   3.261512e+00   6.495579e+01   7.510205e-03  -2.573656e-02  -4.995282e-01   1.202586e+02  -2.210030e+00
  6.800000e+00   1.614538e+00   2.960180e+00   6.472258e+01   6.462934e-03  -1.764886e-02  -3.817628e-01   1.197389e+02  -2.168103e+00
  6.850000e+00   1.754016e+00   2.528533e+00   6.485392e+01   5.782009e-03  -1.036127e-02  -2.600790e-01   1.199334e+02  -2.108780e+00
  6.900000e+00   1.887142e+00   2.513341e+00   6.498544e+01   5.456443e-03  -5.385272e-03  -1.360576e-01   1.202494e+02  -2.112348e+00
  6.950000e+00   2.007032e+00   2.312557e+00   6.498472e+01   5.500383e-03   5.628440e-03   1.640748e-01   1.201184e+02  -2.071129e+00
  7.000000e+00   2.117266e+00   2.177894e+00   6.486782e+01   6.019482e-03   1.708305e-02   5.285242e-01   1.197853e+02  -2.038625e+00
  7.050000e+00   2.222095e+00   2.001062e+00   6.499568e+01   7.093650e-03   2.071769e-02   6.814251e-01   1.200167e+02  -2.008960e+00
  7.100000e+00   2.318294e+00   1.961819e+00   6.507982e+01   8.655475e-03   3.784216e-02   1.260826e+00   1.200404e+02  -1.986579e+00
  7.150000e+00   2.411623e+00   1.765808e+00   6.508273e+01   1.108281e-02   5.714645e-02   2.121479e+00   1.201214e+02  -1.955382e+00
  7.200000e+00   2.498029e+00   1.702770e+00   6.502366e+01   1.446823e-02   8.336169e-02   3.245151e+00   1.200135e+02  -1.933898e+00
  7.250000e+00   2.588040e+00   1.928450e+00   6.485509e+01   2.032097e-02   1.485214e-01   5.049435e+00   1.198855e+02  -1.972821e+00
  7.300000e+00   2.688526e+00   2.078261e+00   6.488084e+01   2.843559e-02   1.601976e-01   4.963274e+00   1.200414e+02  -2.011690e+00
  7.350000e+00   2.785218e+00   1.686020e+00   6.499240e+01   3.472482e-02   9.440388e-02   3.620917e+00   1.202010e+02  -1.953877e+00
  7.400000e+00   2.860836e+00   1.540292e+00   6.514904e+01   3.906882e-02   9.316058e-02   3.958265e+00   1.200916e+02  -1.876485e+00
  7.450000e+00   2.972441e+00   2.868424e+00   6.480557e+01   4.621499e-02   1.819479e-01   4.084398e+00   1.198135e+02  -2.127108e+00
  7.500000e+00   3.133457e+00   3.213971e+00   6.469956e+01   5.420358e-02   1.179242e-01   2.311757e+00   1.199324e+02  -2.210711e+00
  7.550000e+00   3.277486e+00   2.663493e+00   6.473437e+01   5.807605e-02   6.060419e-02   1.464388e+00   1.198145e+02  -2.132630e+00
  7.600000e+00   3.400961e+00   2.355286e+00   6.484629e+01   6.086847e-02   5.448887e-02   1.499140e+00   1.198831e+02  -2.076737e+00
  7.650000e+00   3.513188e+00   2.168674e+00   6.494300e+01   6.331706e-02   4.535731e-02   1.356962e+00   1.199746e+02  -2.040171e+00
  7.700000e+00   3.614021e+00   1.893027e+00   6.508093e+01   6.537171e-02   3.724107e-02   1.276016e+00   1.201482e+02  -1.986222e+00
  7.750000e+00   3.705490e+00   1.809451e+00   6.514446e+01   6.708720e-02   3.403341e-02   1.232849e+00   1.201401e+02  -1.957591e+00
  7.800000e+00   3.797702e+00   1.838801e+00   6.499748e+01   6.906001e-02   4.160391e-02   1.470014e+00   1.199089e+02  -1.965873e+00
  7.850000e+00   3.883387e+00   1.613782e+00   6.496176e+01   7.088641e-02   3.203721e-02   1.284417e+00   1.197927e+02  -1.918231e+00
  7.900000e+00   3.966462e+00   1.717344e+00   6.517957e+01   7.261350e-02   3.846167e-02   1.465641e+00   1.201217e+02  -1.929007e+00
  7.950000e+00   4.045875e+00   1.473335e+00   6.510341e+01   7.437759e-02   3.168010e-02   1.397018e+00   1.200083e+02  -1.882672e+00
  8.000000e+00   4.120960e+00   1.570959e+00   6.514787e+01   7.595128e-02   3.244957e-02   1.344387e+00   1.199364e+02  -1.885406e+00
  8.050000e+00   4.196691e+00   1.412346e+00   6.503882e+01   7.747487e-02   2.785585e-02   1.283185e+00   1.198586e+02  -1.865462e+00
  8.100000e+00   4.266368e+00   1.436304e+00   6.526746e+01   7.892664e-02   3.122832e-02   1.419303e+00   1.200989e+02  -1.848769e+00
  8.150000e+00   4.337611e+00   1.365382e+00   6.529268e+01   8.038084e-02   2.655434e-02   1.271565e+00   1.202510e+02  -1.845380e+00
  8.200000e+00   4.405265e+00   1.400686e+00   6.508709e+01   8.183666e-02   3.245746e-02   1.511443e+00   1.197332e+02  -1.836034e+00
  8.250000e+00   4.475955e+00   1.350280e+00   6.508644e+01   8.336043e-02   2.582558e-02   1.233173e+00   1.198810e+02  -1.842707e+00
  8.300000e+00   4.539453e+00   1.282302e+00   6.528482e+01   8.456394e-02   2.659832e-02   1.367969e+00   1.200562e+02  -1.803150e+00
  8.350000e+00   4.603304e+00   1.203636e+00   6.541366e+01   8.598928e-02   2.583487e-02   1.390232e+00   1.204154e+02  -1.796843e+00
  8.400000e+00   4.661679e+00   1.218256e+00   6.522889e+01   8.707843e-02   2.229939e-02   1.203382e+00   1.198338e+02  -1.772235e+00
  8.450000e+00   4.725530e+00   1.251965e+00   6.514293e+01   8.844426e-02   2.896521e-02   1.510233e+00   1.198741e+02  -1.803261e+00
  8.500000e+00   4.784014e+00   1.145671e+00   6.519061e+01   8.979846e-02   2.641171e-02   1.503065e+00   1.198616e+02  -1.763356e+00
  8.550000e+00   4.840564e+00   1.071148e+00   6.528760e+01   9.106852e-02   2.288336e-02   1.388122e+00   1.200826e+02  -1.746811e+00
  8.600000e+00   4.891099e+00   1.038035e+00   6.542856e+01   9.215314e-02   2.388804e-02   1.518309e+00   1.201043e+02  -1.707167e+00
  8.650000e+00   4.948174e+00   1.153416e+00   6.525357e+01   9.357752e-02   2.871917e-02   1.617474e+00   1.199496e+02  -1.759504e+00
  8.700000e+00   4.999062e+00   9.485894e-01   6.528367e+01   9.475618e-02   2.148340e-02   1.483160e+00   1.199806e+02  -1.697369e+00
  8.750000e+00   5.048152e+00   9.786123e-01   6.536671e+01   9.596730e-02   2.529123e-02   1.690109e+00   1.200587e+02  -1.694042e+00
  8.800000e+00   5.090973e+00   7.910876e-01   6.534024e+01   9.705893e-02   2.017745e-02   1.670717e+00   1.199858e+02  -1.626649e+00
  8.850000e+00   5.133729e+00   9.125079e-01   6.547153e+01   9.822306e-02   2.580336e-02   1.852537e+00   1.200123e+02  -1.639360e+00
  8.900000e+00   5.176748e+00   7.936056e-01   6.534824e+01   9.937745e-02   1.966879e-02   1.609270e+00   1.199898e+02  -1.625278e+00
  8.950000e+00   5.217094e+00   8.623703e-01   6.553258e+01   1.003216e-01   2.000626e-02   1.521533e+00   1.200501e+02  -1.614469e+00
  9.000000e+00   5.261421e+00   8.559837e-01   6.532480e+01   1.013779e-01   2.118236e-02   1.624065e+00   1.198950e+02  -1.640899e+00
  9.050000e+00   5.301622e+00   7.895875e-01   6.532653e+01   1.024508e-01   2.179421e-02   1.801677e+00   1.198251e+02  -1.605929e+00
  9.100000e+00   5.340761e+00   7.552144e-01   6.542725e+01   1.034423e-01   1.722383e-02   1.480585e+00   1.200047e+02  -1.592182e+00
  9.150000e+00   5.374869e+00   6.347042e-01   6.550526e+01   1.041854e-01   1.414683e-02   1.465876e+00   1.201222e+02  -1.536302e+00
  9.200000e+00   5.406751e+00   6.638236e-01   6.564632e+01   1.049166e-01   1.502195e-02   1.481025e+00   1.201133e+02  -1.512485e+00
  9.250000e+00   5.440925e+00   6.781005e-01   6.555467e+01   1.056556e-01   1.431664e-02   1.382635e+00   1.200264e+02  -1.529925e+00
  9.300000e+00   5.474299e+00   6.641763e-01   6.554773e+01   1.063497e-01   1.364451e-02   1.345207e+00   1.200150e+02  -1.524278e+00
  9.350000e+00   5.506662e+00   6.342715e-01   6.559959e+01   1.070071e-01   1.285523e-02   1.330121e+00   1.201148e+02  -1.511097e+00
  9.400000e+00   5.538660e+00   6.472712e-01   6.554282e+01   1.076701e-01   1.374421e-02   1.394654e+00   1.199444e+02  -1.507341e+00
  9.450000e+00   5.570620e+00   6.248234e-01   6.547455e+01   1.083632e-01   1.359175e-02   1.423287e+00   1.198744e+02  -1.503838e+00
  9.500000e+00   5.600466e+00   5.762235e-01   6.548444e+01   1.090016e-01   1.216929e-02   1.382013e+00   1.198877e+02  -1.478854e+00
  9.550000e+00   5.628060e+00   5.328567e-01   6.551238e+01   1.095826e-01   1.125990e-02   1.385123e+00   1.198912e+02  -1.448081e+00
  9.600000e+00   5.653575e+00   4.971408e-01   6.566262e+01   1.101221e-01   1.039411e-02   1.370160e+00   1.200905e+02  -1.416422e+00
  9.650000e+00   5.678121e+00   4.839649e-01   6.572123e+01   1.106122e-01   9.308611e-03   1.261330e+00   1.201219e+02  -1.397181e+00
  9.700000e+00   5.700693e+00   4.220309e-01   6.563867e+01   1.110452e-01   8.312532e-03   1.298169e+00   1.200308e+02  -1.364497e+00
  9.750000e+00   5.720781e+00   3.965466e-01   6.568813e+01   1.114785e-01   9.192563e-03   1.529959e+00   1.199762e+02  -1.323802e+00
  9.800000e+00   5.740765e+00   4.013100e-01   6.578183e+01   1.119607e-01   9.679487e-03   1.583433e+00   1.200323e+02  -1.309286e+00
  9.850000e+00   5.761278e+00   4.229763e-01   6.581344e+01   1.124321e-01   9.379804e-03   1.456731e+00   1.199949e+02  -1.311933e+00
  9.900000e+00   5.783405e+00   4.498611e-01   6.571241e+01   1.129212e-01   1.008425e-02   1.475558e+00   1.198466e+02  -1.334777e+00
  9.950000e+00   5.804477e+00   3.859482e-01   6.565286e+01   1.133997e-01   8.690916e-03   1.475149e+00   1.199861e+02  -1.325002e+00
  1.000000e+01   5.820507e+00   2.680654e-01   6.558586e+01   1.137437e-01   5.496786e-03   1.340847e+00   1.200834e+02  -1.250937e+00
  1.005000e+01   5.830884e+00   1.695783e-01   6.553004e+01   1.139482e-01   3.238898e-03   1.249236e+00   1.201008e+02  -1.137980e+00
  1.010000e+01   5.838137e+00   1.346918e-01   6.563522e+01   1.140842e-01   2.511593e-03   1.224168e+00   1.200301e+02  -1.033094e+00
  1.015000e+01   5.844885e+00   1.363860e-01   6.582455e+01   1.142100e-01   2.525212e-03   1.217079e+00   1.199193e+02  -9.643867e-01
  1.020000e+01   5.851339e+00   1.182919e-01   6.584963e+01   1.143257e-01   2.062189e-03   1.146078e+00   1.199353e+02  -9.159507e-01
  1.025000e+01   5.856219e+00   8.222231e-02   6.569156e+01   1.144102e-01   1.438971e-03   1.151499e+00   1.199319e+02  -8.556580e-01
  1.030000e+01   5.859571e+00   5.771274e-02   6.560333e+01   1.144704e-01   1.051971e-03   1.196666e+00   1.199628e+02  -7.854422e-01
  1.035000e+01   5.862082e+00   4.542228e-02   6.561520e+01   1.145167e-01   8.495984e-04   1.229000e+00   1.199900e+02  -7.178657e-01
  1.040000e+01   5.864071e+00   3.576962e-02   6.563885e+01   1.145546e-01   6.894907e-04   1.265611e+00   1.200756e+02  -6.558290e-01
  1.045000e+01   5.865703e+00   3.116307e-02   6.571051e+01   1.145862e-01   6.042162e-04   1.274246e+00   1.200940e+02  -5.993720e-01
  1.050000e+01   5.867245e+00   3.105444e-02   6.584641e+01   1.146161e-01   6.065097e-04   1.287657e+00   1.200473e+02  -5.512824e-01
  1.055000e+01   5.868863e+00   3.303909e-02   6.598936e+01   1.146493e-01   7.104683e-04   1.424723e+00   1.199721e+02  -5.125613e-01
  1.060000e+01   5.870341e+00   2.553905e-02   6.586403e+01   1.146829e-01   6.019729e-04   1.556599e+00   1.200060e+02  -4.770384e-01
  1.065000e+01   5.871463e+00   2.197157e-02   6.587905e+01   1.147108e-01   5.759465e-04   1.733889e+00   1.200455e+02  -4.391693e-01
  1.070000e+01   5.872695e+00   2.691134e-02   6.603876e+01   1.147450e-01   7.696258e-04   1.891690e+00   1.197970e+02  -4.082472e-01
  1.075000e+01   5.874162e+00   3.112943e-02   6.628200e+01   1.147882e-01   9.402623e-04   2.006832e+00   1.198558e+02  -3.858490e-01
  1.080000e+01   5.875814e+00   3.403481e-02   6.652092e+01   1.148398e-01   1.074655e-03   2.099805e+00   1.200455e+02  -3.698498e-01
  1.085000e+01   5.877504e+00   3.291943e-02   6.654393e+01   1.148921e-01   9.989703e-04   2.016502e+00   1.200687e+02  -3.565059e-01
  1.090000e+01   5.878999e+00   2.725664e-02   6.639884e+01   1.149366e-01   7.968346e-04   1.938003e+00   1.200431e+02  -3.406825e-01
  1.095000e+01   5.880217e+00   2.243276e-02   6.626553e+01   1.149710e-01   6.170445e-04   1.819054e+00   1.200143e+02  -3.207825e-01
  1.100000e+01   5.881216e+00   1.806141e-02   6.611808e+01   1.149979e-01   4.801369e-04   1.757596e+00   1.199910e+02  -2.983323e-01
  1.105000e+01   5.881991e+00   1.349019e-02   6.591610e+01   1.150187e-01   3.681709e-04   1.801490e+00   1.199916e+02  -2.733608e-01
  1.110000e+01   5.882548e+00   9.682083e-03   6.572406e+01   1.150342e-01   2.743135e-04   1.863771e+00   1.200547e+02  -2.460820e-01
  1.115000e+01   5.883004e+00   9.201902e-03   6.574733e+01   1.150472e-01   2.598129e-04   1.853798e+00   1.200009e+02  -2.189357e-01
  1.120000e+01   5.883488e+00   9.770328e-03   6.585961e+01   1.150604e-01   2.598598e-04   1.748516e+00   1.199566e+02  -1.944769e-01
  1.125000e+01   5.883928e+00   7.807132e-03   6.574777e+01   1.150719e-01   2.029155e-04   1.708858e+00   1.200164e+02  -1.710357e-01
  1.130000e+01   5.884261e+00   5.998750e-03   6.560375e+01   1.150806e-01   1.576306e-04   1.725458e+00   1.200612e+02  -1.469981e-01
  1.135000e+01   5.884550e+00   5.792461e-03   6.559667e+01   1.150884e-01   1.589732e-04   1.802871e+00   1.199605e+02  -1.236425e-01
  1.140000e+01   5.884834e+00   5.375211e-03   6.554940e+01   1.150963e-01   1.488300e-04   1.813337e+00   1.198870e+02  -1.016825e-01
  1.145000e+01   5.885067e+00   4.204451e-03   6.547414e+01   1.151026e-01   1.114023e-04   1.731528e+00   1.200412e+02  -8.001709e-02
  1.150000e+01   5.885276e+00   4.355568e-03   6.560594e+01   1.151079e-01   1.085297e-04   1.631805e+00   1.200702e+02  -5.906680e-02
  1.155000e+01   5.885504e+00   4.491595e-03   6.560980e+01   1.151135e-01   1.090215e-04   1.592310e+00   1.199223e+02  -3.968818e-02
  1.160000e+01   5.885696e+00   3.306478e-03   6.539406e+01   1.151181e-01   8.006461e-05   1.583444e+00   1.199596e+02  -2.062923e-02
  1.165000e+01   5.885839e+00   2.610427e-03   6.526350e+01   1.151216e-01   6.441627e-05   1.612603e+00   1.200099e+02  -1.473034e-03
  1.170000e+01   5.885960e+00   2.317551e-03   6.519189e+01   1.151247e-01   5.919283e-05   1.665970e+00   1.199741e+02   1.719692e-02
  1.175000e+01   5.886071e+00   2.181336e-03   6.521283e+01   1.151275e-01   5.538294e-05   1.654441e+00   1.200039e+02   3.521923e-02
  1.180000e+01   5.886180e+00   2.177718e-03   6.531137e+01   1.151302e-01   5.343908e-05   1.600547e+00   1.200785e+02   5.248354e-02
  1.185000e+01   5.886290e+00   2.215978e-03   6.538069e+01   1.151329e-01   5.332939e-05   1.574118e+00   1.200727e+02   6.897849e-02
  1.190000e+01   5.886398e+00   2.037062e-03   6.531907e+01   1.151355e-01   5.045272e-05   1.618809e+00   1.200269e+02   8.482081e-02
  1.195000e+01   5.886484e+00   1.484494e-03   6.506804e+01   1.151377e-01   3.572803e-05   1.562101e+00   1.200339e+02   1.004665e-01
  1.200000e+01   5.886548e+00   1.179877e-03   6.490473e+01   1.151391e-01   2.640283e-05   1.450419e+00   1.200224e+02   1.159968e-01
