# problem = TPV102
# author = Brad Aagaard
# date = Thu Jun 13 12:10:55 2013
# code = PyLith
# code_version = 1.8.1a (scecdynrup branch)
# element_size = 100 m
# time_step =   5.000000E-02
# num_timesteps =      241
# location = on fault, 12.0 km along strike and 3.0 km depth
# Time series in 7 columns of E14.6:
# Column #1 = time (s)
# Column #2 = horizontal right-lateral slip (m)
# Column #3 = horizontal right-lateral slip rate (m/s)
# Column #4 = horizontal right-lateral shear stress (MPa)
# Column #5 = vertical up-dip slip (m)
# Column #6 = vertical up-dip slip-rate (m/s)
# Column #7 = vertical up-dip shear stress (MPa)
# Column #8 = normal stress (MPa)
# Column #9 = log10(theta) (s)
#
# Data fields
t h-slip h-slip-rate h-shear-stress v-slip v-slip-rate v-shear-stress n-stress log-theta
#
  0.000000e+00  -0.000000e+00  -0.000000e+00  -0.000000e+00  -0.000000e+00  -0.000000e+00  -0.000000e+00  -0.000000e+00   9.205810e+00
  5.000000e-02  -0.000000e+00  -0.000000e+00   7.500000e+01  -0.000000e+00  -0.000000e+00  -1.689832e-16   1.200000e+02   9.205810e+00
  1.000000e-01  -0.000000e+00  -0.000000e+00   7.500000e+01  -0.000000e+00  -0.000000e+00  -1.189570e-16   1.200000e+02   9.205810e+00
  1.500000e-01  -0.000000e+00  -0.000000e+00   7.500000e+01  -0.000000e+00  -0.000000e+00  -1.740362e-16   1.200000e+02   9.205810e+00
  2.000000e-01  -0.000000e+00  -0.000000e+00   7.500000e+01  -0.000000e+00  -0.000000e+00  -1.468379e-16   1.200000e+02   9.205810e+00
  2.500000e-01  -0.000000e+00  -0.000000e+00   7.500000e+01  -0.000000e+00  -0.000000e+00  -5.097402e-17   1.200000e+02   9.205810e+00
  3.000000e-01  -0.000000e+00  -0.000000e+00   7.500000e+01  -0.000000e+00  -0.000000e+00  -1.320760e-16   1.200000e+02   9.205810e+00
  3.500000e-01  -0.000000e+00  -0.000000e+00   7.500000e+01  -0.000000e+00  -0.000000e+00  -1.285015e-16   1.200000e+02   9.205810e+00
  4.000000e-01  -0.000000e+00  -0.000000e+00   7.500000e+01  -0.000000e+00  -0.000000e+00  -1.084575e-16   1.200000e+02   9.205810e+00
  4.500000e-01  -0.000000e+00  -0.000000e+00   7.500000e+01  -0.000000e+00  -0.000000e+00  -8.108238e-17   1.200000e+02   9.205810e+00
  5.000000e-01  -0.000000e+00  -0.000000e+00   7.500000e+01  -0.000000e+00  -0.000000e+00  -1.487068e-16   1.200000e+02   9.205810e+00
  5.500000e-01  -0.000000e+00  -0.000000e+00   7.500000e+01  -0.000000e+00  -0.000000e+00  -9.992476e-17   1.200000e+02   9.205810e+00
  6.000000e-01  -0.000000e+00  -0.000000e+00   7.500000e+01  -0.000000e+00  -0.000000e+00  -1.215408e-16   1.200000e+02   9.205810e+00
  6.500000e-01  -0.000000e+00  -0.000000e+00   7.500000e+01  -0.000000e+00  -0.000000e+00  -9.000713e-17   1.200000e+02   9.205810e+00
  7.000000e-01  -0.000000e+00  -0.000000e+00   7.500000e+01  -0.000000e+00  -0.000000e+00  -1.275407e-16   1.200000e+02   9.205810e+00
  7.500000e-01  -0.000000e+00  -0.000000e+00   7.500000e+01  -0.000000e+00  -0.000000e+00  -1.690823e-16   1.200000e+02   9.205810e+00
  8.000000e-01  -0.000000e+00  -0.000000e+00   7.500000e+01  -0.000000e+00  -0.000000e+00  -1.230575e-16   1.200000e+02   9.205810e+00
  8.500000e-01  -0.000000e+00  -0.000000e+00   7.500000e+01  -0.000000e+00  -0.000000e+00  -1.399277e-16   1.200000e+02   9.205810e+00
  9.000000e-01  -0.000000e+00  -0.000000e+00   7.500000e+01  -0.000000e+00  -0.000000e+00  -1.487749e-16   1.200000e+02   9.205810e+00
  9.500000e-01  -0.000000e+00  -0.000000e+00   7.500000e+01  -0.000000e+00  -0.000000e+00  -1.370165e-16   1.200000e+02   9.205810e+00
  1.000000e+00  -0.000000e+00  -0.000000e+00   7.500000e+01  -0.000000e+00  -0.000000e+00  -1.108299e-16   1.200000e+02   9.205810e+00
  1.050000e+00  -0.000000e+00  -0.000000e+00   7.500000e+01  -0.000000e+00  -0.000000e+00  -1.497617e-16   1.200000e+02   9.205810e+00
  1.100000e+00  -0.000000e+00  -0.000000e+00   7.500000e+01  -0.000000e+00  -0.000000e+00  -1.344316e-16   1.200000e+02   9.205810e+00
  1.150000e+00  -0.000000e+00  -0.000000e+00   7.500000e+01  -0.000000e+00  -0.000000e+00  -1.394934e-16   1.200000e+02   9.205810e+00
  1.200000e+00  -0.000000e+00  -0.000000e+00   7.500000e+01  -0.000000e+00  -0.000000e+00  -1.517525e-16   1.200000e+02   9.205810e+00
  1.250000e+00  -0.000000e+00  -0.000000e+00   7.500000e+01  -0.000000e+00  -0.000000e+00  -1.068216e-16   1.200000e+02   9.205810e+00
  1.300000e+00  -0.000000e+00  -0.000000e+00   7.500000e+01  -0.000000e+00  -0.000000e+00  -1.356759e-16   1.200000e+02   9.205810e+00
  1.350000e+00  -0.000000e+00  -0.000000e+00   7.500000e+01  -0.000000e+00  -0.000000e+00  -1.530731e-16   1.200000e+02   9.205810e+00
  1.400000e+00  -0.000000e+00  -0.000000e+00   7.500000e+01  -0.000000e+00  -0.000000e+00  -1.164261e-16   1.200000e+02   9.205810e+00
  1.450000e+00  -0.000000e+00  -0.000000e+00   7.500000e+01  -0.000000e+00  -0.000000e+00  -1.412443e-16   1.200000e+02   9.205810e+00
  1.500000e+00  -0.000000e+00  -0.000000e+00   7.500000e+01  -0.000000e+00  -0.000000e+00  -1.360159e-16   1.200000e+02   9.205810e+00
  1.550000e+00  -0.000000e+00  -0.000000e+00   7.500000e+01  -0.000000e+00  -0.000000e+00  -1.148146e-16   1.200000e+02   9.205810e+00
  1.600000e+00  -0.000000e+00  -0.000000e+00   7.500000e+01  -0.000000e+00  -0.000000e+00  -1.484445e-16   1.200000e+02   9.205810e+00
  1.650000e+00  -0.000000e+00  -0.000000e+00   7.500000e+01  -0.000000e+00  -0.000000e+00  -1.297519e-16   1.200000e+02   9.205810e+00
  1.700000e+00  -0.000000e+00  -0.000000e+00   7.500000e+01  -0.000000e+00  -0.000000e+00  -1.454838e-16   1.200000e+02   9.205810e+00
  1.750000e+00  -0.000000e+00  -0.000000e+00   7.500000e+01  -0.000000e+00  -0.000000e+00  -1.494450e-16   1.200000e+02   9.205810e+00
  1.800000e+00  -0.000000e+00  -0.000000e+00   7.500000e+01  -0.000000e+00  -0.000000e+00  -1.265151e-16   1.200000e+02   9.205810e+00
  1.850000e+00  -0.000000e+00  -0.000000e+00   7.500000e+01  -0.000000e+00  -0.000000e+00  -1.243224e-16   1.200000e+02   9.205810e+00
  1.900000e+00  -0.000000e+00  -0.000000e+00   7.500000e+01  -0.000000e+00  -0.000000e+00  -1.188730e-16   1.200000e+02   9.205810e+00
  1.950000e+00  -0.000000e+00  -0.000000e+00   7.500000e+01  -0.000000e+00  -0.000000e+00  -1.848824e-16   1.200000e+02   9.205810e+00
  2.000000e+00  -0.000000e+00  -0.000000e+00   7.500000e+01  -0.000000e+00  -0.000000e+00  -9.372298e-16   1.200000e+02   9.205810e+00
  2.050000e+00  -0.000000e+00  -0.000000e+00   7.500000e+01  -0.000000e+00  -0.000000e+00  -1.384225e-14   1.200000e+02   9.205810e+00
  2.100000e+00  -0.000000e+00  -0.000000e+00   7.500000e+01  -0.000000e+00  -0.000000e+00  -1.613155e-13   1.200000e+02   9.205810e+00
  2.150000e+00  -0.000000e+00  -0.000000e+00   7.500000e+01  -0.000000e+00  -0.000000e+00  -1.339306e-12   1.200000e+02   9.205810e+00
  2.200000e+00  -0.000000e+00  -0.000000e+00   7.500000e+01  -0.000000e+00  -0.000000e+00  -8.505709e-12   1.200000e+02   9.205810e+00
  2.250000e+00  -0.000000e+00  -0.000000e+00   7.500000e+01  -0.000000e+00  -0.000000e+00  -4.732646e-11   1.200000e+02   9.205810e+00
  2.300000e+00  -0.000000e+00  -0.000000e+00   7.500000e+01  -0.000000e+00  -0.000000e+00  -2.552739e-10   1.200000e+02   9.205810e+00
  2.350000e+00  -0.000000e+00  -0.000000e+00   7.500000e+01  -0.000000e+00  -0.000000e+00  -1.302413e-09   1.200000e+02   9.205810e+00
  2.400000e+00  -0.000000e+00  -0.000000e+00   7.500000e+01  -0.000000e+00  -0.000000e+00  -5.942400e-09   1.200000e+02   9.205810e+00
  2.450000e+00  -0.000000e+00  -0.000000e+00   7.500000e+01  -0.000000e+00  -0.000000e+00  -2.404442e-08   1.200000e+02   9.205810e+00
  2.500000e+00  -0.000000e+00  -0.000000e+00   7.500000e+01  -0.000000e+00  -0.000000e+00  -8.750462e-08   1.200000e+02   9.205810e+00
  2.550000e+00  -0.000000e+00  -0.000000e+00   7.500000e+01  -0.000000e+00  -0.000000e+00  -2.889653e-07   1.200000e+02   9.205810e+00
  2.600000e+00  -0.000000e+00  -0.000000e+00   7.500000e+01  -0.000000e+00  -0.000000e+00  -8.675934e-07   1.200000e+02   9.205810e+00
  2.650000e+00  -0.000000e+00  -0.000000e+00   7.500001e+01  -0.000000e+00  -0.000000e+00  -2.368083e-06   1.200000e+02   9.205810e+00
  2.700000e+00  -0.000000e+00  -0.000000e+00   7.500001e+01  -0.000000e+00  -0.000000e+00  -5.876393e-06   1.200000e+02   9.205810e+00
  2.750000e+00  -0.000000e+00  -0.000000e+00   7.500003e+01  -0.000000e+00  -0.000000e+00  -1.326987e-05   1.200000e+02   9.205810e+00
  2.800000e+00  -0.000000e+00  -0.000000e+00   7.500007e+01  -0.000000e+00  -0.000000e+00  -2.732818e-05   1.200000e+02   9.205810e+00
  2.850000e+00  -0.000000e+00  -0.000000e+00   7.500013e+01  -0.000000e+00  -0.000000e+00  -5.151617e-05   1.200000e+02   9.205810e+00
  2.900000e+00  -0.000000e+00  -0.000000e+00   7.500022e+01  -0.000000e+00  -0.000000e+00  -8.937616e-05   1.200000e+02   9.205810e+00
  2.950000e+00  -0.000000e+00  -0.000000e+00   7.500036e+01  -0.000000e+00  -0.000000e+00  -1.437609e-04   1.200000e+02   9.205810e+00
  3.000000e+00  -0.000000e+00  -0.000000e+00   7.500054e+01  -0.000000e+00  -0.000000e+00  -2.164489e-04   1.200000e+02   9.205810e+00
  3.050000e+00  -0.000000e+00  -0.000000e+00   7.500077e+01  -0.000000e+00  -0.000000e+00  -3.088047e-04   1.200000e+02   9.205810e+00
  3.100000e+00  -0.000000e+00  -0.000000e+00   7.500105e+01  -0.000000e+00  -0.000000e+00  -4.238985e-04   1.200000e+02   9.205810e+00
  3.150000e+00  -0.000000e+00  -0.000000e+00   7.500140e+01  -0.000000e+00  -0.000000e+00  -5.700059e-04   1.200000e+02   9.205810e+00
  3.200000e+00  -0.000000e+00  -0.000000e+00   7.500187e+01  -0.000000e+00  -0.000000e+00  -7.655419e-04   1.200000e+02   9.205810e+00
  3.250000e+00  -0.000000e+00  -0.000000e+00   7.500255e+01  -0.000000e+00  -0.000000e+00  -1.047400e-03   1.200000e+02   9.205810e+00
  3.300000e+00  -0.000000e+00  -0.000000e+00   7.500361e+01  -0.000000e+00  -0.000000e+00  -1.489411e-03   1.200000e+02   9.205810e+00
  3.350000e+00  -0.000000e+00  -0.000000e+00   7.500545e+01  -0.000000e+00  -0.000000e+00  -2.247705e-03   1.200000e+02   9.205810e+00
  3.400000e+00  -0.000000e+00  -0.000000e+00   7.500891e+01  -0.000000e+00  -0.000000e+00  -3.665285e-03   1.200000e+02   9.205810e+00
  3.450000e+00  -0.000000e+00  -0.000000e+00   7.501570e+01  -0.000000e+00  -0.000000e+00  -6.445250e-03   1.200000e+02   9.205810e+00
  3.500000e+00  -0.000000e+00  -0.000000e+00   7.502849e+01  -0.000000e+00  -0.000000e+00  -1.168335e-02   1.199999e+02   9.205810e+00
  3.550000e+00  -0.000000e+00  -0.000000e+00   7.504927e+01  -0.000000e+00  -0.000000e+00  -2.023048e-02   1.199999e+02   9.205810e+00
  3.600000e+00  -0.000000e+00  -0.000000e+00   7.507669e+01  -0.000000e+00  -0.000000e+00  -3.161682e-02   1.200000e+02   9.205810e+00
  3.650000e+00  -0.000000e+00  -0.000000e+00   7.510713e+01  -0.000000e+00  -0.000000e+00  -4.440350e-02   1.200000e+02   9.205810e+00
  3.700000e+00  -0.000000e+00  -0.000000e+00   7.513922e+01  -0.000000e+00  -0.000000e+00  -5.797229e-02   1.199996e+02   9.205810e+00
  3.750000e+00  -0.000000e+00  -0.000000e+00   7.517417e+01  -0.000000e+00  -0.000000e+00  -7.282402e-02   1.199995e+02   9.205810e+00
  3.800000e+00  -0.000000e+00  -0.000000e+00   7.521274e+01  -0.000000e+00  -0.000000e+00  -8.942193e-02   1.200001e+02   9.205810e+00
  3.850000e+00  -0.000000e+00  -0.000000e+00   7.525456e+01  -0.000000e+00  -0.000000e+00  -1.076157e-01   1.199997e+02   9.205810e+00
  3.900000e+00  -0.000000e+00  -0.000000e+00   7.529906e+01  -0.000000e+00  -0.000000e+00  -1.272268e-01   1.199992e+02   9.205810e+00
  3.950000e+00  -0.000000e+00  -0.000000e+00   7.534628e+01  -0.000000e+00  -0.000000e+00  -1.487394e-01   1.199999e+02   9.205810e+00
  4.000000e+00  -0.000000e+00  -0.000000e+00   7.539638e+01  -0.000000e+00  -0.000000e+00  -1.723654e-01   1.199995e+02   9.205810e+00
  4.050000e+00  -0.000000e+00  -0.000000e+00   7.544859e+01  -0.000000e+00  -0.000000e+00  -1.979133e-01   1.199991e+02   9.205810e+00
  4.100000e+00  -0.000000e+00  -0.000000e+00   7.550192e+01  -0.000000e+00  -0.000000e+00  -2.256690e-01   1.199997e+02   9.205810e+00
  4.150000e+00  -0.000000e+00  -0.000000e+00   7.555609e+01  -0.000000e+00  -0.000000e+00  -2.555828e-01   1.199995e+02   9.205810e+00
  4.200000e+00  -0.000000e+00  -0.000000e+00   7.561163e+01  -0.000000e+00  -0.000000e+00  -2.874904e-01   1.199980e+02   9.205810e+00
  4.250000e+00  -0.000000e+00  -0.000000e+00   7.567005e+01  -0.000000e+00  -0.000000e+00  -3.215675e-01   1.199985e+02   9.205810e+00
  4.300000e+00  -0.000000e+00  -0.000000e+00   7.573143e+01  -0.000000e+00  -0.000000e+00  -3.575608e-01   1.200002e+02   9.205810e+00
  4.350000e+00  -0.000000e+00  -0.000000e+00   7.579443e+01  -0.000000e+00  -0.000000e+00  -3.951838e-01   1.200012e+02   9.205810e+00
  4.400000e+00  -0.000000e+00  -0.000000e+00   7.585951e+01  -0.000000e+00  -0.000000e+00  -4.340753e-01   1.199999e+02   9.205810e+00
  4.450000e+00  -0.000000e+00  -0.000000e+00   7.593027e+01  -0.000000e+00  -0.000000e+00  -4.736441e-01   1.199975e+02   9.205810e+00
  4.500000e+00  -0.000000e+00  -0.000000e+00   7.601075e+01  -0.000000e+00  -0.000000e+00  -5.135470e-01   1.199964e+02   9.205810e+00
  4.550000e+00  -0.000000e+00  -0.000000e+00   7.610118e+01  -0.000000e+00  -0.000000e+00  -5.537536e-01   1.199990e+02   9.205810e+00
  4.600000e+00  -0.000000e+00  -0.000000e+00   7.619861e+01  -0.000000e+00  -0.000000e+00  -5.955095e-01   1.200013e+02   9.205810e+00
  4.650000e+00  -0.000000e+00  -0.000000e+00   7.630024e+01  -0.000000e+00  -0.000000e+00  -6.393371e-01   1.199999e+02   9.205810e+00
  4.700000e+00  -0.000000e+00  -0.000000e+00   7.640324e+01  -0.000000e+00  -0.000000e+00  -6.835562e-01   1.199988e+02   9.205810e+00
  4.750000e+00  -0.000000e+00  -0.000000e+00   7.649903e+01  -0.000000e+00  -0.000000e+00  -7.251434e-01   1.199989e+02   9.205810e+00
  4.800000e+00  -0.000000e+00  -0.000000e+00   7.653119e+01  -0.000000e+00  -0.000000e+00  -7.428499e-01   1.200002e+02   9.205810e+00
  4.850000e+00  -0.000000e+00  -0.000000e+00   7.632328e+01  -0.000000e+00  -0.000000e+00  -6.650867e-01   1.200039e+02   9.205810e+00
  4.900000e+00  -0.000000e+00  -0.000000e+00   7.569648e+01  -0.000000e+00  -0.000000e+00  -4.167953e-01   1.200097e+02   9.205810e+00
  4.950000e+00  -0.000000e+00  -0.000000e+00   7.489136e+01  -0.000000e+00  -0.000000e+00  -9.127580e-02   1.200077e+02   9.205810e+00
  5.000000e+00  -0.000000e+00  -0.000000e+00   7.449213e+01  -0.000000e+00  -0.000000e+00   7.822661e-02   1.199929e+02   9.205810e+00
  5.050000e+00  -0.000000e+00  -0.000000e+00   7.464450e+01  -0.000000e+00  -0.000000e+00   3.093297e-02   1.199807e+02   9.205810e+00
  5.100000e+00  -0.000000e+00  -0.000000e+00   7.495328e+01  -0.000000e+00  -0.000000e+00  -7.097179e-02   1.199881e+02   9.205810e+00
  5.150000e+00  -0.000000e+00  -0.000000e+00   7.511501e+01  -0.000000e+00  -0.000000e+00  -1.027861e-01   1.200085e+02   9.205810e+00
  5.200000e+00  -0.000000e+00  -0.000000e+00   7.522163e+01  -0.000000e+00  -0.000000e+00  -1.103302e-01   1.200243e+02   9.205810e+00
  5.250000e+00  -0.000000e+00  -0.000000e+00   7.537271e+01  -0.000000e+00  -0.000000e+00  -1.385821e-01   1.200169e+02   9.205810e+00
  5.300000e+00  -0.000000e+00  -0.000000e+00   7.554455e+01  -0.000000e+00  -0.000000e+00  -1.609443e-01   1.199923e+02   9.205810e+00
  5.350000e+00  -0.000000e+00  -0.000000e+00   7.573529e+01  -0.000000e+00  -0.000000e+00  -1.762272e-01   1.199801e+02   9.205810e+00
  5.400000e+00  -0.000000e+00  -0.000000e+00   7.593398e+01  -0.000000e+00  -0.000000e+00  -2.083153e-01   1.199878e+02   9.205810e+00
  5.450000e+00  -0.000000e+00  -0.000000e+00   7.615269e+01  -0.000000e+00  -0.000000e+00  -2.719313e-01   1.199939e+02   9.205810e+00
  5.500000e+00  -0.000000e+00  -0.000000e+00   7.639229e+01  -0.000000e+00  -0.000000e+00  -3.387263e-01   1.199831e+02   9.205810e+00
  5.550000e+00  -0.000000e+00  -0.000000e+00   7.663349e+01  -0.000000e+00  -0.000000e+00  -3.827727e-01   1.199823e+02   9.205810e+00
  5.600000e+00  -0.000000e+00  -0.000000e+00   7.686115e+01  -0.000000e+00  -0.000000e+00  -4.281339e-01   1.200087e+02   9.205810e+00
  5.650000e+00  -0.000000e+00  -0.000000e+00   7.710596e+01  -0.000000e+00  -0.000000e+00  -5.057759e-01   1.200310e+02   9.205810e+00
  5.700000e+00  -0.000000e+00  -0.000000e+00   7.735985e+01  -0.000000e+00  -0.000000e+00  -6.171281e-01   1.200121e+02   9.205810e+00
  5.750000e+00  -0.000000e+00  -0.000000e+00   7.753858e+01  -0.000000e+00  -0.000000e+00  -8.065681e-01   1.199795e+02   9.205810e+00
  5.800000e+00  -0.000000e+00  -0.000000e+00   7.752980e+01  -0.000000e+00  -0.000000e+00  -1.171270e+00   1.199904e+02   9.205810e+00
  5.850000e+00  -0.000000e+00  -0.000000e+00   7.737255e+01  -0.000000e+00  -0.000000e+00  -1.710411e+00   1.200156e+02   9.205810e+00
  5.900000e+00  -0.000000e+00  -0.000000e+00   7.731465e+01  -0.000000e+00  -0.000000e+00  -2.176538e+00   1.199955e+02   9.205810e+00
  5.950000e+00  -0.000000e+00  -0.000000e+00   7.764773e+01  -0.000000e+00  -0.000000e+00  -2.348379e+00   1.199664e+02   9.205810e+00
  6.000000e+00  -0.000000e+00  -0.000000e+00   7.825093e+01  -0.000000e+00  -0.000000e+00  -2.326725e+00   1.199877e+02   9.205810e+00
  6.050000e+00  -0.000000e+00  -0.000000e+00   7.878827e+01  -0.000000e+00  -0.000000e+00  -2.341696e+00   1.200193e+02   9.205810e+00
  6.100000e+00  -0.000000e+00  -0.000000e+00   7.916662e+01  -0.000000e+00  -0.000000e+00  -2.412885e+00   1.200149e+02   9.205810e+00
  6.150000e+00  -0.000000e+00  -0.000000e+00   7.943721e+01  -0.000000e+00  -0.000000e+00  -2.427367e+00   1.199992e+02   9.205810e+00
  6.200000e+00  -0.000000e+00  -0.000000e+00   8.001712e+01  -0.000000e+00  -0.000000e+00  -2.500215e+00   1.199942e+02   9.205810e+00
  6.250000e+00  -0.000000e+00  -0.000000e+00   8.130193e+01  -0.000000e+00  -0.000000e+00  -2.724114e+00   1.199956e+02   9.205810e+00
  6.300000e+00  -0.000000e+00  -0.000000e+00   8.290319e+01  -0.000000e+00  -0.000000e+00  -2.974522e+00   1.199788e+02   9.205810e+00
  6.350000e+00  -0.000000e+00  -0.000000e+00   8.494528e+01  -0.000000e+00  -0.000000e+00  -3.266459e+00   1.199853e+02   9.205810e+00
  6.400000e+00  -0.000000e+00   1.276107e-06   8.852065e+01  -0.000000e+00  -0.000000e+00  -3.586080e+00   1.199357e+02   9.205810e+00
  6.450000e+00   1.153501e-02   1.270064e+00   1.009476e+02  -6.608692e-04  -7.333433e-02  -5.813120e+00   1.194238e+02   9.010859e+00
  6.500000e+00   2.540968e-01   6.354916e+00   8.714286e+01  -7.385709e-03  -1.057787e-01  -1.455570e+00   1.197658e+02   3.920795e+00
  6.550000e+00   6.262010e-01   6.960347e+00   6.459467e+01  -8.886474e-03   5.422406e-02   4.705553e-01   1.202459e+02  -2.536976e+00
  6.600000e+00   8.824831e-01   4.905955e+00   6.436045e+01  -1.040051e-02  -2.412004e-02  -2.585513e-01   1.196299e+02  -2.393856e+00
  6.650000e+00   1.092358e+00   4.124960e+00   6.459570e+01  -9.826520e-03   1.088454e-02   1.714425e-01   1.198898e+02  -2.318160e+00
  6.700000e+00   1.283527e+00   3.680017e+00   6.494919e+01  -8.585443e-03   2.921151e-02   5.110784e-01   1.204567e+02  -2.270014e+00
  6.750000e+00   1.452382e+00   3.203685e+00   6.495557e+01  -7.387504e-03   2.709335e-02   5.584077e-01   1.203229e+02  -2.208792e+00
  6.800000e+00   1.607883e+00   2.999200e+00   6.477394e+01  -6.408953e-03   1.355033e-02   2.981702e-01   1.199171e+02  -2.179724e+00
  6.850000e+00   1.752935e+00   2.712159e+00   6.479310e+01  -5.747914e-03   8.325339e-03   1.992092e-01   1.199224e+02  -2.141528e+00
  6.900000e+00   1.880460e+00   2.573584e+00   6.495548e+01  -5.348037e-03   4.670300e-04  -8.252958e-03   1.200230e+02  -2.104603e+00
  6.950000e+00   2.000927e+00   2.293028e+00   6.497458e+01  -5.495888e-03  -6.935335e-03  -2.133054e-01   1.200160e+02  -2.060791e+00
  7.000000e+00   2.112151e+00   2.103717e+00   6.501921e+01  -5.910444e-03  -1.174151e-02  -3.965460e-01   1.200748e+02  -2.028636e+00
  7.050000e+00   2.218894e+00   2.052650e+00   6.489625e+01  -7.046852e-03  -2.392360e-02  -7.641355e-01   1.198856e+02  -2.022450e+00
  7.100000e+00   2.314268e+00   1.898634e+00   6.497352e+01  -8.522265e-03  -3.441729e-02  -1.188665e+00   1.198710e+02  -1.978304e+00
  7.150000e+00   2.405122e+00   1.829880e+00   6.509184e+01  -1.069888e-02  -5.461734e-02  -1.969585e+00   1.200566e+02  -1.958795e+00
  7.200000e+00   2.492740e+00   1.728920e+00   6.506854e+01  -1.415500e-02  -8.704311e-02  -3.337052e+00   1.200854e+02  -1.937107e+00
  7.250000e+00   2.581804e+00   1.865679e+00   6.491184e+01  -2.001320e-02  -1.441389e-01  -5.058776e+00   1.199679e+02  -1.959631e+00
  7.300000e+00   2.684518e+00   2.145128e+00   6.477964e+01  -2.806784e-02  -1.616143e-01  -4.857106e+00   1.198825e+02  -2.026664e+00
  7.350000e+00   2.784844e+00   1.787960e+00   6.486409e+01  -3.453101e-02  -9.834483e-02  -3.546074e+00   1.199823e+02  -1.975504e+00
  7.400000e+00   2.859348e+00   1.411503e+00   6.520545e+01  -3.869873e-02  -8.438676e-02  -3.929609e+00   1.202426e+02  -1.854205e+00
  7.450000e+00   2.964807e+00   2.766612e+00   6.502548e+01  -4.568801e-02  -1.802777e-01  -4.197513e+00   1.201660e+02  -2.107396e+00
  7.500000e+00   3.126069e+00   3.333938e+00   6.462887e+01  -5.390443e-02  -1.306631e-01  -2.468304e+00   1.198189e+02  -2.224282e+00
  7.550000e+00   3.271814e+00   2.651336e+00   6.482538e+01  -5.805992e-02  -6.441593e-02  -1.565465e+00   1.199863e+02  -2.131104e+00
  7.600000e+00   3.396916e+00   2.428355e+00   6.492495e+01  -6.093377e-02  -5.530185e-02  -1.473815e+00   1.200308e+02  -2.087549e+00
  7.650000e+00   3.508207e+00   2.043229e+00   6.492416e+01  -6.301458e-02  -3.239816e-02  -1.032029e+00   1.199395e+02  -2.021397e+00
  7.700000e+00   3.608128e+00   1.985431e+00   6.513549e+01  -6.493547e-02  -4.431612e-02  -1.467728e+00   1.202192e+02  -1.998128e+00
  7.750000e+00   3.705302e+00   1.888450e+00   6.497539e+01  -6.720058e-02  -4.114403e-02  -1.401028e+00   1.199167e+02  -1.980745e+00
  7.800000e+00   3.797406e+00   1.784368e+00   6.498639e+01  -6.907793e-02  -3.823832e-02  -1.404932e+00   1.199094e+02  -1.958384e+00
  7.850000e+00   3.880998e+00   1.624853e+00   6.514063e+01  -7.097965e-02  -3.494719e-02  -1.383858e+00   1.200807e+02  -1.915030e+00
  7.900000e+00   3.962599e+00   1.677759e+00   6.514297e+01  -7.244462e-02  -2.915400e-02  -1.143167e+00   1.200059e+02  -1.917444e+00
  7.950000e+00   4.045008e+00   1.592451e+00   6.499770e+01  -7.419518e-02  -3.679780e-02  -1.499767e+00   1.198202e+02  -1.908198e+00
  8.000000e+00   4.123496e+00   1.556197e+00   6.511955e+01  -7.590072e-02  -3.299507e-02  -1.382653e+00   1.199819e+02  -1.893607e+00
  8.050000e+00   4.195906e+00   1.331890e+00   6.520952e+01  -7.746314e-02  -2.856411e-02  -1.395398e+00   1.201561e+02  -1.844049e+00
  8.100000e+00   4.262521e+00   1.419915e+00   6.540274e+01  -7.884069e-02  -2.937192e-02  -1.358195e+00   1.202556e+02  -1.834353e+00
  8.150000e+00   4.336486e+00   1.431141e+00   6.514199e+01  -8.047240e-02  -3.162971e-02  -1.432333e+00   1.200148e+02  -1.864557e+00
  8.200000e+00   4.404778e+00   1.365962e+00   6.507694e+01  -8.182204e-02  -2.519102e-02  -1.198377e+00   1.197520e+02  -1.833813e+00
  8.250000e+00   4.472234e+00   1.298519e+00   6.513937e+01  -8.311409e-02  -2.625288e-02  -1.322311e+00   1.199228e+02  -1.823230e+00
  8.300000e+00   4.536339e+00   1.337665e+00   6.530788e+01  -8.446317e-02  -2.863246e-02  -1.399325e+00   1.200692e+02  -1.813061e+00
  8.350000e+00   4.604722e+00   1.297366e+00   6.516703e+01  -8.593982e-02  -2.801023e-02  -1.406549e+00   1.200219e+02  -1.827884e+00
  8.400000e+00   4.663721e+00   1.175056e+00   6.522227e+01  -8.720848e-02  -2.525909e-02  -1.402953e+00   1.198891e+02  -1.768656e+00
  8.450000e+00   4.726454e+00   1.257521e+00   6.525263e+01  -8.858586e-02  -2.765955e-02  -1.431092e+00   1.200376e+02  -1.800125e+00
  8.500000e+00   4.783090e+00   1.066110e+00   6.523500e+01  -8.972778e-02  -2.026484e-02  -1.240921e+00   1.199502e+02  -1.743035e+00
  8.550000e+00   4.841051e+00   1.236093e+00   6.530913e+01  -9.096196e-02  -2.907814e-02  -1.546053e+00   1.199872e+02  -1.774778e+00
  8.600000e+00   4.898097e+00   1.012236e+00   6.526330e+01  -9.236276e-02  -2.491392e-02  -1.605253e+00   1.201269e+02  -1.739521e+00
  8.650000e+00   4.945329e+00   9.599100e-01   6.545769e+01  -9.350369e-02  -2.259058e-02  -1.536017e+00   1.201425e+02  -1.679744e+00
  8.700000e+00   4.994597e+00   9.697256e-01   6.526208e+01  -9.462076e-02  -2.169480e-02  -1.460000e+00   1.198489e+02  -1.690795e+00
  8.750000e+00   5.042530e+00   9.784047e-01   6.532847e+01  -9.570371e-02  -2.258281e-02  -1.512780e+00   1.198906e+02  -1.683378e+00
  8.800000e+00   5.091373e+00   9.391061e-01   6.541139e+01  -9.691073e-02  -2.437530e-02  -1.702719e+00   1.201659e+02  -1.684726e+00
  8.850000e+00   5.134803e+00   8.443400e-01   6.538798e+01  -9.807337e-02  -2.297598e-02  -1.781307e+00   1.200143e+02  -1.637753e+00
  8.900000e+00   5.178299e+00   8.719914e-01   6.535880e+01  -9.927149e-02  -2.398237e-02  -1.795627e+00   1.199154e+02  -1.640208e+00
  8.950000e+00   5.220088e+00   8.294085e-01   6.539761e+01  -1.003976e-01  -2.202260e-02  -1.734443e+00   1.199501e+02  -1.621161e+00
  9.000000e+00   5.262852e+00   8.525682e-01   6.545939e+01  -1.015088e-01  -2.183381e-02  -1.674910e+00   1.200798e+02  -1.631112e+00
  9.050000e+00   5.302087e+00   7.215168e-01   6.537191e+01  -1.024803e-01  -1.692382e-02  -1.523909e+00   1.199939e+02  -1.590653e+00
  9.100000e+00   5.335078e+00   6.406952e-01   6.550150e+01  -1.031945e-01  -1.361948e-02  -1.396654e+00   1.200249e+02  -1.527517e+00
  9.150000e+00   5.368646e+00   6.925425e-01   6.557192e+01  -1.039524e-01  -1.598737e-02  -1.512775e+00   1.200099e+02  -1.529311e+00
  9.200000e+00   5.404223e+00   7.346153e-01   6.555571e+01  -1.047665e-01  -1.693199e-02  -1.513227e+00   1.199945e+02  -1.549936e+00
  9.250000e+00   5.441467e+00   7.293157e-01   6.548447e+01  -1.056244e-01  -1.637681e-02  -1.465383e+00   1.200043e+02  -1.566836e+00
  9.300000e+00   5.476381e+00   6.887844e-01   6.544726e+01  -1.063706e-01  -1.440488e-02  -1.369227e+00   1.198977e+02  -1.545267e+00
  9.350000e+00   5.510661e+00   6.740033e-01   6.547430e+01  -1.071219e-01  -1.552775e-02  -1.513034e+00   1.199398e+02  -1.536006e+00
  9.400000e+00   5.541979e+00   5.787854e-01   6.549187e+01  -1.078333e-01  -1.233631e-02  -1.385408e+00   1.200329e+02  -1.498601e+00
  9.450000e+00   5.569114e+00   5.457332e-01   6.562668e+01  -1.083554e-01  -1.009297e-02  -1.215059e+00   1.200350e+02  -1.448351e+00
  9.500000e+00   5.598671e+00   6.092431e-01   6.568716e+01  -1.089345e-01  -1.251320e-02  -1.353019e+00   1.200736e+02  -1.468622e+00
  9.550000e+00   5.627072e+00   5.311314e-01   6.556792e+01  -1.095259e-01  -1.090386e-02  -1.342906e+00   1.200313e+02  -1.452777e+00
  9.600000e+00   5.652750e+00   5.094689e-01   6.567671e+01  -1.100397e-01  -1.018341e-02  -1.314495e+00   1.200917e+02  -1.420565e+00
  9.650000e+00   5.677305e+00   4.677721e-01   6.557407e+01  -1.105402e-01  -9.613461e-03  -1.348092e+00   1.199240e+02  -1.396807e+00
  9.700000e+00   5.700041e+00   4.609205e-01   6.563988e+01  -1.110207e-01  -1.012017e-02  -1.446475e+00   1.198843e+02  -1.369303e+00
  9.750000e+00   5.723315e+00   4.498351e-01   6.563000e+01  -1.115519e-01  -1.032987e-02  -1.505126e+00   1.199165e+02  -1.367039e+00
  9.800000e+00   5.743581e+00   3.806427e-01   6.563982e+01  -1.119991e-01  -8.080773e-03  -1.389813e+00   1.199741e+02  -1.325106e+00
  9.850000e+00   5.762813e+00   3.958029e-01   6.578565e+01  -1.124009e-01  -8.376792e-03  -1.396501e+00   1.199943e+02  -1.300069e+00
  9.900000e+00   5.783462e+00   4.224808e-01   6.588748e+01  -1.128700e-01  -1.010269e-02  -1.580091e+00   1.201326e+02  -1.310533e+00
  9.950000e+00   5.804073e+00   3.923796e-01   6.578435e+01  -1.133668e-01  -9.260132e-03  -1.547767e+00   1.201060e+02  -1.311717e+00
  1.000000e+01   5.821114e+00   2.976346e-01   6.566199e+01  -1.137477e-01  -6.345080e-03  -1.395116e+00   1.200836e+02  -1.260791e+00
  1.005000e+01   5.833639e+00   2.205014e-01   6.557678e+01  -1.140020e-01  -4.331325e-03  -1.286433e+00   1.199344e+02  -1.175450e+00
  1.010000e+01   5.843182e+00   1.697259e-01   6.557826e+01  -1.141898e-01  -3.379152e-03  -1.306269e+00   1.198765e+02  -1.089642e+00
  1.015000e+01   5.850289e+00   1.209322e-01   6.557193e+01  -1.143271e-01  -2.200111e-03  -1.185317e+00   1.199413e+02  -1.003426e+00
  1.020000e+01   5.855216e+00   8.434135e-02   6.557913e+01  -1.144085e-01  -1.304326e-03  -1.011615e+00   1.200355e+02  -9.139900e-01
  1.025000e+01   5.858720e+00   6.014928e-02   6.555759e+01  -1.144624e-01  -9.444354e-04  -1.032358e+00   1.200749e+02  -8.292891e-01
  1.030000e+01   5.861297e+00   4.712813e-02   6.555969e+01  -1.145059e-01  -8.540960e-04  -1.194844e+00   1.200250e+02  -7.517544e-01
  1.035000e+01   5.863579e+00   4.514659e-02   6.571290e+01  -1.145502e-01  -8.995448e-04  -1.309049e+00   1.199848e+02  -6.877216e-01
  1.040000e+01   5.865748e+00   4.142848e-02   6.576166e+01  -1.145919e-01  -7.603915e-04  -1.202415e+00   1.199067e+02  -6.354425e-01
  1.045000e+01   5.867697e+00   3.743240e-02   6.585468e+01  -1.146265e-01  -6.714867e-04  -1.185802e+00   1.199686e+02  -5.890413e-01
  1.050000e+01   5.869443e+00   3.237048e-02   6.589688e+01  -1.146612e-01  -7.057257e-04  -1.446480e+00   1.200605e+02  -5.468396e-01
  1.055000e+01   5.870870e+00   2.592386e-02   6.580851e+01  -1.146950e-01  -6.397285e-04  -1.626152e+00   1.200426e+02  -5.051393e-01
  1.060000e+01   5.872048e+00   2.220159e-02   6.576891e+01  -1.147241e-01  -5.395021e-04  -1.595717e+00   1.199880e+02  -4.645651e-01
  1.065000e+01   5.873149e+00   2.255496e-02   6.593539e+01  -1.147504e-01  -5.419699e-04  -1.586926e+00   1.200273e+02  -4.278358e-01
  1.070000e+01   5.874363e+00   2.579067e-02   6.617248e+01  -1.147811e-01  -6.807158e-04  -1.752994e+00   1.200459e+02  -3.979707e-01
  1.075000e+01   5.875811e+00   3.201921e-02   6.635767e+01  -1.148216e-01  -9.285680e-04  -1.929073e+00   1.198746e+02  -3.763149e-01
  1.080000e+01   5.877592e+00   3.698122e-02   6.648311e+01  -1.148751e-01  -1.135667e-03  -2.044606e+00   1.197979e+02  -3.639902e-01
  1.085000e+01   5.879292e+00   3.062907e-02   6.646552e+01  -1.149282e-01  -9.638410e-04  -2.091598e+00   1.200372e+02  -3.515996e-01
  1.090000e+01   5.880622e+00   2.424227e-02   6.642592e+01  -1.149698e-01  -7.501895e-04  -2.053780e+00   1.202529e+02  -3.329271e-01
  1.095000e+01   5.881751e+00   2.147252e-02   6.631009e+01  -1.150040e-01  -6.370890e-04  -1.962892e+00   1.201217e+02  -3.119215e-01
  1.100000e+01   5.882729e+00   1.793915e-02   6.608996e+01  -1.150318e-01  -4.901305e-04  -1.801359e+00   1.199004e+02  -2.898656e-01
  1.105000e+01   5.883539e+00   1.516599e-02   6.600946e+01  -1.150534e-01  -4.012691e-04  -1.746628e+00   1.198979e+02  -2.663506e-01
  1.110000e+01   5.884250e+00   1.345416e-02   6.604165e+01  -1.150724e-01  -3.636140e-04  -1.787181e+00   1.200268e+02  -2.428224e-01
  1.115000e+01   5.884858e+00   1.106706e-02   6.593431e+01  -1.150892e-01  -3.131120e-04  -1.867793e+00   1.200397e+02  -2.191483e-01
  1.120000e+01   5.885337e+00   8.518495e-03   6.572367e+01  -1.151029e-01  -2.408178e-04  -1.855179e+00   1.199667e+02  -1.946719e-01
  1.125000e+01   5.885712e+00   6.884579e-03   6.560700e+01  -1.151131e-01  -1.808433e-04  -1.718646e+00   1.199642e+02  -1.698366e-01
  1.130000e+01   5.886033e+00   6.186189e-03   6.562540e+01  -1.151213e-01  -1.552682e-04  -1.647315e+00   1.200282e+02  -1.456142e-01
  1.135000e+01   5.886341e+00   6.198431e-03   6.568959e+01  -1.151291e-01  -1.621550e-04  -1.722032e+00   1.200028e+02  -1.227350e-01
  1.140000e+01   5.886645e+00   5.844581e-03   6.565682e+01  -1.151373e-01  -1.592698e-04  -1.789325e+00   1.199273e+02  -1.012458e-01
  1.145000e+01   5.886914e+00   5.033248e-03   6.556543e+01  -1.151445e-01  -1.314685e-04  -1.708432e+00   1.198921e+02  -8.034812e-02
  1.150000e+01   5.887147e+00   4.372589e-03   6.553021e+01  -1.151504e-01  -1.076123e-04  -1.611115e+00   1.199476e+02  -5.991395e-02
  1.155000e+01   5.887343e+00   3.593592e-03   6.550021e+01  -1.151552e-01  -8.873865e-05  -1.618726e+00   1.201188e+02  -3.985734e-02
  1.160000e+01   5.887506e+00   3.049856e-03   6.543708e+01  -1.151593e-01  -7.655543e-05  -1.642836e+00   1.201664e+02  -2.013496e-02
  1.165000e+01   5.887653e+00   2.885409e-03   6.538274e+01  -1.151630e-01  -7.264939e-05  -1.646554e+00   1.200456e+02  -1.088657e-03
  1.170000e+01   5.887792e+00   2.676424e-03   6.534529e+01  -1.151665e-01  -6.803944e-05  -1.661789e+00   1.200000e+02   1.720661e-02
  1.175000e+01   5.887921e+00   2.541439e-03   6.537631e+01  -1.151698e-01  -6.519241e-05  -1.677392e+00   1.200399e+02   3.483695e-02
  1.180000e+01   5.888041e+00   2.224433e-03   6.526391e+01  -1.151728e-01  -5.685164e-05  -1.666737e+00   1.199744e+02   5.187504e-02
  1.185000e+01   5.888137e+00   1.718897e-03   6.502685e+01  -1.151753e-01  -4.168457e-05  -1.572904e+00   1.198866e+02   6.866525e-02
  1.190000e+01   5.888217e+00   1.545417e-03   6.497208e+01  -1.151771e-01  -3.525176e-05  -1.480782e+00   1.198543e+02   8.512843e-02
  1.195000e+01   5.888298e+00   1.693303e-03   6.515240e+01  -1.151789e-01  -3.893300e-05  -1.499116e+00   1.199250e+02   1.009026e-01
  1.200000e+01   5.888383e+00   1.661345e-03   6.525308e+01  -1.151809e-01  -3.861757e-05  -1.516762e+00   1.200664e+02   1.159603e-01
