# BP5-QD time series at fltst_strk-16dp+10 (x2=-16km, x3=10km)
# Columns: time(s), slip_strike(m), slip_dip(m), log10(V_strike)(m/s), log10(V_dip)(m/s), tau_strike(MPa), tau_dip(MPa), log10(state)(s)
0.000000000000E+00 0.000000000000E+00 0.000000000000E+00 -9.000000000000E+00 -2.000000000000E+01 1.949004093134E+01 1.949004093134E-10 8.146128035678E+00
1.174116117920E-01 1.177675379496E-10 -4.860820627563E-16 -8.997236730528E+00 -1.414521600347E+01 1.948961741776E+01 -1.372332245850E-04 8.146128035677E+00
2.390014246620E-01 2.405758689064E-10 -1.580014318276E-15 -8.994104454564E+00 -1.397998898961E+01 1.948957633001E+01 -1.960684421002E-04 8.146128035673E+00
3.435453074623E-01 3.468753044408E-10 -2.767604044037E-15 -8.991438356373E+00 -1.391601172884E+01 1.948964627776E+01 -2.218575464598E-04 8.146128035668E+00
4.442278574312E-01 4.498631612746E-10 -4.048524069835E-15 -8.988904432031E+00 -1.387759263678E+01 1.948976354357E+01 -2.362658950588E-04 8.146128035661E+00
5.466714792238E-01 5.552673736490E-10 -5.453368592195E-15 -8.986355066552E+00 -1.384958760552E+01 1.948991587520E+01 -2.449116490295E-04 8.146128035652E+00
6.457686741373E-01 6.578161530855E-10 -6.890654946250E-15 -8.983910974890E+00 -1.382822669694E+01 1.949008578766E+01 -2.496655793887E-04 8.146128035641E+00
7.669139592420E-01 7.839643208198E-10 -8.737164217723E-15 -8.980945361972E+00 -1.380634943435E+01 1.949031556544E+01 -2.523639952418E-04 8.146128035625E+00
8.861837255170E-01 9.090012129870E-10 -1.064208232237E-14 -8.978043015495E+00 -1.378732267207E+01 1.949055948218E+01 -2.528016133490E-04 8.146128035607E+00
1.004102517930E+00 1.033444234375E-09 -1.260601813705E-14 -8.975185012850E+00 -1.376979561583E+01 1.949081362931E+01 -2.517718506992E-04 8.146128035587E+00
1.124154364117E+00 1.160981273713E-09 -1.468684376177E-14 -8.972282498882E+00 -1.375259810102E+01 1.949108256466E+01 -2.496669090628E-04 8.146128035564E+00
1.240123562138E+00 1.284992589699E-09 -1.677593133573E-14 -8.969481936987E+00 -1.373624897328E+01 1.949134996914E+01 -2.468784635183E-04 8.146128035539E+00
