# BP5-QD time series at fltst_strk+36dp+00 (x2=36km, x3=0km)
# Columns: time(s), slip_strike(m), slip_dip(m), log10(V_strike)(m/s), log10(V_dip)(m/s), tau_strike(MPa), tau_dip(MPa), log10(state)(s)
0.000000000000E+00 0.000000000000E+00 0.000000000000E+00 -9.000000000000E+00 -2.000000000000E+01 1.327306118026E+01 1.327306118026E-10 8.146128035678E+00
1.174116117920E-01 1.174120234316E-10 3.829442883732E-19 -8.999996986328E+00 -1.719064730686E+01 1.327306824579E+01 8.556989653502E-08 8.146128035678E+00
2.390014246620E-01 2.390030993133E-10 1.555929510310E-18 -8.999994009310E+00 -1.689249164643E+01 1.327307522632E+01 1.700097852150E-07 8.146128035678E+00
3.435453074623E-01 3.435487246285E-10 3.173825656521E-18 -8.999991522850E+00 -1.674178513670E+01 1.327308105691E+01 2.405349189613E-07 8.146128035678E+00
4.442278574312E-01 4.442335126989E-10 5.251604675646E-18 -8.999989176253E+00 -1.663570409942E+01 1.327308655971E+01 3.070838688185E-07 8.146128035678E+00
5.466714792238E-01 5.466799653732E-10 7.879423359000E-18 -8.999986827899E+00 -1.655047088255E+01 1.327309206677E+01 3.736698452472E-07 8.146128035678E+00
6.457686741373E-01 6.457804220393E-10 1.090689703794E-17 -8.999984588061E+00 -1.648231133036E+01 1.327309731947E+01 4.371651529109E-07 8.146128035678E+00
7.669139592420E-01 7.669303840513E-10 1.524738871259E-17 -8.999981886246E+00 -1.641221312601E+01 1.327310365566E+01 5.137374742886E-07 8.146128035678E+00
8.861837255170E-01 8.862054863227E-10 2.019894296316E-17 -8.999979260141E+00 -1.635346860665E+01 1.327310981441E+01 5.881435532639E-07 8.146128035678E+00
1.004102517930E+00 1.004130259297E-09 2.574793523311E-17 -8.999976692713E+00 -1.630283506736E+01 1.327311583563E+01 6.608676752045E-07 8.146128035678E+00
1.124154364117E+00 1.124188906722E-09 3.205759843725E-17 -8.999974105120E+00 -1.625716592302E+01 1.327312190421E+01 7.341440193659E-07 8.146128035678E+00
1.240123562138E+00 1.240165350828E-09 3.877913462734E-17 -8.999971628211E+00 -1.621754372807E+01 1.327312771327E+01 8.042687108696E-07 8.146128035678E+00
