# BP5-QD time series at fltst_strk+16dp+10 (x2=16km, x3=10km)
# Columns: time(s), slip_strike(m), slip_dip(m), log10(V_strike)(m/s), log10(V_dip)(m/s), tau_strike(MPa), tau_dip(MPa), log10(state)(s)
0.000000000000E+00 0.000000000000E+00 0.000000000000E+00 -9.000000000000E+00 -2.000000000000E+01 1.949004093134E+01 1.949004093134E-10 8.146128035678E+00
1.174116117920E-01 1.174236708345E-10 4.086311462038E-18 -8.999911754538E+00 -1.616191624842E+01 1.949006089640E+01 1.342344166867E-06 8.146128035678E+00
2.390014246620E-01 2.390504523853E-10 1.661963407669E-17 -8.999824746688E+00 -1.586374429770E+01 1.949008058186E+01 2.666880839640E-06 8.146128035678E+00
3.435453074623E-01 3.436453057146E-10 3.390315329518E-17 -8.999752164441E+00 -1.571316710670E+01 1.949009700287E+01 3.771845863021E-06 8.146128035678E+00
4.442278574312E-01 4.443932907588E-10 5.609260679947E-17 -8.999683724001E+00 -1.560722208242E+01 1.949011248624E+01 4.813640466394E-06 8.146128035678E+00
5.466714792238E-01 5.469196447771E-10 8.414741491880E-17 -8.999615281203E+00 -1.552212373403E+01 1.949012796959E+01 5.855267097026E-06 8.146128035677E+00
6.457686741373E-01 6.461121305625E-10 1.164593610257E-16 -8.999550040860E+00 -1.545408873969E+01 1.949014272798E+01 6.847903457673E-06 8.146128035677E+00
7.669139592420E-01 7.673940036993E-10 1.627706351001E-16 -8.999471389876E+00 -1.538413482710E+01 1.949016051942E+01 8.044194362783E-06 8.146128035677E+00
8.861837255170E-01 8.868195565670E-10 2.155848239276E-16 -8.999394984981E+00 -1.532552451509E+01 1.949017780212E+01 9.205868186737E-06 8.146128035676E+00
1.004102517930E+00 1.004912905299E-09 2.747537283220E-16 -8.999320322841E+00 -1.527501683445E+01 1.949019468999E+01 1.034058243705E-05 8.146128035676E+00
1.124154364117E+00 1.125163211945E-09 3.420145069067E-16 -8.999245106057E+00 -1.522946961134E+01 1.949021170271E+01 1.148324502821E-05 8.146128035675E+00
1.240123562138E+00 1.241343804719E-09 4.136465530808E-16 -8.999173133536E+00 -1.518995987775E+01 1.949022798105E+01 1.257615853707E-05 8.146128035674E+00
