# BP5-QD time series at fltst_strk-16dp+00 (x2=-16km, x3=0km)
# Columns: time(s), slip_strike(m), slip_dip(m), log10(V_strike)(m/s), log10(V_dip)(m/s), tau_strike(MPa), tau_dip(MPa), log10(state)(s)
0.000000000000E+00 0.000000000000E+00 0.000000000000E+00 -9.000000000000E+00 -2.000000000000E+01 1.327306118026E+01 1.327306118026E-10 8.146128035678E+00
1.174116117920E-01 1.174525672266E-10 5.147282303159E-16 -8.999702419473E+00 -1.405662228257E+01 1.327380784467E+01 1.164328862452E-04 8.146128035678E+00
2.390014246620E-01 2.391660020944E-10 2.135521277657E-15 -8.999417758649E+00 -1.374761883472E+01 1.327452658249E+01 2.370379952540E-04 8.146128035678E+00
3.435453074623E-01 3.438784620378E-10 4.413355193803E-15 -8.999184195367E+00 -1.359018398369E+01 1.327511866626E+01 3.404384649597E-04 8.146128035677E+00
4.442278574312E-01 4.447757413040E-10 7.378153215712E-15 -8.998966333335E+00 -1.347889798033E+01 1.327567250209E+01 4.396680256980E-04 8.146128035677E+00
5.466714792238E-01 5.474891238780E-10 1.116907106907E-14 -8.998750319984E+00 -1.338925257342E+01 1.327622290683E+01 5.402220195478E-04 8.146128035676E+00
6.457686741373E-01 6.468953552570E-10 1.557676542509E-14 -8.998545869442E+00 -1.331745469933E+01 1.327674486406E+01 6.370635827987E-04 8.146128035675E+00
7.669139592420E-01 7.684813388931E-10 2.195063207426E-14 -8.998301010783E+00 -1.324355007172E+01 1.327737111523E+01 7.548541263578E-04 8.146128035673E+00
8.861837255170E-01 8.882513026313E-10 2.928033416592E-14 -8.998064614788E+00 -1.318159432582E+01 1.327797674460E+01 8.701661653908E-04 8.146128035672E+00
1.004102517930E+00 1.006728182384E-09 3.755075658468E-14 -8.997834835138E+00 -1.312819827681E+01 1.327856626182E+01 9.835302988527E-04 8.146128035670E+00
1.124154364117E+00 1.127412126107E-09 4.701154210113E-14 -8.997604433046E+00 -1.308005672806E+01 1.327915810331E+01 1.098293078553E-03 8.146128035668E+00
1.240123562138E+00 1.244052320488E-09 5.714305315439E-14 -8.997384881608E+00 -1.303831462661E+01 1.327972266985E+01 1.208535078051E-03 8.146128035666E+00
