# BP5-QD time series at fltst_strk-36dp+00 (x2=-36km, x3=0km)
# Columns: time(s), slip_strike(m), slip_dip(m), log10(V_strike)(m/s), log10(V_dip)(m/s), tau_strike(MPa), tau_dip(MPa), log10(state)(s)
0.000000000000E+00 0.000000000000E+00 0.000000000000E+00 -9.000000000000E+00 -2.000000000000E+01 1.327306118026E+01 1.327306118026E-10 8.146128035678E+00
1.174116117920E-01 1.174391372988E-10 1.123242230204E-16 -8.999799170355E+00 -1.472149691115E+01 1.327351464478E+01 2.519348181946E-05 8.146128035678E+00
2.390014246620E-01 2.391127790588E-10 4.587823397709E-16 -8.999603767179E+00 -1.442145449045E+01 1.327395690889E+01 5.025157524260E-05 8.146128035678E+00
3.435453074623E-01 3.437716680420E-10 9.378427445150E-16 -8.999442059680E+00 -1.427005831645E+01 1.327432340720E+01 7.118625361858E-05 8.146128035678E+00
4.442278574312E-01 4.446013211697E-10 1.553771309015E-15 -8.999290402004E+00 -1.416361668375E+01 1.327466742609E+01 9.092794324814E-05 8.146128035677E+00
5.466714792238E-01 5.472303646014E-10 2.333247964413E-15 -8.999139392107E+00 -1.407816807247E+01 1.327501019960E+01 1.106639539159E-04 8.146128035677E+00
6.457686741373E-01 6.465405711717E-10 3.231615762399E-15 -8.998995963517E+00 -1.400987942855E+01 1.327533593375E+01 1.294678854009E-04 8.146128035676E+00
7.669139592420E-01 7.679904202004E-10 4.519942535818E-15 -8.998823626755E+00 -1.393968118253E+01 1.327572750188E+01 1.521250639151E-04 8.146128035675E+00
8.861837255170E-01 8.876067309364E-10 5.989914151540E-15 -8.998656733343E+00 -1.388087086798E+01 1.327610686287E+01 1.741231859386E-04 8.146128035674E+00
1.004102517930E+00 1.005913011590E-09 7.637462419304E-15 -8.998494079912E+00 -1.383018726131E+01 1.327647671694E+01 1.956093710962E-04 8.146128035673E+00
1.124154364117E+00 1.126404584405E-09 9.511064029104E-15 -8.998330599914E+00 -1.378447276193E+01 1.327684856452E+01 2.172465256809E-04 8.146128035671E+00
1.240123562138E+00 1.242841381794E-09 1.150717074046E-14 -8.998174490223E+00 -1.374480683787E+01 1.327720374257E+01 2.379437336940E-04 8.146128035670E+00
