# BP5-QD time series at fltst_strk+16dp+00 (x2=16km, x3=0km)
# Columns: time(s), slip_strike(m), slip_dip(m), log10(V_strike)(m/s), log10(V_dip)(m/s), tau_strike(MPa), tau_dip(MPa), log10(state)(s)
0.000000000000E+00 0.000000000000E+00 0.000000000000E+00 -9.000000000000E+00 -2.000000000000E+01 1.327306118026E+01 1.327306118026E-10 8.146128035678E+00
1.174116117920E-01 1.174131363612E-10 -3.027904027000E-18 -8.999988840527E+00 -1.629236720935E+01 1.327308736842E+01 -6.770076627057E-07 8.146128035678E+00
2.390014246620E-01 2.390076251312E-10 -1.230028910508E-17 -8.999977825103E+00 -1.599492254666E+01 1.327311322104E+01 -1.342851774596E-06 8.146128035678E+00
3.435453074623E-01 3.435579572822E-10 -2.507032161511E-17 -8.999968628570E+00 -1.584482582045E+01 1.327313480530E+01 -1.897213967585E-06 8.146128035678E+00
4.442278574312E-01 4.442487892628E-10 -4.144908846508E-17 -8.999959951637E+00 -1.573926840693E+01 1.327315517027E+01 -2.419166257159E-06 8.146128035678E+00
5.466714792238E-01 5.467028850019E-10 -6.214008646865E-17 -8.999951269974E+00 -1.565451017945E+01 1.327317554644E+01 -2.940464420233E-06 8.146128035678E+00
6.457686741373E-01 6.458121464769E-10 -8.595371891767E-17 -8.999942990822E+00 -1.558676386600E+01 1.327319497797E+01 -3.436802684214E-06 8.146128035678E+00
7.669139592420E-01 7.669747313007E-10 -1.200611381910E-16 -8.999933005483E+00 -1.551712013126E+01 1.327321841406E+01 -4.034494382447E-06 8.146128035678E+00
8.861837255170E-01 8.862642330477E-10 -1.589321087849E-16 -8.999923301172E+00 -1.545877817952E+01 1.327324119060E+01 -4.614472984738E-06 8.146128035678E+00
1.004102517930E+00 1.004205142815E-09 -2.024549679048E-16 -8.999913814638E+00 -1.540850641897E+01 1.327326345602E+01 -5.180660229660E-06 8.146128035678E+00
1.124154364117E+00 1.124282139347E-09 -2.519043532230E-16 -8.999904254365E+00 -1.536317442394E+01 1.327328589454E+01 -5.750535372751E-06 8.146128035678E+00
1.240123562138E+00 1.240278130833E-09 -3.045431275942E-16 -8.999895103626E+00 -1.532385234712E+01 1.327330737187E+01 -6.295379391744E-06 8.146128035678E+00
