# BP5-QD time series at fltst_strk+00dp+00 (x2=0km, x3=0km)
# Columns: time(s), slip_strike(m), slip_dip(m), log10(V_strike)(m/s), log10(V_dip)(m/s), tau_strike(MPa), tau_dip(MPa), log10(state)(s)
0.000000000000E+00 0.000000000000E+00 0.000000000000E+00 -9.000000000000E+00 -2.000000000000E+01 1.327306118026E+01 1.327306118026E-10 8.146128035678E+00
1.174116117920E-01 1.174190133333E-10 -2.756467475544E-17 -8.999945841889E+00 -1.533306231247E+01 1.327318129525E+01 -6.163942173624E-06 8.146128035678E+00
2.390014246620E-01 2.390315114846E-10 -1.120549153671E-16 -8.999892456390E+00 -1.503505317286E+01 1.327329967760E+01 -1.224103622943E-05 8.146128035678E+00
3.435453074623E-01 3.436066685314E-10 -2.285518900702E-16 -8.999847921946E+00 -1.488448213682E+01 1.327339841584E+01 -1.731202679252E-05 8.146128035678E+00
4.442278574312E-01 4.443293657285E-10 -3.781235478258E-16 -8.999805927443E+00 -1.477849792024E+01 1.327349151055E+01 -2.209495816477E-05 8.146128035678E+00
5.466714792238E-01 5.468237455172E-10 -5.672550932333E-16 -8.999763929540E+00 -1.469333313572E+01 1.327358460236E+01 -2.687936570346E-05 8.146128035678E+00
6.457686741373E-01 6.459794019929E-10 -7.851235812713E-16 -8.999723894499E+00 -1.462521647516E+01 1.327367333458E+01 -3.144115885030E-05 8.146128035678E+00
7.669139592420E-01 7.672084831556E-10 -1.097456278608E-15 -8.999675626645E+00 -1.455514620642E+01 1.327378030339E+01 -3.694230975815E-05 8.146128035677E+00
8.861837255170E-01 8.865738223897E-10 -1.453746116862E-15 -8.999628733404E+00 -1.449640859905E+01 1.327388421604E+01 -4.228809870318E-05 8.146128035677E+00
1.004102517930E+00 1.004599701826E-09 -1.853026044304E-15 -8.999582905905E+00 -1.444576623745E+01 1.327398575854E+01 -4.751360860067E-05 8.146128035677E+00
1.124154364117E+00 1.124773299212E-09 -2.307056577267E-15 -8.999536733926E+00 -1.440007547978E+01 1.327408805647E+01 -5.277958224818E-05 8.146128035676E+00
1.240123562138E+00 1.240872183126E-09 -2.790754019292E-15 -8.999492549540E+00 -1.436042271836E+01 1.327418594393E+01 -5.781995217278E-05 8.146128035676E+00
