# BP5-QD time series at fltst_strk+00dp+22 (x2=0km, x3=22km)
# Columns: time(s), slip_strike(m), slip_dip(m), log10(V_strike)(m/s), log10(V_dip)(m/s), tau_strike(MPa), tau_dip(MPa), log10(state)(s)
0.000000000000E+00 0.000000000000E+00 0.000000000000E+00 -9.000000000000E+00 -2.000000000000E+01 1.327306118026E+01 1.327306118026E-10 8.146128035678E+00
1.174116117920E-01 1.174142837228E-10 3.671336363347E-17 -8.999980457898E+00 -1.520992022798E+01 1.327310547197E+01 8.185217446122E-06 8.146128035678E+00
2.390014246620E-01 2.390122756387E-10 1.483987530256E-16 -8.999961245043E+00 -1.491531066347E+01 1.327314902637E+01 1.612944869251E-05 8.146128035678E+00
3.435453074623E-01 3.435674217351E-10 3.014234044210E-16 -8.999945248208E+00 -1.476712962533E+01 1.327318529338E+01 2.268734648685E-05 8.146128035678E+00
4.442278574312E-01 4.442644177027E-10 4.969243089799E-16 -8.999930185032E+00 -1.466312804233E+01 1.327321944553E+01 2.882500687823E-05 8.146128035678E+00
5.466714792238E-01 5.467262891100E-10 7.430729028699E-16 -8.999915138701E+00 -1.457974437518E+01 1.327325356093E+01 3.492506650052E-05 8.146128035678E+00
6.457686741373E-01 6.458444884875E-10 1.025545664056E-15 -8.999900810616E+00 -1.451317559883E+01 1.327328604891E+01 4.070904667183E-05 8.146128035678E+00
7.669139592420E-01 7.670198590001E-10 1.428974320031E-15 -8.999883553662E+00 -1.444481290489E+01 1.327332517908E+01 4.764698872138E-05 8.146128035678E+00
8.861837255170E-01 8.863239146727E-10 1.887482880926E-15 -8.999866804838E+00 -1.438759631953E+01 1.327336315805E+01 5.435436323830E-05 8.146128035678E+00
1.004102517930E+00 1.004281102737E-09 2.399611480200E-15 -8.999850451119E+00 -1.433832974186E+01 1.327340024184E+01 6.088127996813E-05 8.146128035678E+00
1.124154364117E+00 1.124376576167E-09 2.980184004453E-15 -8.999833987730E+00 -1.429392983583E+01 1.327343757489E+01 6.743204782293E-05 8.146128035678E+00
1.240123562138E+00 1.240392218849E-09 3.596957235145E-15 -8.999818244554E+00 -1.425543386200E+01 1.327347327517E+01 7.367934357891E-05 8.146128035677E+00
