# BP5-QD time series at fltst_strk-24dp+10 (x2=-24km, x3=10km)
# Columns: time(s), slip_strike(m), slip_dip(m), log10(V_strike)(m/s), log10(V_dip)(m/s), tau_strike(MPa), tau_dip(MPa), log10(state)(s)
0.000000000000E+00 0.000000000000E+00 0.000000000000E+00 -2.000000000000E+00 -2.000000000000E+01 2.110185049643E+01 2.110185049643E-17 8.113943352307E+00
1.174116117920E-01 1.189434397503E-03 -1.021136244848E-09 -1.988798767350E+00 -7.734110191116E+00 2.109757376681E+01 -3.794543516924E-05 8.109969777353E+00
2.390014246620E-01 2.453649581809E-03 -4.744393963242E-09 -1.977398856650E+00 -7.357417522593E+00 2.109290819108E+01 -8.798151958050E-05 8.105746380251E+00
3.435453074623E-01 3.567162995012E-03 -1.073872659404E-08 -1.967812708967E+00 -7.144664527277E+00 2.108868867111E+01 -1.404389680098E-04 8.102026436559E+00
4.442278574312E-01 4.662770628979E-03 -1.954041053485E-08 -1.958786818056E+00 -6.982508332173E+00 2.108443954708E+01 -1.997857444538E-04 8.098366311204E+00
5.466714792238E-01 5.800887280492E-03 -3.217125399433E-08 -1.949801602709E+00 -6.842772421500E+00 2.107993378316E+01 -2.699002300643E-04 8.094564174888E+00
6.457686741373E-01 6.924095247135E-03 -4.860073651937E-08 -1.941378780409E+00 -6.722968109314E+00 2.107538524722E+01 -3.487422766790E-04 8.090811844455E+00
7.669139592420E-01 8.326503557539E-03 -7.547836451810E-08 -1.931511261042E+00 -6.590368939856E+00 2.106956024445E+01 -4.625532612956E-04 8.086126782160E+00
8.861837255170E-01 9.737853362658E-03 -1.107992316220E-07 -1.922329025965E+00 -6.470946643073E+00 2.106353197678E+01 -5.961158396338E-04 8.081411848887E+00
1.004102517930E+00 1.116194002121E-02 -1.561861589372E-07 -1.913830637779E+00 -6.361991291320E+00 2.105728013850E+01 -7.511207203993E-04 8.076654365409E+00
1.124154364117E+00 1.263964937969E-02 -2.151009904996E-07 -1.905786535526E+00 -6.259571841133E+00 2.105062273806E+01 -9.331174174291E-04 8.071717743356E+00
1.240123562138E+00 1.409222325372E-02 -2.861654535218E-07 -1.898659368703E+00 -6.168463686095E+00 2.104390674205E+01 -1.131922517923E-03 8.066865092280E+00
