# BP5-QD time series at fltst_strk+00dp+10 (x2=0km, x3=10km)
# Columns: time(s), slip_strike(m), slip_dip(m), log10(V_strike)(m/s), log10(V_dip)(m/s), tau_strike(MPa), tau_dip(MPa), log10(state)(s)
0.000000000000E+00 0.000000000000E+00 0.000000000000E+00 -9.000000000000E+00 -2.000000000000E+01 1.949004093134E+01 1.949004093134E-10 8.146128035678E+00
1.174116117920E-01 1.174578815314E-10 -3.999397747360E-17 -8.999661891697E+00 -1.517079072484E+01 1.949011550147E+01 -1.313776371400E-05 8.146128035678E+00
2.390014246620E-01 2.391891727718E-10 -1.630159731266E-16 -8.999330376585E+00 -1.487120636062E+01 1.949018867196E+01 -2.615867204396E-05 8.146128035678E+00
3.435453074623E-01 3.439277528695E-10 -3.331433783428E-16 -8.999054740471E+00 -1.471949896845E+01 1.949024952799E+01 -3.706089570036E-05 8.146128035677E+00
4.442278574312E-01 4.448599158925E-10 -5.520965727709E-16 -8.998795415338E+00 -1.461253177143E+01 1.949030679293E+01 -4.736965755902E-05 8.146128035676E+00
5.466714792238E-01 5.476187889612E-10 -8.295641720751E-16 -8.998536542850E+00 -1.452644392505E+01 1.949036396474E+01 -5.770402092844E-05 8.146128035675E+00
6.457686741373E-01 6.470787596668E-10 -1.149834969057E-15 -8.998290144536E+00 -1.445748981502E+01 1.949041838599E+01 -6.757666112305E-05 8.146128035674E+00
7.669139592420E-01 7.687436009956E-10 -1.609927125328E-15 -8.997993494557E+00 -1.438645372425E+01 1.949048390961E+01 -7.950517851769E-05 8.146128035673E+00
8.861837255170E-01 8.886054902215E-10 -2.135896090821E-15 -8.997705670257E+00 -1.432681565832E+01 1.949054748549E+01 -9.111906716302E-05 8.146128035671E+00
1.004102517930E+00 1.007187313935E-09 -2.726513955148E-15 -8.997424698116E+00 -1.427532380945E+01 1.949060954777E+01 -1.024913345426E-04 8.146128035669E+00
1.124154364117E+00 1.127992566154E-09 -3.399416640415E-15 -8.997141884859E+00 -1.422880371167E+01 1.949067201530E+01 -1.139700428117E-04 8.146128035666E+00
1.240123562138E+00 1.244763888860E-09 -4.117606905927E-15 -8.996871469468E+00 -1.418837942784E+01 1.949073174196E+01 -1.249731879593E-04 8.146128035664E+00
