# TPV104 station: x2_-12_x3_12 (along_strike=-12000, down_dip=12000)
# Columns (SCEC TPV104 trace layout): t  h-slip  h-slip-rate  h-shear-stress  v-slip  v-slip-rate  v-shear-stress  n-stress  psi
# BP5 convention: h = strike = component 2, v = dip = component 1.  TPV104 is pure strike-slip so v-slip / v-slip-rate / v-shear-stress ≈ 0.
0.0000000000e+00 0.0000000000e+00 1.0000000000e-16 4.0000000000e+07 0.0000000000e+00 0.0000000000e+00 0.0000000000e+00 1.2000000000e+08 5.6359184263e-01
2.8476625637e-04 2.8476625637e-20 1.0000000000e-16 4.0000000000e+07 0.0000000000e+00 0.0000000000e+00 0.0000000000e+00 1.2000000000e+08 5.6359184263e-01
5.0118861120e-02 5.0118861120e-18 1.0000000000e-16 4.0000000000e+07 1.5284009242e-37 -2.6570768000e-37 -1.0628307200e-13 1.2000000000e+08 5.6359184263e-01
9.9952955984e-02 9.9952955984e-18 1.0000000000e-16 4.0000000000e+07 2.8005202747e-37 2.7008305186e-36 1.0803322075e-12 1.2000000000e+08 5.6359184263e-01
1.4978705085e-01 1.4978705085e-17 1.0000000000e-16 4.0000000000e+07 2.2040094686e-37 -2.9671438079e-36 -1.1868575232e-12 1.2000000000e+08 5.6359184263e-01
1.9962114571e-01 1.9962114571e-17 1.0000000000e-16 4.0000000000e+07 1.1288538102e-37 -2.3529634017e-37 -9.4118536067e-14 1.2000000000e+08 5.6359184263e-01
2.4945524058e-01 2.4945524058e-17 1.0000000000e-16 4.0000000000e+07 2.1105661959e-37 1.2724851811e-36 5.0899407244e-13 1.2000000000e+08 5.6359184263e-01
2.9928933544e-01 2.9928933544e-17 1.0000000000e-16 4.0000000000e+07 9.9634544136e-38 -3.6618500660e-36 -1.4647400264e-12 1.2000000000e+08 5.6359184263e-01
3.4912343030e-01 3.4912343030e-17 1.0000000000e-16 4.0000000000e+07 3.5725384078e-38 4.1613605911e-37 1.6645442364e-13 1.2000000000e+08 5.6359184263e-01
3.9895752517e-01 3.9895752517e-17 1.0000000000e-16 4.0000000000e+07 1.8911839170e-38 -8.3631850107e-37 -3.3452740043e-13 1.2000000000e+08 5.6359184263e-01
4.4879162003e-01 4.4879162003e-17 1.0000000000e-16 4.0000000000e+07 3.6064142664e-38 1.4329229056e-36 5.7316916225e-13 1.2000000000e+08 5.6359184263e-01
4.9862571490e-01 4.9862571490e-17 1.0000000000e-16 4.0000000000e+07 7.0997287200e-38 -6.4015589973e-37 -2.5606235989e-13 1.2000000000e+08 5.6359184263e-01
5.4845980976e-01 5.4845980976e-17 1.0000000000e-16 4.0000000000e+07 -4.5456166042e-39 -1.7728870428e-36 -7.0915481713e-13 1.2000000000e+08 5.6359184263e-01
5.9829390462e-01 5.9829390462e-17 1.0000000000e-16 4.0000000000e+07 -5.7201574718e-38 -2.0259307097e-38 -8.1037228388e-15 1.2000000000e+08 5.6359184263e-01
6.4812799949e-01 6.4812799949e-17 1.0000000000e-16 4.0000000000e+07 -6.2220401899e-39 1.5907028581e-36 6.3628114323e-13 1.2000000000e+08 5.6359184263e-01
6.9796209435e-01 6.9796209435e-17 1.0000000000e-16 4.0000000000e+07 3.6808136582e-38 -2.6652823444e-37 -1.0661129378e-13 1.2000000000e+08 5.6359184263e-01
7.4779618922e-01 7.4779618922e-17 1.0000000000e-16 4.0000000000e+07 -1.8275724938e-38 -1.3613557490e-36 -5.4454229959e-13 1.2000000000e+08 5.6359184263e-01
7.9763028408e-01 7.9763028408e-17 1.0000000000e-16 4.0000000000e+07 -5.0169356409e-38 1.9374050271e-37 7.7496201086e-14 1.2000000000e+08 5.6359184263e-01
8.4746437894e-01 8.4746437894e-17 1.0000000000e-16 4.0000000000e+07 -2.3436209620e-38 4.7357869232e-37 1.8943147693e-13 1.2000000000e+08 5.6359184263e-01
8.9729847381e-01 8.9729847381e-17 1.0000000000e-16 4.0000000000e+07 -2.3772207534e-38 -3.8040416708e-37 -1.5216166683e-13 1.2000000000e+08 5.6359184263e-01
9.4713256867e-01 9.4713256867e-17 1.0000000000e-16 4.0000000000e+07 -3.5500669888e-38 1.0039805187e-37 4.0159220747e-14 1.2000000000e+08 5.6359184263e-01
9.9696666354e-01 9.9696666354e-17 1.0000000000e-16 4.0000000000e+07 -1.8201588943e-38 3.7220970606e-37 1.4888388242e-13 1.2000000000e+08 5.6359184263e-01
1.0468007584e+00 1.0468007584e-16 1.0000000000e-16 4.0000000000e+07 -1.6524054484e-38 -3.3009542678e-37 -1.3203817071e-13 1.2000000000e+08 5.6359184263e-01
1.0966348533e+00 1.0966348533e-16 1.0000000000e-16 4.0000000000e+07 -3.7702277200e-38 -3.1542852259e-37 -1.2617140904e-13 1.2000000000e+08 5.6359184263e-01
1.1464689481e+00 1.1464689481e-16 1.0000000000e-16 4.0000000000e+07 -3.7875041806e-38 2.5302377026e-37 1.0120950810e-13 1.2000000000e+08 5.6359184263e-01
1.1963030430e+00 1.1963030430e-16 1.0000000000e-16 4.0000000000e+07 -2.5042563227e-38 1.6033270110e-37 6.4133080440e-14 1.2000000000e+08 5.6359184263e-01
1.2461371379e+00 1.2461371379e-16 1.0000000000e-16 4.0000000000e+07 -2.2104355167e-38 2.8976776100e-38 1.1590710440e-14 1.2000000000e+08 5.6359184263e-01
1.2959712327e+00 1.2959712327e-16 1.0000000000e-16 4.0000000000e+07 -1.7654825353e-38 1.2459553068e-37 4.9838212271e-14 1.2000000000e+08 5.6359184263e-01
1.3458053276e+00 1.3458053276e-16 1.0000000000e-16 4.0000000000e+07 -1.6870364480e-38 -1.5563307293e-37 -6.2253229171e-14 1.2000000000e+08 5.6359184263e-01
1.3956394224e+00 1.3956394224e-16 1.0000000000e-16 4.0000000000e+07 -3.2921861764e-38 -4.2035038919e-37 -1.6814015568e-13 1.2000000000e+08 5.6359184263e-01
1.4454735173e+00 1.4454735173e-16 1.0000000000e-16 4.0000000000e+07 -5.1281875921e-38 -2.7105549953e-37 -1.0842219981e-13 1.2000000000e+08 5.6359184263e-01
1.4953076122e+00 1.4953076122e-16 1.0000000000e-16 4.0000000000e+07 -5.9704762983e-38 -9.7654627375e-38 -3.9061850950e-14 1.2000000000e+08 5.6359184263e-01
1.5451417070e+00 1.5451417070e-16 1.0000000000e-16 4.0000000000e+07 -6.5213566624e-38 -1.7783826464e-37 -7.1135305854e-14 1.2000000000e+08 5.6359184263e-01
1.5949758019e+00 1.5949758019e-16 1.0000000000e-16 4.0000000000e+07 -8.5513213461e-38 -7.4299061533e-37 -2.9719624613e-13 1.2000000000e+08 5.6359184263e-01
1.6448098968e+00 1.6448098968e-16 1.0000000000e-16 4.0000000000e+07 -1.5154027005e-37 -2.0061529952e-36 -8.0246119807e-13 1.2000000000e+08 5.6359184263e-01
1.6946439916e+00 1.6946439916e-16 1.0000000000e-16 4.0000000000e+07 -2.9141068697e-37 -3.5901196558e-36 -1.4360478623e-12 1.2000000000e+08 5.6359184263e-01
1.7444780865e+00 1.7444780865e-16 1.0000000000e-16 4.0000000000e+07 -5.0363667952e-37 -4.8311550971e-36 -1.9324620388e-12 1.2000000000e+08 5.6359184263e-01
1.7943121814e+00 1.7943121814e-16 1.0000000000e-16 4.0000000000e+07 -7.6674612438e-37 -5.7122937905e-36 -2.2849175162e-12 1.2000000000e+08 5.6359184263e-01
1.8441462762e+00 1.8441462762e-16 1.0000000000e-16 4.0000000000e+07 -1.0793960931e-36 -6.9532557749e-36 -2.7813023100e-12 1.2000000000e+08 5.6359184263e-01
1.8939803711e+00 1.8939803711e-16 1.0000000000e-16 4.0000000000e+07 -1.4758404561e-36 -9.1103501903e-36 -3.6441400761e-12 1.2000000000e+08 5.6359184263e-01
1.9438144660e+00 1.9438144660e-16 1.0000000000e-16 4.0000000000e+07 -2.0048223542e-36 -1.2300651925e-35 -4.9202607702e-12 1.2000000000e+08 5.6359184263e-01
1.9936485608e+00 1.9936485608e-16 1.0000000000e-16 4.0000000000e+07 -2.7249410144e-36 -1.6974766976e-35 -6.7899067905e-12 1.2000000000e+08 5.6359184263e-01
2.0434826557e+00 2.0434826557e-16 1.0000000000e-16 4.0000000000e+07 -3.8642401051e-36 -2.7685365906e-35 -1.1074146362e-11 1.2000000000e+08 5.6359184263e-01
2.0933167505e+00 2.0933167505e-16 1.0000000000e-16 4.0000000000e+07 -5.9324567568e-36 -1.1839668997e-34 -4.7358675987e-11 1.2000000000e+08 5.6359184263e-01
2.1431508454e+00 2.1431508454e-16 1.0000000000e-16 4.0000000000e+07 -5.7771107264e-36 5.5646301526e-34 2.2258520610e-10 1.2000000000e+08 5.6359184263e-01
2.1929849403e+00 2.1929849403e-16 1.0000000000e-16 4.0000000000e+07 -1.3962836285e-34 -8.0224442437e-33 -3.2089776975e-09 1.2000000000e+08 5.6359184263e-01
2.2428190351e+00 2.2428190351e-16 1.0000000000e-16 4.0000000000e+07 5.0892860540e-34 2.1342601591e-32 8.5370406364e-09 1.2000000000e+08 5.6359184263e-01
2.2926531300e+00 2.2926531300e-16 1.0000000000e-16 4.0000000000e+07 -6.0190009423e-33 -5.4088473297e-32 -2.1635389319e-08 1.2000000000e+08 5.6359184263e-01
2.3424872249e+00 2.3424872249e-16 1.0000000000e-16 4.0000000000e+07 2.3779551845e-32 -1.1985597918e-30 -4.7942391671e-07 1.2000000000e+08 5.6359184263e-01
2.3923213197e+00 2.3923213197e-16 1.0000000000e-16 4.0000000000e+07 -4.2207042645e-31 -4.9945770278e-30 -1.9978308111e-06 1.2000000000e+08 5.6359184263e-01
2.4421554146e+00 2.4421554146e-16 1.0000000000e-16 4.0000000000e+07 6.4996242409e-31 -1.5861893276e-29 -6.3447573104e-06 1.2000000000e+08 5.6359184263e-01
2.4919895095e+00 2.4919895095e-16 1.0000000004e-16 4.0000000000e+07 -1.0913455063e-29 -2.9885757496e-28 -1.1954302993e-04 1.2000000000e+08 5.6359184263e-01
2.5418236043e+00 2.5418236044e-16 1.0000000085e-16 4.0000000008e+07 -9.9332665414e-29 -8.4746800735e-27 -3.3898720013e-03 1.1999999999e+08 5.6359184263e-01
2.5916576992e+00 2.5916577021e-16 1.0000001485e-16 4.0000000166e+07 -3.1072018083e-27 -1.6410434741e-25 -6.5641729487e-02 1.1999999996e+08 5.6359184263e-01
2.6414917940e+00 2.6414918203e-16 1.0000010194e-16 4.0000001165e+07 -2.9197186123e-26 -1.1500327968e-24 -4.6001266318e-01 1.1999999982e+08 5.6359184263e-01
2.6913258889e+00 2.6913260571e-16 1.0000060668e-16 4.0000007070e+07 -1.9232998854e-25 -7.0203226001e-24 -2.8081125001e+00 1.1999999937e+08 5.6359184263e-01
2.7411599838e+00 2.7411609166e-16 1.0000293438e-16 4.0000034660e+07 -1.0813337214e-24 -3.4163934971e-23 -1.3665184841e+01 1.1999999834e+08 5.6359184263e-01
2.7909940786e+00 2.7909978091e-16 1.0000901474e-16 4.0000107196e+07 -4.3431477160e-24 -1.0538240560e-22 -4.2149275558e+01 1.1999999707e+08 5.6359184263e-01
2.8408281735e+00 2.8408393971e-16 1.0002333420e-16 4.0000279202e+07 -1.3173153389e-23 -2.7595665734e-22 -1.1035768233e+02 1.1999999767e+08 5.6359184263e-01
2.8906622684e+00 2.8906924865e-16 1.0005460806e-16 4.0000646589e+07 -3.5480906499e-23 -6.3728995223e-22 -2.5478097060e+02 1.1999997442e+08 5.6359184263e-01
2.9404963632e+00 2.9405582113e-16 1.0006355860e-16 4.0000765557e+07 -7.2550451811e-23 -7.5564023713e-22 -3.0206988831e+02 1.2000000929e+08 5.6359184263e-01
2.9903304581e+00 2.9904301018e-16 1.0013448988e-16 4.0001572954e+07 -1.1754508825e-22 -1.5689230395e-21 -6.2675097758e+02 1.1999988050e+08 5.6359184263e-01
3.0401645530e+00 3.0404884453e-16 1.0097964903e-16 4.0011403601e+07 -3.7841202624e-22 -1.1491944221e-20 -4.5534800605e+03 1.1999911608e+08 5.6359184263e-01
3.0899986478e+00 3.0913684616e-16 1.0352880018e-16 4.0041362790e+07 -1.6330662600e-21 -4.2936465862e-20 -1.6606341458e+04 1.1999925243e+08 5.6359184263e-01
3.1398327427e+00 3.1439807748e-16 1.0783196096e-16 4.0090388669e+07 -5.0764666972e-21 -9.8391580257e-20 -3.6580589458e+04 1.1999976103e+08 5.6359184263e-01
3.1896668376e+00 3.1990051595e-16 1.1304248764e-16 4.0146916236e+07 -1.1708186316e-20 -1.6901126786e-19 -6.0024167511e+04 1.1999954416e+08 5.6359184263e-01
3.2395009324e+00 3.2567068672e-16 1.1854913352e-16 4.0203981791e+07 -2.2067798722e-20 -2.4758020990e-19 -8.3962741484e+04 1.1999963606e+08 5.6359184263e-01
3.2893350273e+00 3.3172593611e-16 1.2455110806e-16 4.0263168653e+07 -3.6585540628e-20 -3.3694180954e-19 -1.0892191258e+05 1.1999957217e+08 5.6359184263e-01
3.3391691221e+00 3.3810027021e-16 1.3138305645e-16 4.0327147028e+07 -5.5962789815e-20 -4.4328708740e-19 -1.3606399510e+05 1.1999950420e+08 5.6359184263e-01
3.3890032170e+00 3.4483824883e-16 1.3915528667e-16 4.0396014118e+07 -8.1138522910e-20 -5.7006975108e-19 -1.6548811234e+05 1.1999952075e+08 5.6359184263e-01
3.4388373119e+00 3.5199084401e-16 1.4806046482e-16 4.0470043941e+07 -1.1323935062e-19 -7.2215159259e-19 -1.9738899726e+05 1.1999872613e+08 5.6359184263e-01
3.4886714067e+00 3.5961917644e-16 1.5823920672e-16 4.0549753938e+07 -1.5368672434e-19 -9.0569467711e-19 -2.3208973971e+05 1.1999903311e+08 5.6359184263e-01
3.5385055016e+00 3.6778686607e-16 1.6972899402e-16 4.0633999000e+07 -2.0415575291e-19 -1.1248964008e-18 -2.6930601627e+05 1.2000007581e+08 5.6359184263e-01
3.5883395965e+00 3.7656596634e-16 1.8281769646e-16 4.0722407000e+07 -2.6657598716e-19 -1.3865953856e-18 -3.0886234063e+05 1.1999870533e+08 5.6359184263e-01
3.6381736913e+00 3.8604127016e-16 1.9767063820e-16 4.0815898868e+07 -3.4329800736e-19 -1.7000728981e-18 -3.5103849570e+05 1.1999895810e+08 5.6359184263e-01
3.6880077862e+00 3.9630366309e-16 2.1444340869e-16 4.0913581334e+07 -4.3712906142e-19 -2.0746158629e-18 -3.9581521932e+05 1.1999996759e+08 5.6359184263e-01
3.7378418811e+00 4.0745746303e-16 2.3349393849e-16 4.1014861356e+07 -5.5141074873e-19 -2.5228256401e-18 -4.4315216284e+05 1.1999883616e+08 5.6359184263e-01
3.7876759759e+00 4.1962451153e-16 2.5514067921e-16 4.1120455112e+07 -6.9018709315e-19 -3.0596469364e-18 -4.9311648341e+05 1.1999810793e+08 5.6359184263e-01
3.8375100708e+00 4.3294139239e-16 2.7967771250e-16 4.1229996689e+07 -8.5825312687e-19 -3.7004870182e-18 -5.4552458308e+05 1.1999807698e+08 5.6359184263e-01
3.8873441656e+00 4.4756193883e-16 3.0753655982e-16 4.1343214094e+07 -1.0612699478e-18 -4.4658798447e-18 -6.0036382876e+05 1.1999807843e+08 5.6359184263e-01
3.9371782605e+00 4.6367032864e-16 3.3958148836e-16 4.1461625753e+07 -1.3062418506e-18 -5.3915871046e-18 -6.5829255837e+05 1.1999898018e+08 5.6359184263e-01
3.9870123554e+00 4.8151997118e-16 3.7780933163e-16 4.1588717318e+07 -1.6027473388e-18 -6.5472669651e-18 -7.2071389513e+05 1.1999918688e+08 5.6359184263e-01
4.0368464502e+00 5.0146735204e-16 4.2359111427e-16 4.1724458228e+07 -1.9640863213e-18 -7.9924983028e-18 -7.8727492229e+05 1.1999814008e+08 5.6359184263e-01
4.0866805451e+00 5.2380846040e-16 4.7275995762e-16 4.1855567069e+07 -2.4029747679e-18 -9.6280968127e-18 -8.5241874949e+05 1.1999970282e+08 5.6359184263e-01
4.1365146400e+00 5.4862452250e-16 5.2444750005e-16 4.1978216259e+07 -2.9264428873e-18 -1.1434970807e-17 -9.1528642507e+05 1.1999799406e+08 5.6359184263e-01
4.1863487348e+00 5.7658605034e-16 6.0665669794e-16 4.2147021511e+07 -3.5613687981e-18 -1.4375888803e-17 -9.9875414988e+05 1.1998624009e+08 5.6359184263e-01
4.2361828297e+00 6.1054343788e-16 7.7280181212e-16 4.2432841918e+07 -4.4154984957e-18 -2.0593802109e-17 -1.1307602230e+06 1.1998207040e+08 5.6359184263e-01
4.2860169246e+00 6.5501459788e-16 1.0105956914e-15 4.2761239005e+07 -5.6797033380e-18 -3.0237805350e-17 -1.2794493708e+06 1.2001147033e+08 5.6359184263e-01
4.3358510194e+00 7.0837772122e-16 1.0689076709e-15 4.2845381390e+07 -7.3222273865e-18 -3.3145385008e-17 -1.3285774821e+06 1.2006254838e+08 5.6359184263e-01
4.3856851143e+00 7.5445903299e-16 7.3110162180e-16 4.2403063582e+07 -8.6948581276e-18 -2.0102680982e-17 -1.1659326616e+06 1.2008883096e+08 5.6359184263e-01
4.4355192092e+00 7.8029277869e-16 3.3455789865e-16 4.1462120764e+07 -9.3209446687e-18 -6.4772639654e-18 -8.0273430052e+05 1.2005934424e+08 5.6359184263e-01
4.4853533040e+00 7.9125294406e-16 1.3773968558e-16 4.0380588091e+07 -9.4861877176e-18 -1.2935456728e-18 -3.7922356777e+05 1.1999429888e+08 5.6359184263e-01
4.5351873989e+00 7.9610841641e-16 7.0288628395e-17 3.9557519134e+07 -9.5129158102e-18 -9.2098538859e-20 -5.1831850988e+04 1.1994125138e+08 5.6359184263e-01
4.5850214937e+00 7.9901194784e-16 5.0762986766e-17 3.9164675995e+07 -9.5100023021e-18 1.4451958240e-19 1.1149979503e+05 1.1993395595e+08 5.6359184263e-01
4.6348555886e+00 8.0144348747e-16 4.8591971558e-17 3.9120939737e+07 -9.5016248701e-18 1.7594778767e-19 1.4165391067e+05 1.1996088071e+08 5.6359184263e-01
4.6846896835e+00 8.0397195752e-16 5.3592224232e-17 3.9247135191e+07 -9.4934286954e-18 1.4700066909e-19 1.0765283986e+05 1.1998715287e+08 5.6359184263e-01
4.7345237783e+00 8.0683428734e-16 6.1556244977e-17 3.9417480407e+07 -9.4873875557e-18 9.3351076357e-20 5.9777269141e+04 1.1999935158e+08 5.6359184263e-01
4.7843578732e+00 8.1014001003e-16 7.1416655911e-17 3.9596362700e+07 -9.4843103512e-18 2.8787267617e-20 1.5960857802e+04 1.2000100828e+08 5.6359184263e-01
4.8341919681e+00 8.1400266961e-16 8.4129854202e-17 3.9791970893e+07 -9.4848133027e-18 -5.2759964063e-20 -2.4954553580e+04 1.1999803658e+08 5.6359184263e-01
4.8840260629e+00 8.1860082177e-16 1.0113465721e-16 4.0012283120e+07 -9.4902253756e-18 -1.7239020797e-19 -6.8203383475e+04 1.1999640207e+08 5.6359184263e-01
4.9338601578e+00 8.2417889442e-16 1.2359219959e-16 4.0253112076e+07 -9.5031717621e-18 -3.6055672670e-19 -1.1743079562e+05 1.1999730979e+08 5.6359184263e-01
4.9836942527e+00 8.3103270614e-16 1.5245515298e-16 4.0504965740e+07 -9.5280433112e-18 -6.5831197788e-19 -1.7490326558e+05 1.1999790202e+08 5.6359184263e-01
5.0335283475e+00 8.3950348535e-16 1.8851573497e-16 4.0759432639e+07 -9.5715709412e-18 -1.1167196374e-18 -2.4144859231e+05 1.1999797797e+08 5.6359184263e-01
5.0833624424e+00 8.4994344840e-16 2.3116100639e-16 4.1004891359e+07 -9.6426541896e-18 -1.7618149903e-18 -3.1252257204e+05 1.2000150511e+08 5.6359184263e-01
5.1331965372e+00 8.6261975617e-16 2.7756856586e-16 4.1225281809e+07 -9.7496209011e-18 -2.5395366355e-18 -3.7717928591e+05 1.2000547134e+08 5.6359184263e-01
5.1830306321e+00 8.7761166226e-16 3.2363358032e-16 4.1410094880e+07 -9.8961672178e-18 -3.3319475955e-18 -4.2633482572e+05 1.2000839160e+08 5.6359184263e-01
5.2328647270e+00 8.9489371828e-16 3.7011858748e-16 4.1568184304e+07 -1.0081891790e-17 -4.1287923145e-18 -4.6370651376e+05 1.2000090073e+08 5.6359184263e-01
5.2826988218e+00 9.1461353578e-16 4.2257908478e-16 4.1725990251e+07 -1.0310681293e-17 -5.0895192867e-18 -5.0254553476e+05 1.1999850959e+08 5.6359184263e-01
5.3325329167e+00 9.3720997465e-16 4.8557157783e-16 4.1893187500e+07 -1.0593792923e-17 -6.2970967662e-18 -5.4328850282e+05 1.2000120705e+08 5.6359184263e-01
5.3823670116e+00 9.6311736376e-16 5.5388219750e-16 4.2051351732e+07 -1.0939023494e-17 -7.5298763421e-18 -5.7167657670e+05 1.2000282024e+08 5.6359184263e-01
5.4322011064e+00 9.9242914964e-16 6.2257446903e-16 4.2190297050e+07 -1.1342763024e-17 -8.6750665552e-18 -5.8788731807e+05 1.1999955792e+08 5.6359184263e-01
5.4820352013e+00 1.0253654732e-15 7.0208899991e-16 4.2333207551e+07 -1.1809511306e-17 -1.0147481936e-17 -6.1185328207e+05 1.1999669990e+08 5.6359184263e-01
5.5318692962e+00 1.0628860304e-15 8.0840193284e-16 4.2502510019e+07 -1.2366995859e-17 -1.2343466611e-17 -6.4896964244e+05 1.1999846819e+08 5.6359184263e-01
5.5817033910e+00 1.1064308610e-15 9.4157484232e-16 4.2685831165e+07 -1.3050184335e-17 -1.5108114004e-17 -6.8491889820e+05 1.2000087400e+08 5.6359184263e-01
5.6315374859e+00 1.1570686010e-15 1.0952027534e-15 4.2867518671e+07 -1.3877889500e-17 -1.8196571624e-17 -7.1223512853e+05 1.2000291083e+08 5.6359184263e-01
5.6813715808e+00 1.2166642671e-15 1.3097069889e-15 4.3080654126e+07 -1.4888553131e-17 -2.2702363684e-17 -7.4675685934e+05 1.2000022075e+08 5.6359184263e-01
5.7312056756e+00 1.2891520218e-15 1.6104410171e-15 4.3326268139e+07 -1.6181258228e-17 -2.9480349702e-17 -7.9312034559e+05 1.1999560832e+08 5.6359184263e-01
5.7810397705e+00 1.3784472613e-15 1.9858214075e-15 4.3578227647e+07 -1.7857662035e-17 -3.8070863808e-17 -8.3545315982e+05 1.1999910119e+08 5.6359184263e-01
5.8308738653e+00 1.4895372059e-15 2.5076863887e-15 4.3856788188e+07 -2.0030934555e-17 -4.9984224281e-17 -8.7417132657e+05 1.1999706299e+08 5.6359184263e-01
5.8807079602e+00 1.6350245542e-15 3.4175351433e-15 4.4222818381e+07 -2.3010441297e-17 -7.2041197916e-17 -9.3221128028e+05 1.1998527218e+08 5.6359184263e-01
5.9305420551e+00 1.8413365330e-15 4.9831949462e-15 4.4676011236e+07 -2.7559161927e-17 -1.1456276105e-16 -1.0270935123e+06 1.1999224373e+08 5.6359184263e-01
5.9803761499e+00 2.1508193633e-15 7.6930098771e-15 4.5192321946e+07 -3.5057326125e-17 -1.9494167019e-16 -1.1451781371e+06 1.1998664234e+08 5.6359184263e-01
6.0302102448e+00 2.6471103969e-15 1.2682458620e-14 4.5792513882e+07 -4.8299711928e-17 -3.5216941228e-16 -1.2715770013e+06 1.1999564347e+08 5.6359184263e-01
6.0800443397e+00 3.4692740126e-15 2.0815651973e-14 4.6385016603e+07 -7.2045803585e-17 -6.1917516553e-16 -1.3797526194e+06 1.1999755349e+08 5.6359184263e-01
6.1298784345e+00 4.8152391478e-15 3.4921575630e-14 4.6996345952e+07 -1.1350546286e-16 -1.1090884352e-15 -1.4925759462e+06 1.1998113990e+08 5.6359184263e-01
6.1797125294e+00 7.3332142171e-15 7.2819246659e-14 4.7867129784e+07 -1.9726878676e-16 -2.5246101094e-15 -1.6595315841e+06 1.1996615994e+08 5.6359184263e-01
6.2295466243e+00 1.3411999635e-14 1.9449883292e-13 4.9034738767e+07 -4.2224840907e-16 -7.4922725379e-15 -1.8888628849e+06 1.1995747064e+08 5.6359184263e-01
6.2793807191e+00 3.1703624222e-14 6.3860888195e-13 5.0454621844e+07 -1.1414573745e-15 -2.5146352017e-14 -1.9867397991e+06 1.1994902139e+08 5.6359184263e-01
6.3292148140e+00 1.2197136581e-13 4.4897840703e-12 5.2732854419e+07 -5.0192672069e-15 -2.0967448513e-13 -2.4626427299e+06 1.1985116918e+08 5.6359184263e-01
6.3790489088e+00 2.0528726844e-12 1.8967744999e-10 5.7025273829e+07 -1.2565183879e-13 -1.3036672909e-11 -3.9193896927e+06 1.1960281584e+08 5.6359184263e-01
6.4288830037e+00 4.2670314241e-08 1.3278736523e-05 7.0129101401e+07 -4.5575152942e-09 -1.4430699197e-06 -7.6212971431e+06 1.1966166303e+08 5.6359184416e-01
6.4787170986e+00 2.6874398333e-02 2.3016848906e+00 8.1925004155e+07 -2.2262260636e-03 -1.5823483373e-01 -5.6321303859e+06 1.2069370043e+08 5.3310738685e-01
6.5285511934e+00 2.7878490029e-01 7.0771409093e+00 5.6038993455e+07 -7.1409347970e-03 3.7672242655e-02 2.9830048414e+05 1.2003581435e+08 3.0781771044e-01
6.5783852883e+00 6.3348753140e-01 6.5020661345e+00 3.7840075520e+07 -6.0622002334e-03 -4.0282923379e-02 -2.3443453685e+05 1.2133981003e+08 1.5448895328e-01
6.6282193832e+00 9.1516340959e-01 4.9521043997e+00 3.1238708883e+07 -7.8202633169e-03 -1.0355375451e-02 -6.5323453014e+04 1.2185290966e+08 1.0203706671e-01
6.6780534780e+00 1.1386425620e+00 4.1157635702e+00 2.8345171103e+07 -8.4265193689e-03 -2.2416227130e-02 -1.5438005188e+05 1.2109334848e+08 8.1701392372e-02
6.7278875729e+00 1.3265863024e+00 3.4337316781e+00 2.6801053389e+07 -9.4192123093e-03 -7.9306329700e-04 -6.1900386390e+03 1.2006257283e+08 7.2701591597e-02
6.7777216678e+00 1.4890948138e+00 3.1387276786e+00 2.6121971435e+07 -8.0530992385e-03 4.4824254486e-02 3.7304857738e+05 1.1970569919e+08 6.8629700480e-02
6.8275557626e+00 1.6393501577e+00 2.8849326228e+00 2.5789062278e+07 -5.9974099967e-03 3.3283372483e-02 2.9752756060e+05 1.1975764454e+08 6.6600014323e-02
6.8773898575e+00 1.7786068863e+00 2.7121795269e+00 2.5635094565e+07 -4.4627845518e-03 3.7795322197e-02 3.5723544442e+05 1.1985161726e+08 6.5774831550e-02
6.9272239524e+00 1.9080748930e+00 2.4800910874e+00 2.5502366780e+07 -1.9873356383e-03 5.4581127205e-02 5.6124871069e+05 1.1979809880e+08 6.5690407594e-02
6.9770580472e+00 2.0270462930e+00 2.3110035294e+00 2.5458790841e+07 3.2403872961e-04 3.7043540935e-02 4.0808408497e+05 1.1972065027e+08 6.6149171999e-02
7.0268921421e+00 2.1396480186e+00 2.2174114985e+00 2.5499554052e+07 1.9293128594e-03 2.8728087572e-02 3.3036422079e+05 1.1977034968e+08 6.6806158711e-02
7.0767262369e+00 2.2469041496e+00 2.0681644601e+00 2.5511580543e+07 3.2302862242e-03 2.5564122359e-02 3.1534299093e+05 1.1978388373e+08 6.7579055553e-02
7.1265603318e+00 2.3462375864e+00 1.9432791990e+00 2.5555641989e+07 4.7028448438e-03 3.3454297147e-02 4.3995018385e+05 1.1978621317e+08 6.8580865728e-02
7.1763944267e+00 2.4419353450e+00 1.8962109503e+00 2.5660260071e+07 6.2789852072e-03 2.6271888123e-02 3.5552135255e+05 1.1986240600e+08 6.9552192509e-02
7.2262285215e+00 2.5346985446e+00 1.8209326494e+00 2.5718208575e+07 7.2341232503e-03 1.3762793806e-02 1.9438083105e+05 1.1983243566e+08 7.0480751128e-02
7.2760626164e+00 2.6236104397e+00 1.7585651060e+00 2.5793491784e+07 7.8046042209e-03 9.8076881785e-03 1.4385280567e+05 1.1984373269e+08 7.1434453890e-02
7.3258967113e+00 2.7099376923e+00 1.6892623350e+00 2.5875673086e+07 8.2667038468e-03 9.2095824255e-03 1.4106994466e+05 1.1994013296e+08 7.2348730318e-02
7.3757308061e+00 2.7907309808e+00 1.5551670661e+00 2.5898816220e+07 8.6523623216e-03 4.8040307815e-03 8.0003436953e+04 1.1991200236e+08 7.3418615828e-02
7.4255649010e+00 2.8648168564e+00 1.4144742204e+00 2.5931272057e+07 8.7200906704e-03 -1.0361996550e-03 -1.8996440354e+04 1.1987667005e+08 7.4701633020e-02
7.4753989959e+00 2.9317392919e+00 1.2764746451e+00 2.6000529110e+07 8.6183545321e-03 -3.1029041505e-03 -6.3203096121e+04 1.1992774337e+08 7.6215304774e-02
7.5252330907e+00 2.9922385042e+00 1.1525768634e+00 2.6083352975e+07 8.3634342154e-03 -7.3481551605e-03 -1.6629218480e+05 1.1994000343e+08 7.7909271603e-02
7.5750671856e+00 3.0467863803e+00 1.0392694400e+00 2.6175169357e+07 7.9034065836e-03 -1.0724109797e-02 -2.7009876295e+05 1.1991519427e+08 7.9762469011e-02
7.6249012804e+00 3.0958156852e+00 9.3205263898e-01 2.6283297190e+07 7.3414209086e-03 -1.1589682476e-02 -3.2682174387e+05 1.1991333066e+08 8.1762323729e-02
7.6747353753e+00 3.1405618552e+00 8.7417612866e-01 2.6456987807e+07 6.6955038843e-03 -1.5006997429e-02 -4.5418758874e+05 1.1992816462e+08 8.3839350222e-02
7.7245694702e+00 3.1831884445e+00 8.3471740568e-01 2.6644013834e+07 5.8460569230e-03 -1.8690826103e-02 -5.9660745764e+05 1.1994209593e+08 8.5856727439e-02
7.7744035650e+00 3.2240147113e+00 8.1159507198e-01 2.6842199113e+07 4.8258719637e-03 -2.2683380467e-02 -7.5021625448e+05 1.1994570831e+08 8.7812956083e-02
7.8242376599e+00 3.2645584740e+00 8.1342778282e-01 2.7055627472e+07 3.5580505056e-03 -2.7914738539e-02 -9.2847918751e+05 1.1995156699e+08 8.9601079945e-02
7.8740717548e+00 3.3046421669e+00 7.9469825819e-01 2.7225958207e+07 2.1025498843e-03 -3.0062833949e-02 -1.0299374036e+06 1.1996424614e+08 9.1257862533e-02
7.9239058496e+00 3.3441324858e+00 7.9462851380e-01 2.7410013788e+07 5.3920658926e-04 -3.3285450880e-02 -1.1481524407e+06 1.1997428587e+08 9.2809393476e-02
7.9737399445e+00 3.3840231847e+00 8.0476996720e-01 2.7582770004e+07 -1.2578584459e-03 -3.8749957827e-02 -1.3281201063e+06 1.1997907552e+08 9.4175456361e-02
8.0235740394e+00 3.4240691984e+00 8.0116160999e-01 2.7721462102e+07 -3.2715138830e-03 -4.1347483650e-02 -1.4306884987e+06 1.1998887770e+08 9.5396299974e-02
8.0734081342e+00 3.4640256014e+00 8.0553600538e-01 2.7858947432e+07 -5.3483006591e-03 -4.2216896434e-02 -1.4600443564e+06 1.1998303693e+08 9.6508958554e-02
8.1232422291e+00 3.5046794339e+00 8.2851991760e-01 2.7999273392e+07 -7.5277438268e-03 -4.5667429342e-02 -1.5433000609e+06 1.1997690369e+08 9.7441976345e-02
8.1730763240e+00 3.5467952437e+00 8.6350362766e-01 2.8128103739e+07 -9.9217380518e-03 -5.0488769335e-02 -1.6446408515e+06 1.1998552222e+08 9.8128064627e-02
8.2229104188e+00 3.5910279416e+00 9.1432105886e-01 2.8242460338e+07 -1.2580180671e-02 -5.6434320115e-02 -1.7431995382e+06 1.2000507818e+08 9.8514586099e-02
8.2727445137e+00 3.6382170356e+00 9.8117287556e-01 2.8323332314e+07 -1.5579883831e-02 -6.4241267164e-02 -1.8544405410e+06 1.2000585178e+08 9.8534155123e-02
8.3225786085e+00 3.6887333367e+00 1.0417546486e+00 2.8340982491e+07 -1.8999669606e-02 -7.2814969699e-02 -1.9809345550e+06 1.1998819977e+08 9.8183005463e-02
8.3724127034e+00 3.7417227838e+00 1.0841226213e+00 2.8310391189e+07 -2.2813540466e-02 -7.9998195006e-02 -2.0890443115e+06 1.1998332699e+08 9.7600460346e-02
8.4222467983e+00 3.7970742141e+00 1.1422968143e+00 2.8281653275e+07 -2.6965495307e-02 -8.6597676373e-02 -2.1440359693e+06 1.2000386819e+08 9.6829795725e-02
8.4720808931e+00 3.8561506487e+00 1.2312128881e+00 2.8248225324e+07 -3.1456867047e-02 -9.3738495497e-02 -2.1506809813e+06 1.2002955840e+08 9.5753828806e-02
8.5219149880e+00 3.9196302989e+00 1.3107882913e+00 2.8157995099e+07 -3.6298855301e-02 -1.0014258731e-01 -2.1512356353e+06 1.2003883884e+08 9.4358598478e-02
8.5717490829e+00 3.9862829778e+00 1.3583665805e+00 2.8019600921e+07 -4.1381338988e-02 -1.0308860314e-01 -2.1264521382e+06 1.2003645268e+08 9.2841753243e-02
8.6215831777e+00 4.0543376353e+00 1.3658100244e+00 2.7861763691e+07 -4.6491009963e-02 -1.0121458081e-01 -2.0647210683e+06 1.2004656654e+08 9.1420294635e-02
8.6714172726e+00 4.1220062848e+00 1.3496713764e+00 2.7714572028e+07 -5.1414204265e-02 -9.6038126700e-02 -1.9720767785e+06 1.2004766413e+08 9.0261988761e-02
8.7212513675e+00 4.1889795249e+00 1.3389403093e+00 2.7605685395e+07 -5.6024362673e-02 -8.8570721571e-02 -1.8261123801e+06 1.2005095237e+08 8.9351947532e-02
8.7710854623e+00 4.2553051523e+00 1.3200098898e+00 2.7518224916e+07 -6.0189634858e-02 -7.8211491159e-02 -1.6304736968e+06 1.2006405726e+08 8.8645735157e-02
8.8209195572e+00 4.3202559321e+00 1.2845648528e+00 2.7439566214e+07 -6.3790224295e-02 -6.6239520838e-02 -1.4149411873e+06 1.2006055324e+08 8.8176848132e-02
8.8707536520e+00 4.3829899139e+00 1.2284055307e+00 2.7373064082e+07 -6.6764936007e-02 -5.2768438098e-02 -1.1758607409e+06 1.2006092749e+08 8.7981671361e-02
8.9205877469e+00 4.4422158154e+00 1.1474126076e+00 2.7321815844e+07 -6.8997596416e-02 -3.6630353196e-02 -8.7223005721e+05 1.2006995570e+08 8.8131669364e-02
8.9704218418e+00 4.4975394239e+00 1.0776364557e+00 2.7310929152e+07 -7.0400466554e-02 -1.9739264105e-02 -5.0025928563e+05 1.2006256044e+08 8.8609569739e-02
9.0202559366e+00 4.5500821854e+00 1.0360757712e+00 2.7341884186e+07 -7.0961541642e-02 -2.9569250661e-03 -7.8032808941e+04 1.2003709848e+08 8.9274035370e-02
9.0700900315e+00 4.6012774615e+00 1.0244183643e+00 2.7402561564e+07 -7.0704571089e-02 1.2977443636e-02 3.4713864039e+05 1.2000133903e+08 8.9977137945e-02
9.1199241264e+00 4.6530205254e+00 1.0624076764e+00 2.7500190202e+07 -6.9694615836e-02 2.7035647908e-02 6.9981182951e+05 1.1996821571e+08 9.0541811069e-02
9.1697582212e+00 4.7081021694e+00 1.1538011921e+00 2.7612873774e+07 -6.8068283927e-02 3.7312069283e-02 8.9295579375e+05 1.1995568580e+08 9.0721259967e-02
9.2195923161e+00 4.7683441180e+00 1.2636995103e+00 2.7688318178e+07 -6.6089093143e-02 4.0698231144e-02 8.9171956154e+05 1.1998136946e+08 9.0387407694e-02
9.2694264110e+00 4.8338373160e+00 1.3584232009e+00 2.7696940471e+07 -6.4157880964e-02 3.5478106223e-02 7.2336440916e+05 1.2002847685e+08 8.9604632891e-02
9.3192605058e+00 4.9028994829e+00 1.4025683581e+00 2.7631794396e+07 -6.2659238128e-02 2.4101874471e-02 4.7482750919e+05 1.2007447836e+08 8.8610802015e-02
9.3690946007e+00 4.9725355880e+00 1.3813502226e+00 2.7515995043e+07 -6.1776908510e-02 1.1613168492e-02 2.3133010111e+05 1.2010001618e+08 8.7726844324e-02
9.4189286956e+00 5.0395668432e+00 1.3007828374e+00 2.7383749852e+07 -6.1454150428e-02 2.0669156427e-03 4.3512183046e+04 1.2010038179e+08 8.7221222945e-02
9.4687627904e+00 5.1015077459e+00 1.1814366942e+00 2.7266709732e+07 -6.1503196787e-02 -3.3266705220e-03 -7.6777164568e+04 1.2008395803e+08 8.7243889032e-02
9.5185968853e+00 5.1570542844e+00 1.0482051438e+00 2.7186120628e+07 -6.1726643628e-02 -5.1350562062e-03 -1.3318219079e+05 1.2005871865e+08 8.7821695901e-02
9.5684309801e+00 5.2060552043e+00 9.2128161526e-01 2.7154187152e+07 -6.1979101531e-02 -4.7633897854e-03 -1.4039787137e+05 1.2003430308e+08 8.8895269509e-02
9.6182650750e+00 5.2491000278e+00 8.0943851457e-01 2.7172164374e+07 -6.2187232315e-02 -3.5287641187e-03 -1.1845761839e+05 1.2001919341e+08 9.0368973577e-02
9.6680991699e+00 5.2869108015e+00 7.1012513384e-01 2.7229503210e+07 -6.2327985997e-02 -2.1368229849e-03 -8.1935739990e+04 1.2001664455e+08 9.2161121243e-02
9.7179332647e+00 5.3199406503e+00 6.1633622248e-01 2.7308226036e+07 -6.2403750010e-02 -9.7849914628e-04 -4.3354706226e+04 1.2001864520e+08 9.4230588350e-02
9.7677673596e+00 5.3482983869e+00 5.2179757426e-01 2.7389765772e+07 -6.2433668793e-02 -3.1423571886e-04 -1.6494600897e+04 1.2001818050e+08 9.6577406721e-02
9.8176014545e+00 5.3718655250e+00 4.2417804609e-01 2.7458625974e+07 -6.2442444578e-02 -9.3829986992e-05 -6.0739647932e+03 1.2001532657e+08 9.9229670503e-02
9.8674355493e+00 5.3905440325e+00 3.2646886782e-01 2.7502455802e+07 -6.2445912819e-02 -5.2483584340e-05 -4.4213326321e+03 1.2001304743e+08 1.0221940035e-01
