# TPV104 station: x2_9_x3_7.5 (along_strike=9000, down_dip=7500)
# Columns (SCEC TPV104 trace layout): t  h-slip  h-slip-rate  h-shear-stress  v-slip  v-slip-rate  v-shear-stress  n-stress  psi
# BP5 convention: h = strike = component 2, v = dip = component 1.  TPV104 is pure strike-slip so v-slip / v-slip-rate / v-shear-stress ≈ 0.
0.0000000000e+00 0.0000000000e+00 1.0000000000e-16 4.0000000000e+07 0.0000000000e+00 0.0000000000e+00 0.0000000000e+00 1.2000000000e+08 5.6359184263e-01
2.8476625637e-04 2.8476625637e-20 1.0000000000e-16 4.0000000000e+07 0.0000000000e+00 0.0000000000e+00 0.0000000000e+00 1.2000000000e+08 5.6359184263e-01
5.0118861120e-02 5.0118861120e-18 1.0000000000e-16 4.0000000000e+07 1.0825596036e-37 -4.7433983024e-36 -1.8973593210e-12 1.2000000000e+08 5.6359184263e-01
9.9952955984e-02 9.9952955984e-18 1.0000000000e-16 4.0000000000e+07 -2.5440588673e-37 -7.5937703636e-36 -3.0375081454e-12 1.2000000000e+08 5.6359184263e-01
1.4978705085e-01 1.4978705085e-17 1.0000000000e-16 4.0000000000e+07 -3.1229540908e-37 1.4153945708e-36 5.6615782832e-13 1.2000000000e+08 5.6359184263e-01
1.9962114571e-01 1.9962114571e-17 1.0000000000e-16 4.0000000000e+07 -2.8174376872e-37 1.3063782417e-36 5.2255129669e-13 1.2000000000e+08 5.6359184263e-01
2.4945524058e-01 2.4945524058e-17 1.0000000000e-16 4.0000000000e+07 -2.4307530884e-37 -1.3004857606e-37 -5.2019430425e-14 1.2000000000e+08 5.6359184263e-01
2.9928933544e-01 2.9928933544e-17 1.0000000000e-16 4.0000000000e+07 -1.9230533783e-37 2.5182502804e-36 1.0073001122e-12 1.2000000000e+08 5.6359184263e-01
3.4912343030e-01 3.4912343030e-17 1.0000000000e-16 4.0000000000e+07 -1.0381274439e-37 -2.4760988874e-37 -9.9043955496e-14 1.2000000000e+08 5.6359184263e-01
3.9895752517e-01 3.9895752517e-17 1.0000000000e-16 4.0000000000e+07 -1.7644931702e-37 -9.3420533341e-37 -3.7368213336e-13 1.2000000000e+08 5.6359184263e-01
4.4879162003e-01 4.4879162003e-17 1.0000000000e-16 4.0000000000e+07 -1.1782477836e-37 2.4933078937e-36 9.9732315749e-13 1.2000000000e+08 5.6359184263e-01
4.9862571490e-01 4.9862571490e-17 1.0000000000e-16 4.0000000000e+07 -2.9570232248e-38 7.4945670951e-37 2.9978268380e-13 1.2000000000e+08 5.6359184263e-01
5.4845980976e-01 5.4845980976e-17 1.0000000000e-16 4.0000000000e+07 -2.4663092114e-38 -3.9012699895e-37 -1.5605079958e-13 1.2000000000e+08 5.6359184263e-01
5.9829390462e-01 5.9829390462e-17 1.0000000000e-16 4.0000000000e+07 -6.0599342447e-38 -8.0909761212e-37 -3.2363904485e-13 1.2000000000e+08 5.6359184263e-01
6.4812799949e-01 6.4812799949e-17 1.0000000000e-16 4.0000000000e+07 -7.2393562850e-38 4.5366791190e-37 1.8146716476e-13 1.2000000000e+08 5.6359184263e-01
6.9796209435e-01 6.9796209435e-17 1.0000000000e-16 4.0000000000e+07 -3.5180607993e-38 7.2621975842e-37 2.9048790337e-13 1.2000000000e+08 5.6359184263e-01
7.4779618922e-01 7.4779618922e-17 1.0000000000e-16 4.0000000000e+07 -1.5074972586e-38 8.5671744052e-38 3.4268697621e-14 1.2000000000e+08 5.6359184263e-01
7.9763028408e-01 7.9763028408e-17 1.0000000000e-16 4.0000000000e+07 -2.1972299467e-38 -2.6898555810e-37 -1.0759422324e-13 1.2000000000e+08 5.6359184263e-01
8.4746437894e-01 8.4746437894e-17 1.0000000000e-16 4.0000000000e+07 -2.7098162047e-38 1.9355639702e-37 7.7422558808e-14 1.2000000000e+08 5.6359184263e-01
8.9729847381e-01 8.9729847381e-17 1.0000000000e-16 4.0000000000e+07 -5.0013041974e-39 5.1181135292e-37 2.0472454117e-13 1.2000000000e+08 5.6359184263e-01
9.4713256867e-01 9.4713256867e-17 1.0000000000e-16 4.0000000000e+07 5.7950471573e-39 -1.5637884661e-37 -6.2551538645e-14 1.2000000000e+08 5.6359184263e-01
9.9696666354e-01 9.9696666354e-17 1.0000000000e-16 4.0000000000e+07 -1.4694747913e-38 -4.9079839571e-37 -1.9631935829e-13 1.2000000000e+08 5.6359184263e-01
1.0468007584e+00 1.0468007584e-16 1.0000000000e-16 4.0000000000e+07 -2.4765141179e-38 1.8255477584e-37 7.3021910334e-14 1.2000000000e+08 5.6359184263e-01
1.0966348533e+00 1.0966348533e-16 1.0000000000e-16 4.0000000000e+07 -3.8966407067e-39 4.2868560209e-37 1.7147424084e-13 1.2000000000e+08 5.6359184263e-01
1.1464689481e+00 1.1464689481e-16 1.0000000000e-16 4.0000000000e+07 -2.9190990016e-39 -4.4963085888e-37 -1.7985234355e-13 1.2000000000e+08 5.6359184263e-01
1.1963030430e+00 1.1963030430e-16 1.0000000000e-16 4.0000000000e+07 -3.5067409071e-38 -5.7128118881e-37 -2.2851247552e-13 1.2000000000e+08 5.6359184263e-01
1.2461371379e+00 1.2461371379e-16 1.0000000000e-16 4.0000000000e+07 -3.8760204677e-38 4.6701166197e-37 1.8680466479e-13 1.2000000000e+08 5.6359184263e-01
1.2959712327e+00 1.2959712327e-16 1.0000000000e-16 4.0000000000e+07 -1.7133898970e-39 7.7103778099e-37 3.0841511240e-13 1.2000000000e+08 5.6359184263e-01
1.3458053276e+00 1.3458053276e-16 1.0000000000e-16 4.0000000000e+07 1.8136585528e-38 -3.5146573263e-38 -1.4058629305e-14 1.2000000000e+08 5.6359184263e-01
1.3956394224e+00 1.3956394224e-16 1.0000000000e-16 4.0000000000e+07 4.3097153563e-39 -3.0486293609e-37 -1.2194517444e-13 1.2000000000e+08 5.6359184263e-01
1.4454735173e+00 1.4454735173e-16 1.0000000000e-16 4.0000000000e+07 1.1476444720e-38 8.2705500287e-37 3.3082200115e-13 1.2000000000e+08 5.6359184263e-01
1.4953076122e+00 1.4953076122e-16 1.0000000000e-16 4.0000000000e+07 1.2418395287e-37 4.4035755263e-36 1.7614302105e-12 1.2000000000e+08 5.6359184263e-01
1.5451417070e+00 1.5451417070e-16 1.0000000000e-16 4.0000000000e+07 6.3475736160e-37 1.7942447436e-35 7.1769789743e-12 1.2000000000e+08 5.6359184263e-01
1.5949758019e+00 1.5949758019e-16 1.0000000000e-16 4.0000000000e+07 2.4123390313e-36 3.5607314628e-35 1.4242925851e-11 1.2000000000e+08 5.6359184263e-01
1.6448098968e+00 1.6448098968e-16 1.0000000000e-16 4.0000000000e+07 -2.8516729209e-36 2.6524752724e-34 1.0609901090e-10 1.2000000000e+08 5.6359184263e-01
1.6946439916e+00 1.6946439916e-16 1.0000000000e-16 4.0000000000e+07 -8.0363550964e-36 2.7342807514e-33 1.0937123006e-09 1.2000000000e+08 5.6359184263e-01
1.7444780865e+00 1.7444780865e-16 1.0000000000e-16 4.0000000000e+07 4.1106448303e-33 1.6353862996e-31 6.5415451982e-08 1.2000000000e+08 5.6359184263e-01
1.7943121814e+00 1.7943121814e-16 1.0000000005e-16 4.0000000001e+07 5.3108974640e-32 3.5815421535e-30 1.4326168607e-06 1.2000000000e+08 5.6359184263e-01
1.8441462762e+00 1.8441462763e-16 1.0000000054e-16 4.0000000006e+07 5.6616498596e-31 2.3509436123e-29 9.4037743996e-06 1.2000000000e+08 5.6359184263e-01
1.8939803711e+00 1.8939803723e-16 1.0000000565e-16 4.0000000067e+07 7.9510006713e-30 3.8849151294e-28 1.5539659666e-04 1.2000000000e+08 5.6359184263e-01
1.9438144660e+00 1.9438144770e-16 1.0000004636e-16 4.0000000555e+07 6.5820508058e-29 2.7890914006e-27 1.1156360585e-03 1.2000000000e+08 5.6359184263e-01
1.9936485608e+00 1.9936486417e-16 1.0000030086e-16 4.0000003608e+07 5.4713813743e-28 2.0638284487e-26 8.2552897023e-03 1.1999999999e+08 5.6359184263e-01
2.0434826557e+00 2.0434831205e-16 1.0000153232e-16 4.0000018419e+07 2.8047223258e-27 8.5748377889e-26 3.4298841383e-02 1.2000000009e+08 5.6359184263e-01
2.0933167505e+00 2.0933189708e-16 1.0000653703e-16 4.0000078626e+07 1.3420198526e-26 4.0415816797e-25 1.6165301765e-01 1.2000000055e+08 5.6359184263e-01
2.1431508454e+00 2.1431595120e-16 1.0002152349e-16 4.0000259547e+07 4.7471329972e-26 9.4721810457e-25 3.7880816756e-01 1.2000000388e+08 5.6359184263e-01
2.1929849403e+00 2.1930116028e-16 1.0005443183e-16 4.0000651100e+07 9.8216204008e-26 9.8175368233e-25 3.9249422333e-01 1.1999999429e+08 5.6359184263e-01
2.2428190351e+00 2.2428878188e-16 1.0012195505e-16 4.0001479835e+07 1.7607560080e-25 2.8397754654e-24 1.1345685465e+00 1.2000005180e+08 5.6359184263e-01
2.2926531300e+00 2.2928077628e-16 1.0022135136e-16 4.0002610425e+07 2.7496266446e-25 -3.9970774307e-24 -1.5954038649e+00 1.1999987144e+08 5.6359184263e-01
2.3424872249e+00 2.3427815724e-16 1.0039631634e-16 4.0004733669e+07 -5.7117106973e-25 -1.5228269866e-23 -6.0679804046e+00 1.1999996182e+08 5.6359184263e-01
2.3923213197e+00 2.3931280537e-16 1.0220213949e-16 4.0026468290e+07 3.8583232858e-24 2.5677568244e-22 1.0056368450e+02 1.2000098749e+08 5.6359184263e-01
2.4421554146e+00 2.4455314308e-16 1.0917697855e-16 4.0105463184e+07 2.5479275020e-23 5.2079184665e-22 1.9130954629e+02 1.2000030861e+08 5.6359184263e-01
2.4919895095e+00 2.5030681347e-16 1.2260975677e-16 4.0245088809e+07 4.2732256616e-23 7.0253942691e-23 2.3059960621e+01 1.2000144648e+08 5.6359184263e-01
2.5418236043e+00 2.5685131318e-16 1.4051847402e-16 4.0408945179e+07 2.6487101533e-23 -7.9079586409e-22 -2.2740943454e+02 1.2000220542e+08 5.6359184263e-01
2.5916576992e+00 2.6437468847e-16 1.6196437527e-16 4.0578535675e+07 -4.8770685216e-23 -2.2979899856e-21 -5.7573814274e+02 1.1999966943e+08 5.6359184263e-01
2.6414917940e+00 2.7308906381e-16 1.8877939652e-16 4.0762846458e+07 -1.8902802699e-22 -3.0129180582e-21 -6.5057478975e+02 1.2000104727e+08 5.6359184263e-01
2.6913258889e+00 2.8334811231e-16 2.2456849848e-16 4.0971314229e+07 -3.2873973701e-22 -2.6690913495e-21 -4.8696135532e+02 1.2000146892e+08 5.6359184263e-01
2.7411599838e+00 2.9569383507e-16 2.7307844877e-16 4.1206070029e+07 -4.8983643723e-22 -4.2353326444e-21 -6.3908892966e+02 1.2000164053e+08 5.6359184263e-01
2.7909940786e+00 3.1088646575e-16 3.4012651841e-16 4.1470151692e+07 -7.7975244017e-22 -7.5203962313e-21 -9.1692930606e+02 1.2000339936e+08 5.6359184263e-01
2.8408281735e+00 3.3009050706e-16 4.3562189634e-16 4.1766004948e+07 -1.2625427693e-21 -1.2081741797e-20 -1.1583579520e+03 1.2000022870e+08 5.6359184263e-01
2.8906622684e+00 3.5499046536e-16 5.7104377723e-16 4.2091363949e+07 -1.9646640452e-21 -1.5334655094e-20 -1.1303100994e+03 1.2000173664e+08 5.6359184263e-01
2.9404963632e+00 3.8816894689e-16 7.7444745982e-16 4.2457952537e+07 -2.7901858233e-21 -1.9949222057e-20 -1.0936870055e+03 1.2000445725e+08 5.6359184263e-01
2.9903304581e+00 4.3410124099e-16 1.0874232091e-15 4.2864480310e+07 -4.4873574621e-21 -5.4897494382e-20 -2.1639712555e+03 1.2000225424e+08 5.6359184263e-01
3.0401645530e+00 4.9858401035e-16 1.5180304735e-15 4.3264486097e+07 -8.5264042390e-21 -1.0040836051e-19 -2.8616791252e+03 1.2000135237e+08 5.6359184263e-01
3.0899986478e+00 5.8927920044e-16 2.1963884944e-15 4.3710343948e+07 -1.2901309731e-20 -5.6826316441e-20 -1.1309009509e+03 1.2000841384e+08 5.6359184263e-01
3.1398327427e+00 7.3514580695e-16 3.9599350495e-15 4.4419427717e+07 -1.4124210383e-20 -3.3206048767e-20 -3.7247926154e+02 1.2001311045e+08 5.6359184263e-01
3.1896668376e+00 1.0300423689e-15 8.2862523785e-15 4.5301556913e+07 -3.0418852004e-20 -8.8503739886e-19 -4.8385651635e+03 1.2000248392e+08 5.6359184263e-01
3.2395009324e+00 1.5354844163e-15 1.0613762387e-14 4.5591715098e+07 -1.2040867141e-19 -2.4484462352e-18 -1.0517369725e+04 1.1998429492e+08 5.6359184263e-01
3.2893350273e+00 1.9304112280e-15 4.6810570333e-15 4.4607027792e+07 -2.1065766793e-19 -8.2776951655e-19 -7.8880341700e+03 1.1997766944e+08 5.6359184263e-01
3.3391691221e+00 2.0509478470e-15 9.7867681432e-16 4.2736652968e+07 -2.2160199704e-19 6.8226151744e-20 2.9792852224e+03 1.1999835889e+08 5.6359184263e-01
3.3890032170e+00 2.0759914240e-15 2.4339442260e-16 4.1072712572e+07 -2.1780596100e-19 5.8430759236e-20 9.8601675168e+03 1.2001548096e+08 5.6359184263e-01
3.4388373119e+00 2.0843022425e-15 1.2560712028e-16 4.0278590963e+07 -2.1580288958e-19 2.6889236344e-20 8.6226047507e+03 1.2001491405e+08 5.6359184263e-01
3.4886714067e+00 2.0902054352e-15 1.1994651318e-16 4.0219881679e+07 -2.1480914517e-19 1.5016533530e-20 5.0352710205e+03 1.2000486676e+08 5.6359184263e-01
3.5385055016e+00 2.0967529632e-15 1.4488551908e-16 4.0445213909e+07 -2.1422342996e-19 8.2186430678e-21 2.2942581083e+03 1.2000084710e+08 5.6359184263e-01
3.5883395965e+00 2.1046674365e-15 1.7120049727e-16 4.0646690633e+07 -2.1403150118e-19 6.0437502154e-22 1.4349166572e+02 1.2000440617e+08 5.6359184263e-01
3.6381736913e+00 2.1136478480e-15 1.8799596838e-16 4.0760117464e+07 -2.1378834064e-19 1.4521309402e-20 3.1484200541e+03 1.2000770562e+08 5.6359184263e-01
3.6880077862e+00 2.1234875787e-15 2.0989023632e-16 4.0892851877e+07 -2.1221578007e-19 4.7599120339e-20 9.2737223589e+03 1.2000926043e+08 5.6359184263e-01
3.7378418811e+00 2.1351182777e-15 2.6387934925e-16 4.1169487970e+07 -2.0965409388e-19 4.4783472794e-20 6.9869531272e+03 1.2001487417e+08 5.6359184263e-01
3.7876759759e+00 2.1506570883e-15 3.6887655940e-16 4.1570747143e+07 -2.0931102295e-19 -5.2854492058e-20 -5.9564661097e+03 1.2001269481e+08 5.6359184263e-01
3.8375100708e+00 2.1731403595e-15 5.4890365852e-16 4.2045808900e+07 -2.1814997497e-19 -3.4369581354e-19 -2.6326966985e+04 1.2000717432e+08 5.6359184263e-01
3.8873441656e+00 2.2078969431e-15 8.7911098158e-16 4.2611504168e+07 -2.4866456106e-19 -9.1605460690e-19 -4.4402203497e+04 1.2000855462e+08 5.6359184263e-01
3.9371782605e+00 2.2654403811e-15 1.4814334944e-15 4.3238924274e+07 -3.0999267931e-19 -1.5207373084e-18 -4.4386093310e+04 1.2001174633e+08 5.6359184263e-01
3.9870123554e+00 2.3623258702e-15 2.4849515858e-15 4.3862334196e+07 -4.0267831045e-19 -2.3456079576e-18 -4.1402754369e+04 1.2001900959e+08 5.6359184263e-01
4.0368464502e+00 2.5254789035e-15 4.2258890438e-15 4.4500064237e+07 -5.8794858926e-19 -5.8971715596e-18 -6.2099243614e+04 1.2002030547e+08 5.6359184263e-01
4.0866805451e+00 2.8090188831e-15 7.4705306468e-15 4.5184423244e+07 -1.1158895006e-18 -1.6601418618e-17 -1.0041127743e+05 1.2002196861e+08 5.6359184263e-01
4.1365146400e+00 3.3146620146e-15 1.3337354869e-14 4.5877384044e+07 -2.3238571104e-18 -3.1820084093e-17 -1.0945365348e+05 1.2001498071e+08 5.6359184263e-01
4.1863487348e+00 4.2049542805e-15 2.3176626575e-14 4.6540822413e+07 -4.3719164995e-18 -5.4206157178e-17 -1.0885100671e+05 1.2001565576e+08 5.6359184263e-01
4.2361828297e+00 5.7869833786e-15 4.3477271426e-14 4.7298453463e+07 -8.7764659565e-18 -1.4112398117e-16 -1.5352725314e+05 1.2002260504e+08 5.6359184263e-01
4.2860169246e+00 9.3346296498e-15 1.1386888298e-13 4.8450764421e+07 -2.2579072061e-17 -4.9815196491e-16 -2.1196171303e+05 1.2001500410e+08 5.6359184263e-01
4.3358510194e+00 2.0262761086e-14 3.7890932758e-13 4.9871153313e+07 -8.2365225068e-17 -2.3902467716e-15 -3.1459865072e+05 1.1996214698e+08 5.6359184263e-01
4.3856851143e+00 5.7720666855e-14 1.3464496777e-12 5.1369137223e+07 -3.6743738102e-16 -1.1146868398e-14 -4.2527026581e+05 1.1991009225e+08 5.6359184263e-01
4.4355192092e+00 2.8069206611e-13 1.3039462797e-11 5.4095682640e+07 -2.4184465852e-15 -1.2060655716e-13 -5.0034991025e+05 1.1992011017e+08 5.6359184263e-01
4.4853533040e+00 1.1600345802e-11 1.1897036492e-09 5.9528416522e+07 -1.0824813120e-13 -1.1888025522e-11 -5.9483328927e+05 1.1996205270e+08 5.6359184264e-01
4.5351873989e+00 7.7160943098e-08 2.1522650288e-05 7.1179744650e+07 -1.0706435811e-09 -2.9964739461e-07 -9.9099435932e+05 1.1978558762e+08 5.6359184415e-01
4.5850214937e+00 2.7069669424e-02 2.3560922383e+00 8.1996418792e+07 -4.0042656512e-04 -3.7199042040e-02 -1.2945962727e+06 1.2051917314e+08 5.3293733319e-01
4.6348555886e+00 2.8916658129e-01 7.4255877905e+00 5.5864583454e+07 -4.8689650755e-03 -1.1995719822e-01 -9.0246847789e+05 1.2132316424e+08 3.0096548040e-01
4.6846896835e+00 6.4941950258e-01 6.1899168593e+00 3.6478159460e+07 -1.0293808482e-02 -7.9031251314e-02 -4.6574366882e+05 1.1884452317e+08 1.5013366673e-01
4.7345237783e+00 8.9366764619e-01 3.9115003409e+00 3.0408168122e+07 -1.0875294665e-02 3.2223800239e-02 2.5050917801e+05 1.1797924102e+08 1.0581929732e-01
4.7843578732e+00 1.0616964523e+00 3.0428148748e+00 2.8526185372e+07 -1.0091809437e-02 -1.1307998911e-03 -1.0601173137e+04 1.1914688385e+08 9.0076300890e-02
4.8341919681e+00 1.2077097177e+00 2.8309343519e+00 2.7702116402e+07 -1.0558064478e-02 -2.0881337622e-02 -2.0433439054e+05 1.2028022182e+08 8.1721142665e-02
4.8840260629e+00 1.3395236950e+00 2.4565362816e+00 2.7045641913e+07 -1.2609626312e-02 -6.2748194519e-02 -6.9083661103e+05 1.2066334690e+08 7.7050481421e-02
4.9338601578e+00 1.4570000706e+00 2.3016691029e+00 2.6710601207e+07 -1.5595816815e-02 -3.8350157858e-02 -4.4504910437e+05 1.2077381410e+08 7.4689630261e-02
4.9836942527e+00 1.5697828936e+00 2.2062972385e+00 2.6493114755e+07 -1.6286562135e-02 -3.4103042922e-03 -4.0950775528e+04 1.2079999995e+08 7.3239837027e-02
5.0335283475e+00 1.6758172501e+00 2.0519230417e+00 2.6314160706e+07 -1.6909583893e-02 -2.3340542921e-02 -2.9932253057e+05 1.2075785202e+08 7.2577212533e-02
5.0833624424e+00 1.7752691513e+00 1.9396169115e+00 2.6218684975e+07 -1.8214847909e-02 -2.2146890980e-02 -2.9936960971e+05 1.2069123548e+08 7.2471716321e-02
5.1331965372e+00 1.8677621580e+00 1.7665624605e+00 2.6121969877e+07 -1.8826935017e-02 -5.3305545250e-03 -7.8822338775e+04 1.2056709829e+08 7.2818095544e-02
5.1830306321e+00 1.9520673220e+00 1.6316110693e+00 2.6103275197e+07 -1.9155772499e-02 -1.0431177756e-02 -1.6688284892e+05 1.2049612799e+08 7.3590165176e-02
5.2328647270e+00 2.0317703026e+00 1.5749423006e+00 2.6166073418e+07 -1.9807604502e-02 -1.2651672823e-02 -2.1019474797e+05 1.2048042728e+08 7.4495644581e-02
5.2826988218e+00 2.1089164228e+00 1.5192858243e+00 2.6226603506e+07 -2.0240468808e-02 -5.5287029637e-03 -9.5438987327e+04 1.2045447425e+08 7.5399529621e-02
5.3325329167e+00 2.1828221335e+00 1.4452357390e+00 2.6279101598e+07 -2.0456738081e-02 -3.5514063036e-03 -6.4576154982e+04 1.2044286779e+08 7.6355798743e-02
5.3823670116e+00 2.2534465047e+00 1.3996123723e+00 2.6356699000e+07 -2.0623160137e-02 -3.1685798713e-03 -5.9668882310e+04 1.2041761738e+08 7.7366543345e-02
5.4322011064e+00 2.3218183046e+00 1.3256227812e+00 2.6398786950e+07 -2.0793607246e-02 -4.1194725245e-03 -8.2036216538e+04 1.2035824247e+08 7.8368390821e-02
5.4820352013e+00 2.3852828543e+00 1.2458845720e+00 2.6464130919e+07 -2.1011029728e-02 -3.8691990702e-03 -8.2186578956e+04 1.2034622834e+08 7.9554235075e-02
5.5318692962e+00 2.4477648322e+00 1.2543273797e+00 2.6610138281e+07 -2.1179310643e-02 -3.7534761190e-03 -7.9628747784e+04 1.2038298348e+08 8.0631204346e-02
5.5817033910e+00 2.5094148682e+00 1.2232119570e+00 2.6695052820e+07 -2.1410622033e-02 -4.8266837483e-03 -1.0533626398e+05 1.2036783543e+08 8.1616212519e-02
5.6315374859e+00 2.5698258539e+00 1.1962954711e+00 2.6766865785e+07 -2.1621080542e-02 -3.9237858581e-03 -8.7793903741e+04 1.2030336857e+08 8.2553803092e-02
5.6813715808e+00 2.6282322585e+00 1.1504616990e+00 2.6833791818e+07 -2.1836476369e-02 -4.6304740028e-03 -1.0800287877e+05 1.2029562365e+08 8.3515997526e-02
5.7312056756e+00 2.6851160342e+00 1.1328807675e+00 2.6937880945e+07 -2.2051650109e-02 -4.0651921466e-03 -9.6663007445e+04 1.2033245514e+08 8.4466032429e-02
5.7810397705e+00 2.7400977113e+00 1.0612637147e+00 2.6974556163e+07 -2.2298363076e-02 -6.4593648514e-03 -1.6418021039e+05 1.2032212605e+08 8.5446670474e-02
5.8308738653e+00 2.7905032499e+00 9.6763274232e-01 2.7002266305e+07 -2.2742758427e-02 -1.1671964047e-02 -3.2571188193e+05 1.2028755109e+08 8.6678167833e-02
5.8807079602e+00 2.8367839568e+00 8.8278537338e-01 2.7056985779e+07 -2.3460763739e-02 -1.6689043635e-02 -5.1151189168e+05 1.2026944654e+08 8.8108629322e-02
5.9305420551e+00 2.8776180004e+00 7.5854063335e-01 2.7079986390e+07 -2.4372438423e-02 -1.9869185412e-02 -7.0933216612e+05 1.2027147348e+08 8.9850454939e-02
5.9803761499e+00 2.9130761593e+00 6.7046960233e-01 2.7170840178e+07 -2.5442715128e-02 -2.2813191222e-02 -9.2450660030e+05 1.2027148323e+08 9.1892402789e-02
6.0302102448e+00 2.9452412669e+00 6.3326098617e-01 2.7356533677e+07 -2.6614973311e-02 -2.4050681897e-02 -1.0389765099e+06 1.2026219718e+08 9.4056699525e-02
6.0800443397e+00 2.9770346059e+00 6.4466818543e-01 2.7621636533e+07 -2.7813769894e-02 -2.3560364352e-02 -1.0094740758e+06 1.2025426759e+08 9.6086324340e-02
6.1298784345e+00 3.0095279091e+00 6.6025226374e-01 2.7874171805e+07 -2.8908654851e-02 -2.0012949476e-02 -8.4489584156e+05 1.2025945547e+08 9.7891368717e-02
6.1797125294e+00 3.0431287224e+00 6.9114347604e-01 2.8120118790e+07 -2.9797460441e-02 -1.5793386377e-02 -6.4257555259e+05 1.2025640900e+08 9.9440048006e-02
6.2295466243e+00 3.0784581129e+00 7.2557239854e-01 2.8327126529e+07 -3.0483187473e-02 -1.1570364270e-02 -4.5171946084e+05 1.2023934285e+08 1.0067724927e-01
6.2793807191e+00 3.1152113900e+00 7.4345312617e-01 2.8475884744e+07 -3.0922434742e-02 -5.8503457417e-03 -2.2408106872e+05 1.2023730271e+08 1.0165224188e-01
6.3292148140e+00 3.1522272417e+00 7.4757460516e-01 2.8585779163e+07 -3.1055642167e-02 4.3382442804e-04 1.6588590905e+04 1.2023252584e+08 1.0251280195e-01
6.3790489088e+00 3.1905972272e+00 7.9495475516e-01 2.8732877874e+07 -3.0878386592e-02 6.6365704917e-03 2.3987248105e+05 1.2022779868e+08 1.0313708659e-01
6.4288830037e+00 3.2311107493e+00 8.2674340387e-01 2.8814975243e+07 -3.0402220246e-02 1.2339959299e-02 4.3009187620e+05 1.2022411349e+08 1.0345148111e-01
6.4787170986e+00 3.2727243212e+00 8.3892682126e-01 2.8845710827e+07 -2.9650295040e-02 1.7726823285e-02 6.0952016959e+05 1.2021475003e+08 1.0360474696e-01
6.5285511934e+00 3.3144369263e+00 8.3858556898e-01 2.8858165663e+07 -2.8648153583e-02 2.2448337958e-02 7.7251252539e+05 1.2022090683e+08 1.0373113865e-01
6.5783852883e+00 3.3570901857e+00 8.7853507541e-01 2.8909961528e+07 -2.7391500828e-02 2.8136668420e-02 9.2589359755e+05 1.2022204951e+08 1.0372861056e-01
6.6282193832e+00 3.4019033936e+00 9.1499290685e-01 2.8918703889e+07 -2.5857679240e-02 3.2983482092e-02 1.0424556788e+06 1.2020215170e+08 1.0346497791e-01
6.6780534780e+00 3.4478700868e+00 9.2667888215e-01 2.8882763532e+07 -2.4138205163e-02 3.5779543177e-02 1.1151781969e+06 1.2018698453e+08 1.0309105451e-01
6.7278875729e+00 3.4943091566e+00 9.4237984801e-01 2.8853651367e+07 -2.2305818350e-02 3.7681488606e-02 1.1537264273e+06 1.2018311456e+08 1.0270048549e-01
6.7777216678e+00 3.5425239323e+00 9.9703201230e-01 2.8855046541e+07 -2.0379042200e-02 3.9721575217e-02 1.1495798404e+06 1.2018655394e+08 1.0213856056e-01
6.8275557626e+00 3.5936526611e+00 1.0510393905e+00 2.8816823930e+07 -1.8342760036e-02 4.1928289594e-02 1.1495669428e+06 1.2018469567e+08 1.0129562186e-01
6.8773898575e+00 3.6469908282e+00 1.0866121990e+00 2.8735998301e+07 -1.6215530319e-02 4.3144169257e-02 1.1409689452e+06 1.2018013115e+08 1.0029660114e-01
6.9272239524e+00 3.7015961155e+00 1.1024216691e+00 2.8631872741e+07 -1.4085969187e-02 4.1898484070e-02 1.0881789587e+06 1.2017617518e+08 9.9278091883e-02
6.9770580472e+00 3.7571619175e+00 1.1350121906e+00 2.8549970301e+07 -1.2054512180e-02 3.9819272832e-02 1.0016095564e+06 1.2017584751e+08 9.8280767188e-02
7.0268921421e+00 3.8154956303e+00 1.2105981715e+00 2.8486084317e+07 -1.0086881226e-02 3.9427022140e-02 9.2774093294e+05 1.2016548387e+08 9.7103691343e-02
7.0767262369e+00 3.8780292389e+00 1.2985344580e+00 2.8393536456e+07 -8.1161815226e-03 3.9514428562e-02 8.6401586110e+05 1.2015829570e+08 9.5629172978e-02
7.1265603318e+00 3.9448088275e+00 1.3785837311e+00 2.8262048194e+07 -6.1819380979e-03 3.7746477484e-02 7.7383240620e+05 1.2015647793e+08 9.3918890086e-02
7.1763944267e+00 4.0152467482e+00 1.4473654352e+00 2.8103268404e+07 -4.3724494780e-03 3.4960109949e-02 6.7881498995e+05 1.2015335783e+08 9.2097175633e-02
7.2262285215e+00 4.0891713709e+00 1.5207269233e+00 2.7938484267e+07 -2.6930523608e-03 3.2140297585e-02 5.9047497918e+05 1.2014883814e+08 9.0224137638e-02
7.2760626164e+00 4.1669438201e+00 1.5990836759e+00 2.7770520820e+07 -1.2767281963e-03 2.2983363330e-02 3.9914107028e+05 1.2014706680e+08 8.8300097848e-02
7.3258967113e+00 4.2482241577e+00 1.6590693617e+00 2.7586945194e+07 -6.1238103372e-04 1.7131985530e-03 2.8487003425e+04 1.2013932245e+08 8.6396468622e-02
7.3757308061e+00 4.3324373264e+00 1.7276853245e+00 2.7412136655e+07 -1.3108796250e-03 -3.1407093839e-02 -4.9831733594e+05 1.2013310899e+08 8.4584159458e-02
7.4255649010e+00 4.4217775779e+00 1.8755726399e+00 2.7268074044e+07 -3.9058061156e-03 -7.3476737419e-02 -1.0682439452e+06 1.2014281287e+08 8.2674130180e-02
7.4753989959e+00 4.5214925639e+00 2.1429940524e+00 2.7129619195e+07 -8.6460394046e-03 -1.1518059800e-01 -1.4581495263e+06 1.2016370869e+08 8.0290917603e-02
7.5252330907e+00 4.6363915404e+00 2.4659183168e+00 2.6934231418e+07 -1.5094776768e-02 -1.3899937734e-01 -1.5182341486e+06 1.2017807925e+08 7.7259766361e-02
7.5750671856e+00 4.7664337780e+00 2.7341369324e+00 2.6667080445e+07 -2.1988722537e-02 -1.3255569666e-01 -1.2928662732e+06 1.2017813503e+08 7.3912995882e-02
7.6249012804e+00 4.9065262360e+00 2.8595321651e+00 2.6365031586e+07 -2.7874055555e-02 -1.0088209490e-01 -9.3013803127e+05 1.2016692562e+08 7.0856441811e-02
7.6747353753e+00 5.0489454077e+00 2.8360253395e+00 2.6088074317e+07 -3.1906313905e-02 -6.1480849585e-02 -5.6555100221e+05 1.2015505949e+08 6.8579166703e-02
7.7245694702e+00 5.1875584139e+00 2.7152621038e+00 2.5871020537e+07 -3.4143339552e-02 -3.0864166503e-02 -2.9407381496e+05 1.2013985605e+08 6.7204719900e-02
7.7744035650e+00 5.3187412847e+00 2.5469255524e+00 2.5723795133e+07 -3.5235302685e-02 -1.5402935981e-02 -1.5556872843e+05 1.2013020890e+08 6.6631012061e-02
7.8242376599e+00 5.4412956687e+00 2.3742971237e+00 2.5641972622e+07 -3.5849839195e-02 -1.0459621991e-02 -1.1296199539e+05 1.2012353740e+08 6.6664737652e-02
7.8740717548e+00 5.5557192138e+00 2.2239570793e+00 2.5617148912e+07 -3.6354271413e-02 -1.0238128844e-02 -1.1793018562e+05 1.2012804751e+08 6.7106190711e-02
7.9239058496e+00 5.6633958616e+00 2.1019325594e+00 2.5631786932e+07 -3.6885678612e-02 -1.0972452689e-02 -1.3380237544e+05 1.2013288280e+08 6.7785378209e-02
7.9737399445e+00 5.7654816917e+00 1.9980641261e+00 2.5668373929e+07 -3.7425432576e-02 -1.0483274056e-02 -1.3467465581e+05 1.2013289053e+08 6.8597304642e-02
8.0235740394e+00 5.8626765338e+00 1.9046011133e+00 2.5717685409e+07 -3.7921302255e-02 -9.4502818509e-03 -1.2760644419e+05 1.2013196363e+08 6.9488566239e-02
8.0734081342e+00 5.9555155340e+00 1.8249630678e+00 2.5778950032e+07 -3.8376963666e-02 -8.9691798868e-03 -1.2669628455e+05 1.2013153007e+08 7.0426552634e-02
8.1232422291e+00 6.0448098619e+00 1.7606441024e+00 2.5848965563e+07 -3.8826328746e-02 -9.1510140098e-03 -1.3435097171e+05 1.2013083577e+08 7.1369667019e-02
8.1730763240e+00 6.1311097955e+00 1.7047241456e+00 2.5921631070e+07 -3.9295143921e-02 -9.6723175810e-03 -1.4707496728e+05 1.2013101318e+08 7.2297418788e-02
8.2229104188e+00 6.2148145199e+00 1.6549733019e+00 2.5992976469e+07 -3.9782870092e-02 -9.7551563005e-03 -1.5321428320e+05 1.2012446399e+08 7.3199422953e-02
8.2727445137e+00 6.2959942116e+00 1.6031739865e+00 2.6060005986e+07 -4.0257351878e-02 -9.3245618887e-03 -1.5157315468e+05 1.2011875971e+08 7.4085600666e-02
8.3225786085e+00 6.3746540226e+00 1.5550023590e+00 2.6129163119e+07 -4.0730869519e-02 -9.9252361501e-03 -1.6677666941e+05 1.2011904583e+08 7.4966584940e-02
8.3724127034e+00 6.4510171598e+00 1.5098464344e+00 2.6198359954e+07 -4.1261081908e-02 -1.1328833761e-02 -1.9657420647e+05 1.2011990544e+08 7.5837367344e-02
8.4222467983e+00 6.5251251596e+00 1.4654263645e+00 2.6267135681e+07 -4.1849142398e-02 -1.2155245747e-02 -2.1787753858e+05 1.2012271600e+08 7.6704735010e-02
8.4720808931e+00 6.5972581984e+00 1.4321717184e+00 2.6342393685e+07 -4.2471849469e-02 -1.2936288065e-02 -2.3794129479e+05 1.2012526104e+08 7.7557313453e-02
8.5219149880e+00 6.6680107898e+00 1.4075014845e+00 2.6418372734e+07 -4.3155530429e-02 -1.4666461928e-02 -2.7528500833e+05 1.2012672407e+08 7.8363460327e-02
8.5717490829e+00 6.7374497375e+00 1.3787499468e+00 2.6486833274e+07 -4.3946309805e-02 -1.7120037391e-02 -3.2888891643e+05 1.2013391681e+08 7.9131241676e-02
8.6215831777e+00 6.8054074149e+00 1.3486509985e+00 2.6549529100e+07 -4.4866803876e-02 -1.9849002326e-02 -3.9074724704e+05 1.2013272881e+08 7.9882595037e-02
8.6714172726e+00 6.8717506599e+00 1.3121091812e+00 2.6603809163e+07 -4.5928437617e-02 -2.2731826926e-02 -4.6090157290e+05 1.2012386932e+08 8.0634441233e-02
8.7212513675e+00 6.9359679045e+00 1.2640497181e+00 2.6653016713e+07 -4.7127533546e-02 -2.5303999484e-02 -5.3354540687e+05 1.2012319657e+08 8.1429558027e-02
8.7710854623e+00 6.9976887100e+00 1.2136335664e+00 2.6706773550e+07 -4.8447199118e-02 -2.7637090806e-02 -6.0817164766e+05 1.2012426368e+08 8.2295113689e-02
8.8209195572e+00 7.0569360149e+00 1.1641977760e+00 2.6766091725e+07 -4.9880827866e-02 -2.9839056079e-02 -6.8603026774e+05 1.2012058619e+08 8.3226826581e-02
8.8707536520e+00 7.1136420530e+00 1.1109379508e+00 2.6828880172e+07 -5.1415685325e-02 -3.1684702756e-02 -7.6517783276e+05 1.2012360021e+08 8.4229525907e-02
8.9205877469e+00 7.1675302258e+00 1.0509525464e+00 2.6892314653e+07 -5.3030801618e-02 -3.3006934468e-02 -8.4459842688e+05 1.2012715733e+08 8.5325359288e-02
8.9704218418e+00 7.2182966661e+00 9.8653107736e-01 2.6959530992e+07 -5.4690829123e-02 -3.3450969839e-02 -9.1413486991e+05 1.2012586492e+08 8.6538381206e-02
9.0202559366e+00 7.2657991985e+00 9.1947492805e-01 2.7034388801e+07 -5.6347858542e-02 -3.2871096889e-02 -9.6647552479e+05 1.2012611427e+08 8.7879918075e-02
9.0700900315e+00 7.3098110974e+00 8.4628585478e-01 2.7113460139e+07 -5.7948195712e-02 -3.1197899833e-02 -9.9952398915e+05 1.2012977395e+08 8.9370811820e-02
9.1199241264e+00 7.3500641320e+00 7.6936212835e-01 2.7198082491e+07 -5.9444717561e-02 -2.8807570714e-02 -1.0183899828e+06 1.2012819604e+08 9.1037349903e-02
9.1697582212e+00 7.3864711760e+00 6.9250452062e-01 2.7292828916e+07 -6.0815440092e-02 -2.6201017457e-02 -1.0326284747e+06 1.2012346598e+08 9.2892325400e-02
9.2195923161e+00 7.4191149843e+00 6.1868378943e-01 2.7402629093e+07 -6.2052890098e-02 -2.3448651794e-02 -1.0385833908e+06 1.2012308644e+08 9.4936576489e-02
9.2694264110e+00 7.4481944910e+00 5.4972523310e-01 2.7527351157e+07 -6.3150806266e-02 -2.0652169457e-02 -1.0341521301e+06 1.2011895942e+08 9.7163508782e-02
9.3192605058e+00 7.4739783882e+00 4.8603250303e-01 2.7667012967e+07 -6.4114684914e-02 -1.8085020740e-02 -1.0294753956e+06 1.2011588512e+08 9.9562364352e-02
9.3690946007e+00 7.4966102713e+00 4.2184760687e-01 2.7807383656e+07 -6.4953028108e-02 -1.5539289964e-02 -1.0243201354e+06 1.2012067588e+08 1.0213690328e-01
9.4189286956e+00 7.5159046574e+00 3.5219399087e-01 2.7928007669e+07 -6.5657453933e-02 -1.2706379611e-02 -1.0075806982e+06 1.2012822002e+08 1.0492701077e-01
9.4687627904e+00 7.5317080957e+00 2.8344788665e-01 2.8034709189e+07 -6.6218556901e-02 -9.8687010116e-03 -9.7607417789e+05 1.2013183045e+08 1.0797184377e-01
9.5185968853e+00 7.5442778349e+00 2.2283367828e-01 2.8142617611e+07 -6.6646570780e-02 -7.3973828624e-03 -9.3424709775e+05 1.2013074862e+08 1.1126779955e-01
9.5684309801e+00 7.5540340382e+00 1.7027577927e-01 2.8243956216e+07 -6.6963118968e-02 -5.4014690111e-03 -8.9595158458e+05 1.2013123334e+08 1.1479140034e-01
9.6182650750e+00 7.5613704777e+00 1.2592986824e-01 2.8328675549e+07 -6.7192718868e-02 -3.9011755695e-03 -8.7759273088e+05 1.2013692278e+08 1.1849821587e-01
9.6680991699e+00 7.5667467339e+00 9.1990585916e-02 2.8392500575e+07 -6.7359038853e-02 -2.8517425217e-03 -8.8017812237e+05 1.2014600860e+08 1.2215059454e-01
9.7179332647e+00 7.5707282323e+00 6.9680476648e-02 2.8430972018e+07 -6.7483290570e-02 -2.1931905293e-03 -8.9486383513e+05 1.2015021244e+08 1.2523973362e-01
9.7677673596e+00 7.5738233584e+00 5.5640087557e-02 2.8455776495e+07 -6.7581481620e-02 -1.7777654482e-03 -9.0919512308e+05 1.2014835164e+08 1.2770048156e-01
9.8176014545e+00 7.5763462031e+00 4.6214905645e-02 2.8474157907e+07 -6.7662347001e-02 -1.4835123135e-03 -9.1402899741e+05 1.2014456238e+08 1.2971601513e-01
9.8674355493e+00 7.5784688003e+00 3.9341001682e-02 2.8484439236e+07 -6.7730450500e-02 -1.2620421382e-03 -9.1376836027e+05 1.2014184883e+08 1.3141564302e-01
