# TPV104 station: x2_12_x3_3 (along_strike=12000, down_dip=3000)
# Columns (SCEC TPV104 trace layout): t  h-slip  h-slip-rate  h-shear-stress  v-slip  v-slip-rate  v-shear-stress  n-stress  psi
# BP5 convention: h = strike = component 2, v = dip = component 1.  TPV104 is pure strike-slip so v-slip / v-slip-rate / v-shear-stress ≈ 0.
0.0000000000e+00 0.0000000000e+00 1.0000000000e-16 4.0000000000e+07 0.0000000000e+00 0.0000000000e+00 0.0000000000e+00 1.2000000000e+08 5.6359184263e-01
2.8476625637e-04 2.8476625637e-20 1.0000000000e-16 4.0000000000e+07 0.0000000000e+00 0.0000000000e+00 0.0000000000e+00 1.2000000000e+08 5.6359184263e-01
5.0118861120e-02 5.0118861120e-18 1.0000000000e-16 4.0000000000e+07 -8.1970493256e-37 -8.8998259914e-36 -3.5599303966e-12 1.2000000000e+08 5.6359184263e-01
9.9952955984e-02 9.9952955984e-18 1.0000000000e-16 4.0000000000e+07 -4.2709887256e-37 8.9364494422e-36 3.5745797769e-12 1.2000000000e+08 5.6359184263e-01
1.4978705085e-01 1.4978705085e-17 1.0000000000e-16 4.0000000000e+07 -8.4534463379e-38 4.2505246808e-36 1.7002098723e-12 1.2000000000e+08 5.6359184263e-01
1.9962114571e-01 1.9962114571e-17 1.0000000000e-16 4.0000000000e+07 -7.0848599654e-38 -2.1076317234e-36 -8.4305268937e-13 1.2000000000e+08 5.6359184263e-01
2.4945524058e-01 2.4945524058e-17 1.0000000000e-16 4.0000000000e+07 -5.6117467136e-38 2.8438973509e-36 1.1375589404e-12 1.2000000000e+08 5.6359184263e-01
2.9928933544e-01 2.9928933544e-17 1.0000000000e-16 4.0000000000e+07 6.4021351131e-38 7.2773952730e-37 2.9109581092e-13 1.2000000000e+08 5.6359184263e-01
3.4912343030e-01 3.4912343030e-17 1.0000000000e-16 4.0000000000e+07 -1.2075732243e-39 -2.6632988758e-36 -1.0653195503e-12 1.2000000000e+08 5.6359184263e-01
3.9895752517e-01 3.9895752517e-17 1.0000000000e-16 4.0000000000e+07 -7.7118728344e-38 5.2522705800e-37 2.1009082320e-13 1.2000000000e+08 5.6359184263e-01
4.4879162003e-01 4.4879162003e-17 1.0000000000e-16 4.0000000000e+07 3.8125930838e-39 1.4228384449e-36 5.6913537797e-13 1.2000000000e+08 5.6359184263e-01
4.9862571490e-01 4.9862571490e-17 1.0000000000e-16 4.0000000000e+07 4.2454093359e-41 -1.2019513344e-36 -4.8078053378e-13 1.2000000000e+08 5.6359184263e-01
5.4845980976e-01 5.4845980976e-17 1.0000000000e-16 4.0000000000e+07 -3.9717914577e-38 5.0391656668e-38 2.0156662667e-14 1.2000000000e+08 5.6359184263e-01
5.9829390462e-01 5.9829390462e-17 1.0000000000e-16 4.0000000000e+07 -2.3596272861e-38 -3.2072422361e-38 -1.2828968944e-14 1.2000000000e+08 5.6359184263e-01
6.4812799949e-01 6.4812799949e-17 1.0000000000e-16 4.0000000000e+07 -6.0957400286e-38 -1.0582233386e-36 -4.2328933544e-13 1.2000000000e+08 5.6359184263e-01
6.9796209435e-01 6.9796209435e-17 1.0000000000e-16 4.0000000000e+07 -7.9846061992e-38 4.5535289923e-37 1.8214115969e-13 1.2000000000e+08 5.6359184263e-01
7.4779618922e-01 7.4779618922e-17 1.0000000000e-16 4.0000000000e+07 -4.3414261188e-38 5.3354366939e-37 2.1341746776e-13 1.2000000000e+08 5.6359184263e-01
7.9763028408e-01 7.9763028408e-17 1.0000000000e-16 4.0000000000e+07 -4.8512729234e-38 -5.7199336389e-37 -2.2879734556e-13 1.2000000000e+08 5.6359184263e-01
8.4746437894e-01 8.4746437894e-17 1.0000000000e-16 4.0000000000e+07 -6.8585385243e-38 -2.8140394721e-38 -1.1256157888e-14 1.2000000000e+08 5.6359184263e-01
8.9729847381e-01 8.9729847381e-17 1.0000000000e-16 4.0000000000e+07 -5.7931231720e-38 2.3677255360e-37 9.4709021438e-14 1.2000000000e+08 5.6359184263e-01
9.4713256867e-01 9.4713256867e-17 1.0000000000e-16 4.0000000000e+07 -5.4467141086e-38 -3.6579624947e-39 -1.4631849979e-15 1.2000000000e+08 5.6359184263e-01
9.9696666354e-01 9.9696666354e-17 1.0000000000e-16 4.0000000000e+07 -4.4298659763e-38 4.3898245387e-37 1.7559298155e-13 1.2000000000e+08 5.6359184263e-01
1.0468007584e+00 1.0468007584e-16 1.0000000000e-16 4.0000000000e+07 -2.7913227184e-38 -5.8880204516e-38 -2.3552081806e-14 1.2000000000e+08 5.6359184263e-01
1.0966348533e+00 1.0966348533e-16 1.0000000000e-16 4.0000000000e+07 -6.2741815783e-38 -1.1741769542e-36 -4.6967078167e-13 1.2000000000e+08 5.6359184263e-01
1.1464689481e+00 1.1464689481e-16 1.0000000000e-16 4.0000000000e+07 -1.0849358484e-37 -2.9611842573e-37 -1.1844737029e-13 1.2000000000e+08 5.6359184263e-01
1.1963030430e+00 1.1963030430e-16 1.0000000000e-16 4.0000000000e+07 -8.3464283969e-38 1.0332623946e-36 4.1330495784e-13 1.2000000000e+08 5.6359184263e-01
1.2461371379e+00 1.2461371379e-16 1.0000000000e-16 4.0000000000e+07 -4.8832915892e-38 -3.8915138615e-38 -1.5566055446e-14 1.2000000000e+08 5.6359184263e-01
1.2959712327e+00 1.2959712327e-16 1.0000000000e-16 4.0000000000e+07 -1.0138505727e-37 -1.9105058974e-36 -7.6420235894e-13 1.2000000000e+08 5.6359184263e-01
1.3458053276e+00 1.3458053276e-16 1.0000000000e-16 4.0000000000e+07 -2.1243652320e-37 -2.3087484338e-36 -9.2349937350e-13 1.2000000000e+08 5.6359184263e-01
1.3956394224e+00 1.3956394224e-16 1.0000000000e-16 4.0000000000e+07 -3.2663290939e-37 -2.4097867381e-36 -9.6391469523e-13 1.2000000000e+08 5.6359184263e-01
1.4454735173e+00 1.4454735173e-16 1.0000000000e-16 4.0000000000e+07 -4.7402143723e-37 -3.6935421306e-36 -1.4774168522e-12 1.2000000000e+08 5.6359184263e-01
1.4953076122e+00 1.4953076122e-16 1.0000000000e-16 4.0000000000e+07 -7.0422348714e-37 -5.5178624016e-36 -2.2071449607e-12 1.2000000000e+08 5.6359184263e-01
1.5451417070e+00 1.5451417070e-16 1.0000000000e-16 4.0000000000e+07 -1.0188282354e-36 -7.0661824738e-36 -2.8264729895e-12 1.2000000000e+08 5.6359184263e-01
1.5949758019e+00 1.5949758019e-16 1.0000000000e-16 4.0000000000e+07 -1.4131682954e-36 -8.8560436072e-36 -3.5424174429e-12 1.2000000000e+08 5.6359184263e-01
1.6448098968e+00 1.6448098968e-16 1.0000000000e-16 4.0000000000e+07 -1.9123537620e-36 -1.1210518582e-35 -4.4842074327e-12 1.2000000000e+08 5.6359184263e-01
1.6946439916e+00 1.6946439916e-16 1.0000000000e-16 4.0000000000e+07 -2.5258223018e-36 -1.3259313162e-35 -5.3037252649e-12 1.2000000000e+08 5.6359184263e-01
1.7444780865e+00 1.7444780865e-16 1.0000000000e-16 4.0000000000e+07 -3.2202325892e-36 -1.4533199639e-35 -5.8132798554e-12 1.2000000000e+08 5.6359184263e-01
1.7943121814e+00 1.7943121814e-16 1.0000000000e-16 4.0000000000e+07 -3.9825857841e-36 -1.6274627860e-35 -6.5098511438e-12 1.2000000000e+08 5.6359184263e-01
1.8441462762e+00 1.8441462762e-16 1.0000000000e-16 4.0000000000e+07 -4.8702872245e-36 -1.9566730644e-35 -7.8266922577e-12 1.2000000000e+08 5.6359184263e-01
1.8939803711e+00 1.8939803711e-16 1.0000000000e-16 4.0000000000e+07 -5.9428310286e-36 -2.3387668836e-35 -9.3550675342e-12 1.2000000000e+08 5.6359184263e-01
1.9438144660e+00 1.9438144660e-16 1.0000000000e-16 4.0000000000e+07 -7.1879441260e-36 -2.6461176988e-35 -1.0584470795e-11 1.2000000000e+08 5.6359184263e-01
1.9936485608e+00 1.9936485608e-16 1.0000000000e-16 4.0000000000e+07 -8.5779847230e-36 -2.9701518080e-35 -1.1880607232e-11 1.2000000000e+08 5.6359184263e-01
2.0434826557e+00 2.0434826557e-16 1.0000000000e-16 4.0000000000e+07 -1.0314114677e-35 -3.5715304504e-35 -1.4286121802e-11 1.2000000000e+08 5.6359184263e-01
2.0933167505e+00 2.0933167505e-16 1.0000000000e-16 4.0000000000e+07 -1.3358321060e-35 -1.9637089254e-34 -7.8548357015e-11 1.2000000000e+08 5.6359184263e-01
2.1431508454e+00 2.1431508454e-16 1.0000000000e-16 4.0000000000e+07 -8.6087527030e-36 1.1573106090e-33 4.6292424359e-10 1.2000000000e+08 5.6359184263e-01
2.1929849403e+00 2.1929849403e-16 1.0000000000e-16 4.0000000000e+07 -1.8951888320e-34 -1.0953067649e-32 -4.3812270595e-09 1.2000000000e+08 5.6359184263e-01
2.2428190351e+00 2.2428190351e-16 1.0000000000e-16 4.0000000000e+07 1.1007910728e-33 3.7861694533e-32 1.5144677813e-08 1.2000000000e+08 5.6359184263e-01
2.2926531300e+00 2.2926531300e-16 1.0000000000e-16 4.0000000000e+07 -1.1335702342e-32 -1.8444244968e-31 -7.3776979871e-08 1.2000000000e+08 5.6359184263e-01
2.3424872249e+00 2.3424872249e-16 1.0000000000e-16 4.0000000000e+07 5.1789742079e-32 -5.0032845575e-31 -2.0013138230e-07 1.2000000000e+08 5.6359184263e-01
2.3923213197e+00 2.3923213197e-16 1.0000000000e-16 4.0000000000e+07 -5.1012848265e-31 -4.8876543496e-30 -1.9550617398e-06 1.2000000000e+08 5.6359184263e-01
2.4421554146e+00 2.4421554146e-16 1.0000000000e-16 4.0000000000e+07 1.5085343361e-30 -8.9351965699e-30 -3.5740786279e-06 1.2000000000e+08 5.6359184263e-01
2.4919895095e+00 2.4919895095e-16 1.0000000001e-16 4.0000000000e+07 -1.7502533309e-29 -5.0747694555e-28 -2.0299077820e-04 1.2000000000e+08 5.6359184263e-01
2.5418236043e+00 2.5418236043e-16 1.0000000040e-16 4.0000000006e+07 -4.7089567805e-29 -4.6935716094e-27 -1.8774286366e-03 1.2000000000e+08 5.6359184263e-01
2.5916576992e+00 2.5916577014e-16 1.0000001259e-16 4.0000000157e+07 -2.5594224719e-27 -1.4351212765e-25 -5.7404844059e-02 1.2000000002e+08 5.6359184263e-01
2.6414917940e+00 2.6414918160e-16 1.0000008659e-16 4.0000001078e+07 -2.5326767110e-26 -9.9591869849e-25 -3.9836714519e-01 1.2000000012e+08 5.6359184263e-01
2.6913258889e+00 2.6913260381e-16 1.0000056135e-16 4.0000006734e+07 -1.6723009310e-25 -6.1861826699e-24 -2.4744595942e+00 1.1999999999e+08 5.6359184263e-01
2.7411599838e+00 2.7411608675e-16 1.0000285898e-16 4.0000034184e+07 -9.8682104425e-25 -3.2326549212e-23 -1.2930261061e+01 1.1999999963e+08 5.6359184263e-01
2.7909940786e+00 2.7909977036e-16 1.0000883255e-16 4.0000105923e+07 -4.1314284426e-24 -1.0165670796e-22 -4.0659199615e+01 1.1999999981e+08 5.6359184263e-01
2.8408281735e+00 2.8408391522e-16 1.0002304932e-16 4.0000276054e+07 -1.2542372281e-23 -2.6289202906e-22 -1.0513330484e+02 1.1999999848e+08 5.6359184263e-01
2.8906622684e+00 2.8906922716e-16 1.0005494535e-16 4.0000655961e+07 -3.4567254978e-23 -6.4854615849e-22 -2.5928025515e+02 1.1999999039e+08 5.6359184263e-01
2.9404963632e+00 2.9405574319e-16 1.0005936963e-16 4.0000740320e+07 -7.2567492527e-23 -7.4817068025e-22 -2.9909623863e+02 1.2000008429e+08 5.6359184263e-01
2.9903304581e+00 2.9904239819e-16 1.0011593607e-16 4.0001401420e+07 -1.0987713406e-22 -1.2080071689e-21 -4.8266021955e+02 1.2000003299e+08 5.6359184263e-01
3.0401645530e+00 3.0404692132e-16 1.0094834482e-16 4.0011205746e+07 -3.4017145300e-22 -1.0657042104e-20 -4.2239533997e+03 1.1999963844e+08 5.6359184263e-01
3.0899986478e+00 3.0913350175e-16 1.0350385755e-16 4.0041239188e+07 -1.5465872491e-21 -4.1855873310e-20 -1.6192256736e+04 1.1999974804e+08 5.6359184263e-01
3.1398327427e+00 3.1439301415e-16 1.0777814659e-16 4.0089937241e+07 -4.9260054653e-21 -9.6824187776e-20 -3.6015423665e+04 1.2000020132e+08 5.6359184263e-01
3.1896668376e+00 3.1989175152e-16 1.1296133096e-16 4.0146169698e+07 -1.1464298793e-20 -1.6696342179e-19 -5.9338375422e+04 1.1999988580e+08 5.6359184263e-01
3.2395009324e+00 3.2565932040e-16 1.1853522268e-16 4.0203726593e+07 -2.1736431528e-20 -2.4630744061e-19 -8.3540375396e+04 1.1999929212e+08 5.6359184263e-01
3.2893350273e+00 3.3171485700e-16 1.2455128996e-16 4.0263295315e+07 -3.6208974452e-20 -3.3605183243e-19 -1.0863439612e+05 1.1999994220e+08 5.6359184263e-01
3.3391691221e+00 3.3808666189e-16 1.3127494766e-16 4.0326493080e+07 -5.5500372925e-20 -4.4047082086e-19 -1.3530870760e+05 1.2000049039e+08 5.6359184263e-01
3.3890032170e+00 3.4481733098e-16 1.3898346724e-16 4.0394531796e+07 -8.0485501778e-20 -5.6551901589e-19 -1.6436398028e+05 1.1999950835e+08 5.6359184263e-01
3.4388373119e+00 3.5195985013e-16 1.4781276366e-16 4.0468436778e+07 -1.1233971344e-19 -7.1671035962e-19 -1.9622221491e+05 1.1999990207e+08 5.6359184263e-01
3.4886714067e+00 3.5957297040e-16 1.5789162653e-16 4.0547582957e+07 -1.5246703086e-19 -8.9820671742e-19 -2.3066524925e+05 1.2000039417e+08 5.6359184263e-01
3.5385055016e+00 3.6772307626e-16 1.6936745552e-16 4.0631215549e+07 -2.0254222402e-19 -1.1172422559e-18 -2.6802617291e+05 1.1999938837e+08 5.6359184263e-01
3.5883395965e+00 3.7647864934e-16 1.8214640808e-16 4.0718079090e+07 -2.6465673613e-19 -1.3824202843e-18 -3.0903435904e+05 1.1999896413e+08 5.6359184263e-01
3.6381736913e+00 3.8590090549e-16 1.9613733110e-16 4.0806787087e+07 -3.4131465698e-19 -1.7022740967e-18 -3.5416173064e+05 1.1999972027e+08 5.6359184263e-01
3.6880077862e+00 3.9605657211e-16 2.1163161215e-16 4.0897700430e+07 -4.3551202337e-19 -2.0877615237e-18 -4.0345884292e+05 1.2000005806e+08 5.6359184263e-01
3.7378418811e+00 4.0702696474e-16 2.2883044117e-16 4.0990861633e+07 -5.5075206995e-19 -2.5474268041e-18 -4.5632573672e+05 1.1999986494e+08 5.6359184263e-01
3.7876759759e+00 4.1889783210e-16 2.4778967062e-16 4.1085948138e+07 -6.9090449569e-19 -3.0888200773e-18 -5.1215654465e+05 1.2000045213e+08 5.6359184263e-01
3.8375100708e+00 4.3176316801e-16 2.6876656781e-16 4.1182694800e+07 -8.6036303929e-19 -3.7257204335e-18 -5.7088650861e+05 1.2000037461e+08 5.6359184263e-01
3.8873441656e+00 4.4572518045e-16 2.9177053307e-16 4.1279944066e+07 -1.0642837518e-18 -4.4737210645e-18 -6.3294587485e+05 1.1999912298e+08 5.6359184263e-01
3.9371782605e+00 4.6088905164e-16 3.1720111640e-16 4.1378950821e+07 -1.3086396791e-18 -5.3530993172e-18 -6.9831290602e+05 1.1999835576e+08 5.6359184263e-01
3.9870123554e+00 4.7743295182e-16 3.4779128222e-16 4.1488402977e+07 -1.6012626979e-18 -6.4244031122e-18 -7.6637408362e+05 1.1999871918e+08 5.6359184263e-01
4.0368464502e+00 4.9570526424e-16 3.8672628939e-16 4.1614944842e+07 -1.9536934041e-18 -7.7539242003e-18 -8.3438632632e+05 1.2000003241e+08 5.6359184263e-01
4.0866805451e+00 5.1608559768e-16 4.3133117187e-16 4.1745067526e+07 -2.3771082336e-18 -9.2372809594e-18 -8.9400197007e+05 1.2000091100e+08 5.6359184263e-01
4.1365146400e+00 5.3874296784e-16 4.7901802827e-16 4.1870315958e+07 -2.8753135248e-18 -1.0786540401e-17 -9.4283686211e+05 1.2000213239e+08 5.6359184263e-01
4.1863487348e+00 5.6428105739e-16 5.5422792014e-16 4.2042827194e+07 -3.4674356895e-18 -1.3273951296e-17 -1.0069403223e+06 1.1999900899e+08 5.6359184263e-01
4.2361828297e+00 5.9540107992e-16 7.1177913948e-16 4.2337964628e+07 -4.2520560126e-18 -1.8913366128e-17 -1.1250026612e+06 1.1999254393e+08 5.6359184263e-01
4.2860169246e+00 6.3679351255e-16 9.5106250883e-16 4.2681394640e+07 -5.4244906538e-18 -2.8369147228e-17 -1.2731389968e+06 1.1999143893e+08 5.6359184263e-01
4.3358510194e+00 6.8760700671e-16 1.0275895309e-15 4.2776413650e+07 -6.9870441285e-18 -3.1877298929e-17 -1.3269856144e+06 1.2000183102e+08 5.6359184263e-01
4.3856851143e+00 7.3207083395e-16 7.0590768387e-16 4.2335607483e+07 -8.3099336918e-18 -1.9294366211e-17 -1.1571466542e+06 1.2001641715e+08 5.6359184263e-01
4.4355192092e+00 7.5692962336e-16 3.2025823910e-16 4.1395671166e+07 -8.9027379631e-18 -5.9604986506e-18 -7.7043714105e+05 1.2001705424e+08 5.6359184263e-01
4.4853533040e+00 7.6739455430e-16 1.3137852533e-16 4.0327195759e+07 -9.0496300760e-18 -1.0496221846e-18 -3.2218598285e+05 1.2000282533e+08 5.6359184263e-01
4.5351873989e+00 7.7204096020e-16 6.7674783550e-17 3.9527305472e+07 -9.0678323983e-18 2.8277460396e-20 1.6516222977e+04 1.1998742270e+08 5.6359184263e-01
4.5850214937e+00 7.7485537212e-16 4.9538156406e-17 3.9150821294e+07 -9.0600385841e-18 2.2929438869e-19 1.8121513368e+05 1.1998204218e+08 5.6359184263e-01
4.6348555886e+00 7.7723577590e-16 4.7628141736e-17 3.9105983003e+07 -9.0474199229e-18 2.6734174947e-19 2.1950597966e+05 1.1998980048e+08 5.6359184263e-01
4.6846896835e+00 7.7971144579e-16 5.2436659282e-17 3.9225468699e+07 -9.0337096372e-18 2.8356419764e-19 2.1212141869e+05 1.2000214692e+08 5.6359184263e-01
4.7345237783e+00 7.8252285905e-16 6.0911981577e-17 3.9407920267e+07 -9.0188696775e-18 3.1572925323e-19 2.0426577687e+05 1.2001011609e+08 5.6359184263e-01
4.7843578732e+00 7.8585315533e-16 7.3521684512e-17 3.9632719662e+07 -9.0018596496e-18 3.6941655619e-19 1.9913829379e+05 1.2000700230e+08 5.6359184263e-01
4.8341919681e+00 7.8996163715e-16 9.2560645812e-17 3.9907313411e+07 -8.9819214259e-18 4.2975876735e-19 1.8528952201e+05 1.2000149740e+08 5.6359184263e-01
4.8840260629e+00 7.9523843405e-16 1.2077485192e-16 4.0225594972e+07 -8.9592508511e-18 4.7560090576e-19 1.5840490880e+05 1.1999817458e+08 5.6359184263e-01
4.9338601578e+00 8.0218427455e-16 1.5945244009e-16 4.0558949740e+07 -8.9351875283e-18 4.7974439669e-19 1.2202967143e+05 1.1999774340e+08 5.6359184263e-01
4.9836942527e+00 8.1129300421e-16 2.0716740586e-16 4.0873832773e+07 -8.9130183451e-18 3.8915396672e-19 7.6779520855e+04 1.1999963115e+08 5.6359184263e-01
5.0335283475e+00 8.2299199872e-16 2.6404945897e-16 4.1165629798e+07 -8.8987000392e-18 1.6949784196e-19 2.6424918426e+04 1.2000139498e+08 5.6359184263e-01
5.0833624424e+00 8.3798723692e-16 3.4317000490e-16 4.1480748070e+07 -8.8959077845e-18 -2.1854926407e-20 -2.6417189248e+03 1.2000312794e+08 5.6359184263e-01
5.1331965372e+00 8.5810091651e-16 4.7490388866e-16 4.1869784235e+07 -8.8926779126e-18 2.8238299208e-19 2.4896226863e+04 1.2000074722e+08 5.6359184263e-01
5.1830306321e+00 8.8665226101e-16 6.8143400726e-16 4.2303493891e+07 -8.8530511013e-18 1.3851820038e-18 8.5992242554e+04 1.2000210976e+08 5.6359184263e-01
5.2328647270e+00 9.2644991444e-16 9.0496682597e-16 4.2643957959e+07 -8.7725178924e-18 1.2539469555e-18 5.9088642496e+04 1.2000203743e+08 5.6359184263e-01
5.2826988218e+00 9.7431990587e-16 9.7770183531e-16 4.2737374848e+07 -8.8290757114e-18 -4.6475024211e-18 -2.0315196914e+05 1.2000506172e+08 5.6359184263e-01
5.3325329167e+00 1.0201743119e-15 8.3630085226e-16 4.2544521727e+07 -9.3087635059e-18 -1.4540333309e-17 -7.3969974408e+05 1.2000617194e+08 5.6359184263e-01
5.3823670116e+00 1.0565929692e-15 6.3132892551e-16 4.2188165845e+07 -1.0221827927e-17 -2.1236969528e-17 -1.4191473830e+06 1.2000045876e+08 5.6359184263e-01
5.4322011064e+00 1.0843758282e-15 5.0175845975e-16 4.1885834151e+07 -1.1365039296e-17 -2.4345914367e-17 -2.0323502506e+06 1.1999474030e+08 5.6359184263e-01
5.4820352013e+00 1.1083434821e-15 4.7773464571e-16 4.1805337803e+07 -1.2655323733e-17 -2.7770768014e-17 -2.4301489296e+06 1.1999204643e+08 5.6359184263e-01
5.5318692962e+00 1.1337967946e-15 5.6300563428e-16 4.1994566817e+07 -1.4194224161e-17 -3.4796045801e-17 -2.5954356073e+06 1.1999618921e+08 5.6359184263e-01
5.5817033910e+00 1.1668192693e-15 7.8886542187e-16 4.2400179488e+07 -1.6238503837e-17 -4.8602623461e-17 -2.6123086412e+06 1.1999941409e+08 5.6359184263e-01
5.6315374859e+00 1.2157291164e-15 1.2068276255e-15 4.2911521057e+07 -1.9212159298e-17 -7.2440933090e-17 -2.5758033375e+06 1.1999415165e+08 5.6359184263e-01
5.6813715808e+00 1.2905864229e-15 1.8184482803e-15 4.3407821931e+07 -2.3638843394e-17 -1.0623757302e-16 -2.5359762508e+06 1.1999754550e+08 5.6359184263e-01
5.7312056756e+00 1.3971962850e-15 2.4302150831e-15 4.3762055021e+07 -2.9792747456e-17 -1.3878269818e-16 -2.4991269769e+06 1.2000745940e+08 5.6359184263e-01
5.7810397705e+00 1.5295238165e-15 2.8634676312e-15 4.3960208869e+07 -3.7252402164e-17 -1.5932938676e-16 -2.4460388672e+06 1.2000220983e+08 5.6359184263e-01
5.8308738653e+00 1.6883251935e-15 3.6604156271e-15 4.4259326995e+07 -4.5964475806e-17 -1.9852410246e-16 -2.4004222641e+06 1.2000654307e+08 5.6359184263e-01
5.8807079602e+00 1.9253412503e-15 6.3421346701e-15 4.4914169406e+07 -5.8748717332e-17 -3.4193131987e-16 -2.4215129486e+06 1.1999438949e+08 5.6359184263e-01
5.9305420551e+00 2.4010072257e-15 1.3843485297e-14 4.5849946026e+07 -8.4626261463e-17 -7.6078970477e-16 -2.5197532379e+06 1.2000220317e+08 5.6359184263e-01
5.9803761499e+00 3.4592899343e-15 3.0400496505e-14 4.6788979235e+07 -1.4394256842e-16 -1.7310530013e-15 -2.6642394779e+06 1.2000608364e+08 5.6359184263e-01
6.0302102448e+00 5.6739051264e-15 6.1697036366e-14 4.7639906962e+07 -2.7213885919e-16 -3.6045267318e-15 -2.7832668838e+06 1.2002341928e+08 5.6359184263e-01
6.0800443397e+00 1.0231660464e-14 1.3137605833e-13 4.8544521804e+07 -5.3944322448e-16 -7.7123891131e-15 -2.8497904887e+06 1.2002284278e+08 5.6359184263e-01
6.1298784345e+00 2.0850636407e-14 3.3408882499e-13 4.9670293181e+07 -1.1653165862e-15 -1.9848449556e-14 -2.9509466791e+06 1.2004576801e+08 5.6359184263e-01
6.1797125294e+00 5.4723724132e-14 1.2794820696e-12 5.1277159187e+07 -3.2230749295e-15 -7.8660800408e-14 -3.1524493231e+06 1.2005504191e+08 5.6359184263e-01
6.2295466243e+00 2.6157085946e-13 1.1593771371e-11 5.3961113351e+07 -1.5896726844e-14 -7.0781387111e-13 -3.2943917305e+06 1.2014752620e+08 5.6359184263e-01
6.2793807191e+00 3.3257504342e-11 6.0104773062e-09 6.1703499950e+07 -2.2784908889e-12 -4.3024798742e-10 -4.4169215385e+06 1.2071105883e+08 5.6359184264e-01
6.3292148140e+00 1.2601928956e-03 3.9020331097e-01 8.4288612100e+07 -1.0009010535e-04 -3.0104849903e-02 -6.5030099552e+06 1.2224859186e+08 5.6264830759e-01
6.3790489088e+00 2.0598699240e-01 8.0292441277e+00 6.1404316930e+07 -3.5418647719e-03 1.4995943986e-01 1.1468273757e+06 1.1829426360e+08 3.5838821278e-01
6.4288830037e+00 7.0066799948e-01 1.0293922790e+01 3.3897373324e+07 1.4131838515e-02 3.0472310416e-01 1.0034379539e+06 1.1459833887e+08 1.3377053174e-01
6.4787170986e+00 1.1534033011e+00 7.8153557324e+00 2.7335405381e+07 2.0898256235e-02 4.5956984926e-02 1.6074160359e+05 1.1799256241e+08 7.2806545500e-02
6.5285511934e+00 1.4862117515e+00 5.7079189961e+00 2.5653876175e+07 2.3187530831e-02 1.6019676330e-02 7.1999408755e+04 1.1959191391e+08 5.8904094355e-02
6.5783852883e+00 1.7442040202e+00 4.7820974286e+00 2.4950925963e+07 2.3323803878e-02 4.1435194484e-02 2.1619100934e+05 1.1911922392e+08 5.5657250563e-02
6.6282193832e+00 1.9645042241e+00 4.0821414440e+00 2.4671475486e+07 2.8324637131e-02 1.2137327426e-01 7.3355071146e+05 1.1895061226e+08 5.5277650179e-02
6.6780534780e+00 2.1568270619e+00 3.6642582206e+00 2.4713252628e+07 3.2301170786e-02 3.5733241850e-02 2.4099956387e+05 1.1930752724e+08 5.6012614362e-02
6.7278875729e+00 2.3285407107e+00 3.2395410525e+00 2.4695907065e+07 3.3328621338e-02 1.4535747220e-02 1.1080997482e+05 1.1924599053e+08 5.7200903255e-02
6.7777216678e+00 2.4804566006e+00 2.8599621748e+00 2.4702152389e+07 3.3349266330e-02 -2.7437311662e-02 -2.3698238382e+05 1.1913667473e+08 5.8698128092e-02
6.8275557626e+00 2.6170576847e+00 2.6677007955e+00 2.4827838315e+07 2.9113585559e-02 -1.5119889506e-01 -1.4071824420e+06 1.1940090158e+08 6.0295700167e-02
6.8773898575e+00 2.7484089814e+00 2.6530118978e+00 2.4841628120e+07 1.7468708587e-02 -3.2858133831e-01 -3.0766900896e+06 1.1942634821e+08 6.1615034824e-02
6.9272239524e+00 2.8889478260e+00 3.0207980395e+00 2.4781775289e+07 -5.0823104258e-03 -5.7658053604e-01 -4.7301041294e+06 1.1930425406e+08 6.2078912361e-02
6.9770580472e+00 3.0463445954e+00 3.2184224978e+00 2.4653435814e+07 -3.7955230637e-02 -7.0367969647e-01 -5.3902563266e+06 1.1921866758e+08 6.1596092915e-02
7.0268921421e+00 3.2018020872e+00 2.9665070946e+00 2.4607281616e+07 -7.1427642422e-02 -6.1650443903e-01 -5.1139261984e+06 1.1932601948e+08 6.1386051049e-02
7.0767262369e+00 3.3395872936e+00 2.5715487713e+00 2.4653871153e+07 -9.8810898003e-02 -4.8686734074e-01 -4.6676791905e+06 1.1958342585e+08 6.2056771950e-02
7.1265603318e+00 3.4616255240e+00 2.3878296901e+00 2.4783876560e+07 -1.2080963979e-01 -4.1122575613e-01 -4.2682141112e+06 1.1962206840e+08 6.3236336514e-02
7.1763944267e+00 3.5857818544e+00 2.6711403148e+00 2.5034505334e+07 -1.4131171396e-01 -4.2006000321e-01 -3.9368932933e+06 1.1948991429e+08 6.3984953786e-02
7.2262285215e+00 3.7305888995e+00 3.1209322117e+00 2.5212851910e+07 -1.6238528683e-01 -4.1672742070e-01 -3.3665860174e+06 1.1932150010e+08 6.3547099672e-02
7.2760626164e+00 3.8938939938e+00 3.3875166883e+00 2.5233683126e+07 -1.8187940745e-01 -3.5466544868e-01 -2.6419103938e+06 1.1921697463e+08 6.2401279953e-02
7.3258967113e+00 4.0632706572e+00 3.3700822847e+00 2.5185343548e+07 -1.9691366997e-01 -2.4898298211e-01 -1.8607029183e+06 1.1926606007e+08 6.1409190616e-02
7.3757308061e+00 4.2261147843e+00 3.1242610571e+00 2.5119754068e+07 -2.0708696117e-01 -1.6594356693e-01 -1.3342232017e+06 1.1942347536e+08 6.1077690765e-02
7.4255649010e+00 4.3712085155e+00 2.6915775546e+00 2.5043685468e+07 -2.1420123024e-01 -1.2681798261e-01 -1.1799733070e+06 1.1955915300e+08 6.1637460060e-02
7.4753989959e+00 4.4958906262e+00 2.3442935710e+00 2.5036373481e+07 -2.2012002220e-01 -1.1338569500e-01 -1.2109262434e+06 1.1959881372e+08 6.2902667753e-02
7.5252330907e+00 4.6072104058e+00 2.1362629854e+00 2.5099373590e+07 -2.2573592188e-01 -1.1290180477e-01 -1.3265054893e+06 1.1959409299e+08 6.4413451332e-02
7.5750671856e+00 4.7091419088e+00 1.9639521599e+00 2.5183694991e+07 -2.3130688559e-01 -1.0983275344e-01 -1.4083818431e+06 1.1959699638e+08 6.5989098966e-02
7.6249012804e+00 4.8044406455e+00 1.8713515636e+00 2.5308579225e+07 -2.3666848284e-01 -1.0592864137e-01 -1.4326027586e+06 1.1959576090e+08 6.7527146888e-02
7.6747353753e+00 4.8958054712e+00 1.7975924567e+00 2.5426597759e+07 -2.4195366032e-01 -1.0657233865e-01 -1.5074451258e+06 1.1960139454e+08 6.8938397338e-02
7.7245694702e+00 4.9839733362e+00 1.7393909307e+00 2.5540462472e+07 -2.4722860753e-01 -1.0417795894e-01 -1.5297039922e+06 1.1959997932e+08 7.0230472080e-02
7.7744035650e+00 5.0681438043e+00 1.6329398991e+00 2.5614467509e+07 -2.5227749162e-01 -9.8352882977e-02 -1.5427736972e+06 1.1959678106e+08 7.1492089660e-02
7.8242376599e+00 5.1477853004e+00 1.5838411466e+00 2.5737101112e+07 -2.5709335191e-01 -9.6195794268e-02 -1.5631623721e+06 1.1962932619e+08 7.2771653609e-02
7.8740717548e+00 5.2270601863e+00 1.5963988839e+00 2.5881155570e+07 -2.6192719061e-01 -9.7156027985e-02 -1.5751140271e+06 1.1966307164e+08 7.3838052156e-02
7.9239058496e+00 5.3064063368e+00 1.5847248552e+00 2.5981866825e+07 -2.6664642356e-01 -9.1300760082e-02 -1.4968934082e+06 1.1966531041e+08 7.4710038127e-02
7.9737399445e+00 5.3850828910e+00 1.5760280044e+00 2.6069655073e+07 -2.7103231191e-01 -8.5502551784e-02 -1.4143289501e+06 1.1966075064e+08 7.5468521405e-02
8.0235740394e+00 5.4636439889e+00 1.5754407410e+00 2.6146061385e+07 -2.7523693739e-01 -8.3807973157e-02 -1.3908796146e+06 1.1966084584e+08 7.6099036869e-02
8.0734081342e+00 5.5417146274e+00 1.5537164180e+00 2.6197028345e+07 -2.7943184083e-01 -8.4796947514e-02 -1.4297512801e+06 1.1967660381e+08 7.6650905524e-02
8.1232422291e+00 5.6182462575e+00 1.5165982082e+00 2.6234943362e+07 -2.8366895724e-01 -8.4673473151e-02 -1.4647279420e+06 1.1968492402e+08 7.7209362794e-02
8.1730763240e+00 5.6926611915e+00 1.4670551689e+00 2.6271000636e+07 -2.8781003471e-01 -8.0992235053e-02 -1.4503524500e+06 1.1969587522e+08 7.7816282452e-02
8.2229104188e+00 5.7642272585e+00 1.4069605744e+00 2.6312704116e+07 -2.9170283966e-01 -7.5360156020e-02 -1.4093710397e+06 1.1972099051e+08 7.8519129304e-02
8.2727445137e+00 5.8333154152e+00 1.3682493051e+00 2.6371904935e+07 -2.9537324635e-01 -7.2433221173e-02 -1.3960920834e+06 1.1972409334e+08 7.9280726152e-02
8.3225786085e+00 5.9003417736e+00 1.3197198307e+00 2.6420579971e+07 -2.9892033057e-01 -6.9728393126e-02 -1.3959512799e+06 1.1971209996e+08 8.0070295953e-02
8.3724127034e+00 5.9651462734e+00 1.2867169711e+00 2.6491117827e+07 -3.0232661121e-01 -6.7262208550e-02 -1.3848042203e+06 1.1971620955e+08 8.0899742203e-02
8.4222467983e+00 6.0285713112e+00 1.2526680098e+00 2.6560823991e+07 -3.0563568079e-01 -6.5318082214e-02 -1.3849655866e+06 1.1973853414e+08 8.1708161305e-02
8.4720808931e+00 6.0895014139e+00 1.1937889146e+00 2.6614303037e+07 -3.0879970784e-01 -6.1552777660e-02 -1.3722562317e+06 1.1976105672e+08 8.2589180822e-02
8.5219149880e+00 6.1478907962e+00 1.1515216031e+00 2.6686028161e+07 -3.1178964460e-01 -5.8725669250e-02 -1.3609426511e+06 1.1976199220e+08 8.3541687833e-02
8.5717490829e+00 6.2040665203e+00 1.1001349908e+00 2.6748939492e+07 -3.1465404944e-01 -5.6097374576e-02 -1.3639646868e+06 1.1975351688e+08 8.4540373452e-02
8.6215831777e+00 6.2573857954e+00 1.0397726915e+00 2.6813217741e+07 -3.1737401078e-01 -5.3130140535e-02 -1.3700975593e+06 1.1975607753e+08 8.5639138599e-02
8.6714172726e+00 6.3076011210e+00 9.7523420239e-01 2.6884390744e+07 -3.1994987595e-01 -5.0187003832e-02 -1.3835107690e+06 1.1976830714e+08 8.6856799356e-02
8.7212513675e+00 6.3546440587e+00 9.1503554930e-01 2.6971375345e+07 -3.2236415551e-01 -4.6655589302e-02 -1.3752093150e+06 1.1977810329e+08 8.8198146620e-02
8.7710854623e+00 6.3989841176e+00 8.6617415081e-01 2.7080504709e+07 -3.2460314803e-01 -4.3369329300e-02 -1.3559205447e+06 1.1979156284e+08 8.9624114837e-02
8.8209195572e+00 6.4409738678e+00 8.1818876229e-01 2.7193107491e+07 -3.2669894162e-01 -4.0780196191e-02 -1.3553599238e+06 1.1980395892e+08 9.1109609407e-02
8.8707536520e+00 6.4804834654e+00 7.6960718285e-01 2.7307177986e+07 -3.2866608509e-01 -3.8281014911e-02 -1.3582857735e+06 1.1980408046e+08 9.2674175207e-02
8.9205877469e+00 6.5179494209e+00 7.3522588123e-01 2.7442802968e+07 -3.3053455854e-01 -3.6868740389e-02 -1.3761506552e+06 1.1979658250e+08 9.4283538560e-02
8.9704218418e+00 6.5534785667e+00 6.8627750503e-01 2.7558025648e+07 -3.3233287454e-01 -3.5077959486e-02 -1.4085836999e+06 1.1980123558e+08 9.5937910804e-02
9.0202559366e+00 6.5860435813e+00 6.2047196688e-01 2.7654715710e+07 -3.3401158757e-01 -3.2221939385e-02 -1.4361463867e+06 1.1980931872e+08 9.7748864514e-02
9.0700900315e+00 6.6153671697e+00 5.5831366194e-01 2.7769990867e+07 -3.3554086577e-01 -2.9221752918e-02 -1.4534622148e+06 1.1982082228e+08 9.9751372029e-02
9.1199241264e+00 6.6418971903e+00 5.0867380548e-01 2.7916526829e+07 -3.3693799128e-01 -2.7035047137e-02 -1.4837104065e+06 1.1982575225e+08 1.0190776223e-01
9.1697582212e+00 6.6660980863e+00 4.6194466219e-01 2.8072950546e+07 -3.3824229505e-01 -2.5282529894e-02 -1.5364507256e+06 1.1983487246e+08 1.0418061597e-01
9.2195923161e+00 6.6878033595e+00 4.0859100158e-01 2.8215271224e+07 -3.3944955206e-01 -2.3120744540e-02 -1.5966041239e+06 1.1984435590e+08 1.0660293263e-01
9.2694264110e+00 6.7067843753e+00 3.5368379913e-01 2.8352291593e+07 -3.4054322771e-01 -2.0753801980e-02 -1.6636833433e+06 1.1984604405e+08 1.0921628367e-01
9.3192605058e+00 6.7230746837e+00 3.0122118518e-01 2.8494887561e+07 -3.4151203392e-01 -1.8112557300e-02 -1.7134096441e+06 1.1984631337e+08 1.1203397926e-01
9.3690946007e+00 6.7369691889e+00 2.5906956469e-01 2.8673885465e+07 -3.4235379486e-01 -1.5818035019e-02 -1.7507441483e+06 1.1985267078e+08 1.1503876995e-01
9.4189286956e+00 6.7490657263e+00 2.2710817132e-01 2.8890044800e+07 -3.4309839947e-01 -1.4086674930e-02 -1.7919419959e+06 1.1985404092e+08 1.1817401216e-01
9.4687627904e+00 6.7595602708e+00 1.9399866430e-01 2.9093127560e+07 -3.4375185313e-01 -1.2107326313e-02 -1.8156825466e+06 1.1986494016e+08 1.2143164035e-01
9.5185968853e+00 6.7684423136e+00 1.6353714924e-01 2.9297147579e+07 -3.4430672068e-01 -1.0224841688e-02 -1.8317470819e+06 1.1987471644e+08 1.2482758134e-01
9.5684309801e+00 6.7759140067e+00 1.3676196152e-01 2.9503223665e+07 -3.4477336253e-01 -8.5161603222e-03 -1.8371642229e+06 1.1987296771e+08 1.2833844984e-01
9.6182650750e+00 6.7820886069e+00 1.1157452643e-01 2.9688680497e+07 -3.4515564186e-01 -6.8604353883e-03 -1.8254818626e+06 1.1987554673e+08 1.3190718123e-01
9.6680991699e+00 6.7870835395e+00 8.9618829757e-02 2.9838702514e+07 -3.4546054471e-01 -5.4225832341e-03 -1.8054559339e+06 1.1987808645e+08 1.3533099840e-01
9.7179332647e+00 6.7910865234e+00 7.2165955004e-02 2.9940497785e+07 -3.4569973448e-01 -4.2424603897e-03 -1.7601288016e+06 1.1988310293e+08 1.3830967555e-01
9.7677673596e+00 6.7944017586e+00 6.2145305100e-02 3.0067437449e+07 -3.4589087627e-01 -3.5069631375e-03 -1.6967556053e+06 1.1988522483e+08 1.4082613911e-01
9.8176014545e+00 6.7973398867e+00 5.5831202956e-02 3.0209140428e+07 -3.4605312178e-01 -3.0152687990e-03 -1.6315012709e+06 1.1987968473e+08 1.4305936561e-01
9.8674355493e+00 6.7999446923e+00 4.8583265814e-02 3.0282116988e+07 -3.4619127879e-01 -2.5377840000e-03 -1.5818095118e+06 1.1987791865e+08 1.4503891041e-01
