# TPV104 station: x2_-12_x3_3 (along_strike=-12000, down_dip=3000)
# Columns (SCEC TPV104 trace layout): t  h-slip  h-slip-rate  h-shear-stress  v-slip  v-slip-rate  v-shear-stress  n-stress  psi
# BP5 convention: h = strike = component 2, v = dip = component 1.  TPV104 is pure strike-slip so v-slip / v-slip-rate / v-shear-stress ≈ 0.
0.0000000000e+00 0.0000000000e+00 1.0000000000e-16 4.0000000000e+07 0.0000000000e+00 0.0000000000e+00 0.0000000000e+00 1.2000000000e+08 5.6359184263e-01
2.8476625637e-04 2.8476625637e-20 1.0000000000e-16 4.0000000000e+07 0.0000000000e+00 0.0000000000e+00 0.0000000000e+00 1.2000000000e+08 5.6359184263e-01
5.0118861120e-02 5.0118861120e-18 1.0000000000e-16 4.0000000000e+07 7.0176089833e-38 3.4705942970e-36 1.3882377188e-12 1.2000000000e+08 5.6359184263e-01
9.9952955984e-02 9.9952955984e-18 1.0000000000e-16 4.0000000000e+07 -5.0693084281e-38 -2.7275185373e-36 -1.0910074149e-12 1.2000000000e+08 5.6359184263e-01
1.4978705085e-01 1.4978705085e-17 1.0000000000e-16 4.0000000000e+07 -4.0667713575e-38 1.8750198518e-36 7.5000794072e-13 1.2000000000e+08 5.6359184263e-01
1.9962114571e-01 1.9962114571e-17 1.0000000000e-16 4.0000000000e+07 3.4309554693e-39 -1.5221764623e-37 -6.0887058493e-14 1.2000000000e+08 5.6359184263e-01
2.4945524058e-01 2.4945524058e-17 1.0000000000e-16 4.0000000000e+07 -1.6276737650e-38 -1.9520440166e-37 -7.8081760664e-14 1.2000000000e+08 5.6359184263e-01
2.9928933544e-01 2.9928933544e-17 1.0000000000e-16 4.0000000000e+07 -2.1156083403e-38 -1.0815483635e-37 -4.3261934541e-14 1.2000000000e+08 5.6359184263e-01
3.4912343030e-01 3.4912343030e-17 1.0000000000e-16 4.0000000000e+07 -3.0805465797e-38 -8.9019476012e-38 -3.5607790405e-14 1.2000000000e+08 5.6359184263e-01
3.9895752517e-01 3.9895752517e-17 1.0000000000e-16 4.0000000000e+07 -1.2304562446e-38 2.2143081577e-37 8.8572326308e-14 1.2000000000e+08 5.6359184263e-01
4.4879162003e-01 4.4879162003e-17 1.0000000000e-16 4.0000000000e+07 -7.9548485920e-38 -2.6248907717e-36 -1.0499563087e-12 1.2000000000e+08 5.6359184263e-01
4.9862571490e-01 4.9862571490e-17 1.0000000000e-16 4.0000000000e+07 -1.6157993796e-37 2.9776510962e-37 1.1910604385e-13 1.2000000000e+08 5.6359184263e-01
5.4845980976e-01 5.4845980976e-17 1.0000000000e-16 4.0000000000e+07 -5.9318782091e-38 2.7320226101e-36 1.0928090440e-12 1.2000000000e+08 5.6359184263e-01
5.9829390462e-01 5.9829390462e-17 1.0000000000e-16 4.0000000000e+07 3.6053126818e-39 -6.6816852506e-37 -2.6726741002e-13 1.2000000000e+08 5.6359184263e-01
6.4812799949e-01 6.4812799949e-17 1.0000000000e-16 4.0000000000e+07 -9.7342396131e-38 -2.5410675471e-36 -1.0164270189e-12 1.2000000000e+08 5.6359184263e-01
6.9796209435e-01 6.9796209435e-17 1.0000000000e-16 4.0000000000e+07 -1.6459301204e-37 3.2757156252e-37 1.3102862501e-13 1.2000000000e+08 5.6359184263e-01
7.4779618922e-01 7.4779618922e-17 1.0000000000e-16 4.0000000000e+07 -8.1367241881e-38 2.2450229655e-36 8.9800918618e-13 1.2000000000e+08 5.6359184263e-01
7.9763028408e-01 7.9763028408e-17 1.0000000000e-16 4.0000000000e+07 -1.9773545241e-38 -1.7527143568e-37 -7.0108574273e-14 1.2000000000e+08 5.6359184263e-01
8.4746437894e-01 8.4746437894e-17 1.0000000000e-16 4.0000000000e+07 -7.9696442172e-38 -1.5724019211e-36 -6.2896076845e-13 1.2000000000e+08 5.6359184263e-01
8.9729847381e-01 8.9729847381e-17 1.0000000000e-16 4.0000000000e+07 -1.1732922534e-37 2.8257091280e-37 1.1302836512e-13 1.2000000000e+08 5.6359184263e-01
9.4713256867e-01 9.4713256867e-17 1.0000000000e-16 4.0000000000e+07 -7.2783913693e-38 1.0325719250e-36 4.1302877000e-13 1.2000000000e+08 5.6359184263e-01
9.9696666354e-01 9.9696666354e-17 1.0000000000e-16 4.0000000000e+07 -4.7223099551e-38 -4.1872764506e-38 -1.6749105803e-14 1.2000000000e+08 5.6359184263e-01
1.0468007584e+00 1.0468007584e-16 1.0000000000e-16 4.0000000000e+07 -6.0020848616e-38 -2.5264019914e-37 -1.0105607966e-13 1.2000000000e+08 5.6359184263e-01
1.0966348533e+00 1.0966348533e-16 1.0000000000e-16 4.0000000000e+07 -6.3658938145e-38 5.8763282277e-38 2.3505312911e-14 1.2000000000e+08 5.6359184263e-01
1.1464689481e+00 1.1464689481e-16 1.0000000000e-16 4.0000000000e+07 -6.1493921273e-38 -3.8486008352e-39 -1.5394403341e-15 1.2000000000e+08 5.6359184263e-01
1.1963030430e+00 1.1963030430e-16 1.0000000000e-16 4.0000000000e+07 -6.1100966849e-38 8.3349378824e-38 3.3339751530e-14 1.2000000000e+08 5.6359184263e-01
1.2461371379e+00 1.2461371379e-16 1.0000000000e-16 4.0000000000e+07 -4.6247306412e-38 5.8534282124e-37 2.3413712849e-13 1.2000000000e+08 5.6359184263e-01
1.2959712327e+00 1.2959712327e-16 1.0000000000e-16 4.0000000000e+07 6.2460520334e-39 1.6006360597e-36 6.4025442387e-13 1.2000000000e+08 5.6359184263e-01
1.3458053276e+00 1.3458053276e-16 1.0000000000e-16 4.0000000000e+07 1.1662132558e-37 2.7697108082e-36 1.1078843233e-12 1.2000000000e+08 5.6359184263e-01
1.3956394224e+00 1.3956394224e-16 1.0000000000e-16 4.0000000000e+07 2.7008916174e-37 3.2342414538e-36 1.2936965815e-12 1.2000000000e+08 5.6359184263e-01
1.4454735173e+00 1.4454735173e-16 1.0000000000e-16 4.0000000000e+07 4.2989081585e-37 3.1993028076e-36 1.2797211230e-12 1.2000000000e+08 5.6359184263e-01
1.4953076122e+00 1.4953076122e-16 1.0000000000e-16 4.0000000000e+07 6.0495972195e-37 4.0963082194e-36 1.6385232878e-12 1.2000000000e+08 5.6359184263e-01
1.5451417070e+00 1.5451417070e-16 1.0000000000e-16 4.0000000000e+07 8.6849099772e-37 6.7109604225e-36 2.6843841690e-12 1.2000000000e+08 5.6359184263e-01
1.5949758019e+00 1.5949758019e-16 1.0000000000e-16 4.0000000000e+07 1.2844443161e-36 9.8882363225e-36 3.9552945290e-12 1.2000000000e+08 5.6359184263e-01
1.6448098968e+00 1.6448098968e-16 1.0000000000e-16 4.0000000000e+07 1.8332917609e-36 1.1842379707e-35 4.7369518826e-12 1.2000000000e+08 5.6359184263e-01
1.6946439916e+00 1.6946439916e-16 1.0000000000e-16 4.0000000000e+07 2.4427426138e-36 1.2521360926e-35 5.0085443703e-12 1.2000000000e+08 5.6359184263e-01
1.7444780865e+00 1.7444780865e-16 1.0000000000e-16 4.0000000000e+07 3.0894422650e-36 1.3649425229e-35 5.4597700916e-12 1.2000000000e+08 5.6359184263e-01
1.7943121814e+00 1.7943121814e-16 1.0000000000e-16 4.0000000000e+07 3.8310842616e-36 1.6353939502e-35 6.5415758010e-12 1.2000000000e+08 5.6359184263e-01
1.8441462762e+00 1.8441462762e-16 1.0000000000e-16 4.0000000000e+07 4.7356327056e-36 1.9959769114e-35 7.9839076457e-12 1.2000000000e+08 5.6359184263e-01
1.8939803711e+00 1.8939803711e-16 1.0000000000e-16 4.0000000000e+07 5.8148168783e-36 2.3213648859e-35 9.2854595435e-12 1.2000000000e+08 5.6359184263e-01
1.9438144660e+00 1.9438144660e-16 1.0000000000e-16 4.0000000000e+07 7.0421261155e-36 2.6065527490e-35 1.0426210996e-11 1.2000000000e+08 5.6359184263e-01
1.9936485608e+00 1.9936485608e-16 1.0000000000e-16 4.0000000000e+07 8.4316045902e-36 3.0020547749e-35 1.2008219100e-11 1.2000000000e+08 5.6359184263e-01
2.0434826557e+00 2.0434826557e-16 1.0000000000e-16 4.0000000000e+07 1.0204486006e-35 4.0143625264e-35 1.6057450106e-11 1.2000000000e+08 5.6359184263e-01
2.0933167505e+00 2.0933167505e-16 1.0000000000e-16 4.0000000000e+07 1.2387976472e-35 1.2413761786e-34 4.9655047142e-11 1.2000000000e+08 5.6359184263e-01
2.1431508454e+00 2.1431508454e-16 1.0000000000e-16 4.0000000000e+07 1.6816914595e-35 -6.5409354964e-34 -2.6163741986e-10 1.2000000000e+08 5.6359184263e-01
2.1929849403e+00 2.1929849403e-16 1.0000000000e-16 4.0000000000e+07 1.4847257001e-34 1.0710839204e-32 4.2843356815e-09 1.2000000000e+08 5.6359184263e-01
2.2428190351e+00 2.2428190351e-16 1.0000000000e-16 4.0000000000e+07 -9.0944987353e-34 -6.0339493263e-32 -2.4135797305e-08 1.2000000000e+08 5.6359184263e-01
2.2926531300e+00 2.2926531300e-16 1.0000000000e-16 4.0000000000e+07 9.1764130906e-33 3.3764561283e-31 1.3505824513e-07 1.2000000000e+08 5.6359184263e-01
2.3424872249e+00 2.3424872249e-16 1.0000000000e-16 4.0000000000e+07 -4.2435466939e-32 -2.9659021232e-31 -1.1863608493e-07 1.2000000000e+08 5.6359184263e-01
2.3923213197e+00 2.3923213197e-16 1.0000000000e-16 4.0000000000e+07 5.0689602688e-31 1.0395368752e-29 4.1581475007e-06 1.2000000000e+08 5.6359184263e-01
2.4421554146e+00 2.4421554146e-16 9.9999999998e-17 4.0000000000e+07 -1.4609028524e-30 -2.3170886433e-29 -9.2683545733e-06 1.2000000000e+08 5.6359184263e-01
2.4919895095e+00 2.4919895095e-16 1.0000000005e-16 4.0000000000e+07 1.3372941178e-29 4.4224514143e-28 1.7689805649e-04 1.2000000000e+08 5.6359184263e-01
2.5418236043e+00 2.5418236044e-16 1.0000000075e-16 4.0000000008e+07 4.6560284205e-29 4.6321556420e-27 1.8528622433e-03 1.2000000000e+08 5.6359184263e-01
2.5916576992e+00 2.5916577018e-16 1.0000001384e-16 4.0000000161e+07 2.4320328951e-27 1.3681153550e-25 5.4724606845e-02 1.1999999998e+08 5.6359184263e-01
2.6414917940e+00 2.6414918187e-16 1.0000009681e-16 4.0000001122e+07 2.4643381979e-26 9.8121842912e-25 3.9248700270e-01 1.1999999988e+08 5.6359184263e-01
2.6913258889e+00 2.6913260484e-16 1.0000057409e-16 4.0000006813e+07 1.6397517450e-25 6.0395629281e-24 2.4158117137e+00 1.1999999977e+08 5.6359184263e-01
2.7411599838e+00 2.7411608713e-16 1.0000282357e-16 4.0000034121e+07 9.6251983892e-25 3.1603318470e-23 1.2640981245e+01 1.2000000072e+08 5.6359184263e-01
2.7909940786e+00 2.7909977168e-16 1.0000894088e-16 4.0000106389e+07 4.0676211288e-24 1.0084790833e-22 4.0335664258e+01 1.1999999731e+08 5.6359184263e-01
2.8408281735e+00 2.8408391431e-16 1.0002255267e-16 4.0000274107e+07 1.2385321020e-23 2.5900753278e-22 1.0358036294e+02 1.2000001052e+08 5.6359184263e-01
2.8906622684e+00 2.8906918501e-16 1.0005477775e-16 4.0000653829e+07 3.4124115185e-23 6.4357223427e-22 2.5729216272e+02 1.1999999003e+08 5.6359184263e-01
2.9404963632e+00 2.9405587138e-16 1.0006673617e-16 4.0000768861e+07 7.2452298352e-23 7.7022140263e-22 3.0788900964e+02 1.1999990489e+08 5.6359184263e-01
2.9903304581e+00 2.9904287053e-16 1.0011824015e-16 4.0001447149e+07 1.1050376334e-22 1.1815729743e-21 4.7208809116e+02 1.2000008732e+08 5.6359184263e-01
3.0401645530e+00 3.0404692140e-16 1.0092636654e-16 4.0011169471e+07 3.3292937516e-22 1.0340841964e-20 4.0995152651e+03 1.2000031326e+08 5.6359184263e-01
3.0899986478e+00 3.0913228556e-16 1.0348831974e-16 4.0041172526e+07 1.5179381367e-21 4.1391303619e-20 1.6014911958e+04 1.2000008796e+08 5.6359184263e-01
3.1398327427e+00 3.1439246790e-16 1.0782004422e-16 4.0090057834e+07 4.8816839173e-21 9.6717673631e-20 3.5961932286e+04 1.1999916611e+08 5.6359184263e-01
3.1896668376e+00 3.1989324043e-16 1.1297958852e-16 4.0146398458e+07 1.1422876534e-20 1.6708735536e-19 5.9373163183e+04 1.1999999004e+08 5.6359184263e-01
3.2395009324e+00 3.2565958107e-16 1.1847686931e-16 4.0203779852e+07 2.1693513897e-20 2.4605434606e-19 8.3495747468e+04 1.2000121451e+08 5.6359184263e-01
3.2893350273e+00 3.3171268379e-16 1.2453509994e-16 4.0263210493e+07 3.6145494653e-20 3.3564379065e-19 1.0851636687e+05 1.2000015340e+08 5.6359184263e-01
3.3391691221e+00 3.3808643680e-16 1.3136462631e-16 4.0326966807e+07 5.5440637525e-20 4.4121967307e-19 1.3544781126e+05 1.1999946287e+08 5.6359184263e-01
3.3890032170e+00 3.4482275019e-16 1.3910473528e-16 4.0395594615e+07 8.0497413735e-20 5.6746524251e-19 1.6479019098e+05 1.1999956156e+08 5.6359184263e-01
3.4388373119e+00 3.5197124121e-16 1.4794151086e-16 4.0469532301e+07 1.1246125648e-19 7.1923642594e-19 1.9674776608e+05 1.2000005989e+08 5.6359184263e-01
3.4886714067e+00 3.5959288526e-16 1.5811044327e-16 4.0549160291e+07 1.5275494345e-19 9.0250368915e-19 2.3145698663e+05 1.2000015681e+08 5.6359184263e-01
3.5385055016e+00 3.6775428716e-16 1.6956824669e-16 4.0632872982e+07 2.0307016644e-19 1.1220922143e-18 2.6888188861e+05 1.2000010037e+08 5.6359184263e-01
3.5883395965e+00 3.7651770744e-16 1.8228821601e-16 4.0719376932e+07 2.6540742011e-19 1.3867849299e-18 3.0977876419e+05 1.2000005278e+08 5.6359184263e-01
3.6381736913e+00 3.8594930292e-16 1.9637161697e-16 4.0808105885e+07 3.4231597165e-19 1.7080153699e-18 3.5494371917e+05 1.1999940507e+08 5.6359184263e-01
3.6880077862e+00 3.9611572792e-16 2.1179084318e-16 4.0898698133e+07 4.3679564054e-19 2.0928879796e-18 4.0415530917e+05 1.2000035672e+08 5.6359184263e-01
3.7378418811e+00 4.0709144015e-16 2.2893254634e-16 4.0991653527e+07 5.5227332795e-19 2.5524979935e-18 4.5703904951e+05 1.2000063843e+08 5.6359184263e-01
3.7876759759e+00 4.1897101125e-16 2.4801879135e-16 4.1086394662e+07 6.9273880257e-19 3.0959666496e-18 5.1287286311e+05 1.1999854242e+08 5.6359184263e-01
3.8375100708e+00 4.3184359659e-16 2.6876488707e-16 4.1182565950e+07 8.6250504249e-19 3.7301919123e-18 5.7157345257e+05 1.2000004804e+08 5.6359184263e-01
3.8873441656e+00 4.4579841976e-16 2.9154446279e-16 4.1279600650e+07 1.0665698557e-18 4.4756520974e-18 6.3370481971e+05 1.2000086136e+08 5.6359184263e-01
3.9371782605e+00 4.6095163047e-16 3.1699756841e-16 4.1378328774e+07 1.3110086740e-18 5.3542985730e-18 6.9890733807e+05 1.1999881406e+08 5.6359184263e-01
3.9870123554e+00 4.7748230869e-16 3.4744059516e-16 4.1487753175e+07 1.6036191338e-18 6.4225073399e-18 7.6690922994e+05 1.2000036901e+08 5.6359184263e-01
4.0368464502e+00 4.9573599044e-16 3.8640757424e-16 4.1614291582e+07 1.9559507790e-18 7.7536619601e-18 8.3503319071e+05 1.2000103812e+08 5.6359184263e-01
4.0866805451e+00 5.1611228410e-16 4.3156025464e-16 4.1745185354e+07 2.3796770828e-18 9.2520288452e-18 8.9495650929e+05 1.1999947548e+08 5.6359184263e-01
4.1365146400e+00 5.3879456633e-16 4.7958993217e-16 4.1870832215e+07 2.8789656551e-18 1.0809530003e-17 9.4373127275e+05 1.1999956470e+08 5.6359184263e-01
4.1863487348e+00 5.6432315858e-16 5.5272222615e-16 4.2040317984e+07 3.4711507201e-18 1.3238218391e-17 1.0069052489e+06 1.2000116390e+08 5.6359184263e-01
4.2361828297e+00 5.9525106767e-16 7.0535695344e-16 4.2330712375e+07 4.2505935631e-18 1.8732649880e-17 1.1242058510e+06 1.2000276104e+08 5.6359184263e-01
4.2860169246e+00 6.3624904577e-16 9.4343289914e-16 4.2675617776e+07 5.4116746018e-18 2.8152418521e-17 1.2734576602e+06 1.2000239949e+08 5.6359184263e-01
4.3358510194e+00 6.8696545289e-16 1.0333255271e-15 4.2780744190e+07 6.9734101102e-18 3.2130405346e-17 1.3302319702e+06 1.1999551367e+08 5.6359184263e-01
4.3856851143e+00 7.3199339960e-16 7.1882148433e-16 4.2346526716e+07 8.3172575084e-18 1.9725982322e-17 1.1620782846e+06 1.1998608049e+08 5.6359184263e-01
4.4355192092e+00 7.5724945033e-16 3.2255283291e-16 4.1392031508e+07 8.9217394583e-18 6.0048783587e-18 7.7058419231e+05 1.1998168285e+08 5.6359184263e-01
4.4853533040e+00 7.6764347006e-16 1.2773200677e-16 4.0289263641e+07 9.0668523379e-18 9.8427193851e-19 3.1045931734e+05 1.1999019343e+08 5.6359184263e-01
4.5351873989e+00 7.7208835298e-16 6.3633237216e-17 3.9458048395e+07 9.0824357595e-18 -6.5559915727e-20 -4.0652753824e+04 1.2000155044e+08 5.6359184263e-01
4.5850214937e+00 7.7471672866e-16 4.6168158567e-17 3.9075209283e+07 9.0733120484e-18 -2.4880014001e-19 -2.1057624654e+05 1.2000987410e+08 5.6359184263e-01
4.6348555886e+00 7.7695513797e-16 4.5411034164e-17 3.9056257402e+07 9.0598604137e-18 -2.8224252136e-19 -2.4274577241e+05 1.2001317193e+08 5.6359184263e-01
4.6846896835e+00 7.7936726505e-16 5.2241383653e-17 3.9222884220e+07 9.0455066126e-18 -2.9380502409e-19 -2.2058911226e+05 1.2000807669e+08 5.6359184263e-01
4.7345237783e+00 7.8223163595e-16 6.3198707001e-17 3.9449135172e+07 9.0303611503e-18 -3.1740808852e-19 -1.9812865141e+05 1.2000085533e+08 5.6359184263e-01
4.7843578732e+00 7.8572366078e-16 7.7477913970e-17 3.9692744550e+07 9.0134875942e-18 -3.6277941147e-19 -1.8585568157e+05 1.1999812336e+08 5.6359184263e-01
4.8341919681e+00 7.9003708762e-16 9.6537108335e-17 3.9957069925e+07 8.9939805370e-18 -4.2057536037e-19 -1.7407771346e+05 1.1999918608e+08 5.6359184263e-01
4.8840260629e+00 7.9547557479e-16 1.2301448170e-16 4.0247719711e+07 8.9715896636e-18 -4.7617512743e-19 -1.5579436500e+05 1.1999837203e+08 5.6359184263e-01
4.9338601578e+00 8.0246448755e-16 1.5897616268e-16 4.0556476157e+07 8.9468804512e-18 -5.0787817728e-19 -1.2956501680e+05 1.2000111280e+08 5.6359184263e-01
4.9836942527e+00 8.1151227403e-16 2.0573405545e-16 4.0866596863e+07 8.9223665896e-18 -4.5450828254e-19 -9.0282606409e+04 1.2000292668e+08 5.6359184263e-01
5.0335283475e+00 8.2317539945e-16 2.6415438732e-16 4.1166655113e+07 8.9042149194e-18 -2.5262293487e-19 -3.9369557094e+04 1.2000302330e+08 5.6359184263e-01
5.0833624424e+00 8.3816452131e-16 3.4161878418e-16 4.1475276370e+07 8.8972055168e-18 -6.7236865015e-20 -8.1630978386e+03 1.2000302887e+08 5.6359184263e-01
5.1331965372e+00 8.5797862101e-16 4.6331058347e-16 4.1839942622e+07 8.8886915200e-18 -4.1029632244e-19 -3.7052411927e+04 1.2000024556e+08 5.6359184263e-01
5.1830306321e+00 8.8570428708e-16 6.6257458884e-16 4.2267554177e+07 8.8411403496e-18 -1.5850410104e-18 -1.0111436193e+05 1.1999578741e+08 5.6359184263e-01
5.2328647270e+00 9.2500828130e-16 9.1149810410e-16 4.2647382565e+07 8.7473491781e-18 -1.5718040149e-18 -7.3541927117e+04 1.1998745471e+08 5.6359184263e-01
5.2826988218e+00 9.7451811663e-16 1.0350112030e-15 4.2798770908e+07 8.7958350505e-18 4.8297659511e-18 1.9971575756e+05 1.1998549777e+08 5.6359184263e-01
5.3325329167e+00 1.0235946013e-15 8.9646489115e-16 4.2622287126e+07 9.3146209178e-18 1.5845551528e-17 7.5337434134e+05 1.1999102259e+08 5.6359184263e-01
5.3823670116e+00 1.0619089313e-15 6.4400464794e-16 4.2210963822e+07 1.0288585509e-17 2.1981064445e-17 1.4407379186e+06 1.1999943941e+08 5.6359184263e-01
5.4322011064e+00 1.0891523564e-15 4.7147325712e-16 4.1813875428e+07 1.1418175423e-17 2.3001896083e-17 2.0399850954e+06 1.2000387400e+08 5.6359184263e-01
5.4820352013e+00 1.1110449605e-15 4.2851814835e-16 4.1680612547e+07 1.2597250946e-17 2.4851100680e-17 2.4171884034e+06 1.2000699575e+08 5.6359184263e-01
5.5318692962e+00 1.1339706003e-15 5.1359794825e-16 4.1887689219e+07 1.3977095235e-17 3.1552689202e-17 2.5733538146e+06 1.2000250581e+08 5.6359184263e-01
5.5817033910e+00 1.1649170044e-15 7.5869845971e-16 4.2354245214e+07 1.5881396549e-17 4.6497400300e-17 2.5957114700e+06 1.1999926561e+08 5.6359184263e-01
5.6315374859e+00 1.2133726554e-15 1.2226410570e-15 4.2928917664e+07 1.8817459523e-17 7.3301830885e-17 2.5737465993e+06 1.1999868956e+08 5.6359184263e-01
5.6813715808e+00 1.2900551254e-15 1.8643291992e-15 4.3436072094e+07 2.3356484503e-17 1.0915268541e-16 2.5430937383e+06 1.1999398245e+08 5.6359184263e-01
5.7312056756e+00 1.3974777530e-15 2.3942348728e-15 4.3739200580e+07 2.9563208170e-17 1.3650834186e-16 2.4938095312e+06 1.1999317967e+08 5.6359184263e-01
5.7810397705e+00 1.5237538882e-15 2.6517937063e-15 4.3867611669e+07 3.6634817857e-17 1.4571506792e-16 2.4105087807e+06 1.1999616371e+08 5.6359184263e-01
5.8308738653e+00 1.6673628640e-15 3.2630873924e-15 4.4118611476e+07 4.4375605222e-17 1.7334457791e-16 2.3437074049e+06 1.1999135889e+08 5.6359184263e-01
5.8807079602e+00 1.8795494504e-15 5.7463409542e-15 4.4798089761e+07 5.5611423969e-17 3.0536994831e-16 2.3806436938e+06 1.1999526750e+08 5.6359184263e-01
5.9305420551e+00 2.3251435369e-15 1.3351595663e-14 4.5806537764e+07 7.9716393266e-17 7.3434920641e-16 2.5193988422e+06 1.2000233456e+08 5.6359184263e-01
5.9803761499e+00 3.3867584846e-15 3.1291306746e-14 4.6818430079e+07 1.3962689845e-16 1.7981240151e-15 2.6903748111e+06 1.1999636072e+08 5.6359184263e-01
6.0302102448e+00 5.6957972825e-15 6.4149175491e-14 4.7673450415e+07 2.7449704637e-16 3.7777149919e-15 2.8074672351e+06 1.1999349555e+08 5.6359184263e-01
6.0800443397e+00 1.0278579204e-14 1.2811410913e-13 4.8507168559e+07 5.4452541484e-16 7.5362394176e-15 2.8534065312e+06 1.2000578100e+08 5.6359184263e-01
6.1298784345e+00 2.0206178221e-14 3.0286292803e-13 4.9532104667e+07 1.1271483490e-15 1.7788209467e-14 2.9091954532e+06 1.1999119745e+08 5.6359184263e-01
6.1797125294e+00 4.9168950821e-14 1.0674733461e-12 5.1042781509e+07 2.8431479188e-15 6.3604112550e-14 3.0413226069e+06 1.2000098519e+08 5.6359184263e-01
6.2295466243e+00 2.2868304445e-13 1.0186331243e-11 5.3772799753e+07 1.3534822877e-14 6.0459421493e-13 3.1916028328e+06 1.2006164585e+08 5.6359184263e-01
6.2793807191e+00 1.7104947510e-11 2.6984378575e-09 6.0388712737e+07 1.0871108289e-12 1.7770277625e-10 3.9768349223e+06 1.1996827786e+08 5.6359184264e-01
6.3292148140e+00 3.8649726216e-04 1.4944200715e-01 8.0110408030e+07 3.5500219779e-05 1.3512512844e-02 7.2435651668e+06 1.1782991481e+08 5.6344140977e-01
6.3790489088e+00 1.6582528426e-01 7.0447867504e+00 6.7275766395e+07 4.3357876415e-03 -4.9643949305e-02 -4.7408599504e+05 1.2208570080e+08 3.9165664666e-01
6.4288830037e+00 6.2383564828e-01 1.0085658990e+01 3.9343589759e+07 -7.1735994033e-03 -1.5804367087e-01 -6.1651949138e+05 1.2455804641e+08 1.5383127047e-01
6.4787170986e+00 1.0898333189e+00 8.1577639319e+00 2.8817405131e+07 -5.2879300163e-03 7.6528690021e-02 2.7033857352e+05 1.2152377693e+08 7.7807841120e-02
6.5285511934e+00 1.4293135925e+00 5.7047239717e+00 2.5919408273e+07 -7.8165332911e-03 -1.4614156148e-01 -6.6399405413e+05 1.1985288302e+08 6.0717602007e-02
6.5783852883e+00 1.6856462980e+00 4.7599200643e+00 2.5166841348e+07 -1.4861493365e-02 -1.1597183056e-01 -6.1317094008e+05 1.1962282220e+08 5.6675706215e-02
6.6282193832e+00 1.9075269769e+00 4.1658187832e+00 2.4913150461e+07 -2.0529080627e-02 -1.0409725115e-01 -6.2254039731e+05 1.1968199731e+08 5.5798576203e-02
6.6780534780e+00 2.1044228771e+00 3.7400690226e+00 2.4846050521e+07 -2.3607024036e-02 -2.4894032333e-02 -1.6537619528e+05 1.1973336206e+08 5.6173885228e-02
6.7278875729e+00 2.2765694988e+00 3.1781469840e+00 2.4814589647e+07 -2.4385942661e-02 -9.5819064107e-03 -7.4814373538e+04 1.1987236757e+08 5.7299573031e-02
6.7777216678e+00 2.4255979298e+00 2.8381569163e+00 2.4917329108e+07 -2.3800190033e-02 4.1874812022e-02 3.6763593531e+05 1.2012778314e+08 5.8867554576e-02
6.8275557626e+00 2.5617702247e+00 2.6516873641e+00 2.4979777400e+07 -1.9628880146e-02 1.3383417123e-01 1.2607624303e+06 1.2004919341e+08 6.0433064107e-02
6.8773898575e+00 2.6939020071e+00 2.7178912617e+00 2.4999199014e+07 -8.7753380654e-03 3.2239580298e-01 2.9654007699e+06 1.1993718899e+08 6.1678486491e-02
6.9272239524e+00 2.8388330748e+00 3.1195259864e+00 2.4937192906e+07 1.4261318190e-02 6.0121487044e-01 4.8060542748e+06 1.1999469852e+08 6.1927106698e-02
6.9770580472e+00 3.0001576958e+00 3.2595585021e+00 2.4792228718e+07 4.8564349129e-02 7.2818993864e-01 5.5386186495e+06 1.2009244943e+08 6.1313979958e-02
7.0268921421e+00 3.1556366343e+00 2.9364604225e+00 2.4746850031e+07 8.2447761739e-02 6.0740860756e-01 5.1189008385e+06 1.2014739049e+08 6.1196599087e-02
7.0767262369e+00 3.2923844222e+00 2.5812977539e+00 2.4768961555e+07 1.0917455835e-01 4.8092079561e-01 4.6146976572e+06 1.2010722365e+08 6.1969715522e-02
7.1265603318e+00 3.4168103492e+00 2.4546894814e+00 2.4847918706e+07 1.3161238844e-01 4.2910610291e-01 4.3436832407e+06 1.1992160013e+08 6.3063762177e-02
7.1763944267e+00 3.5416900003e+00 2.6195040975e+00 2.5049093352e+07 1.5273617503e-01 4.2351024446e-01 4.0498305230e+06 1.1983529898e+08 6.3831735508e-02
7.2262285215e+00 3.6833031834e+00 3.0760215220e+00 2.5327062449e+07 1.7363582111e-01 4.0895366952e-01 3.3672050253e+06 1.1991051384e+08 6.3591112817e-02
7.2760626164e+00 3.8458610271e+00 3.3915286605e+00 2.5418671432e+07 1.9278131875e-01 3.5151935933e-01 2.6345509625e+06 1.2003650339e+08 6.2463785425e-02
7.3258967113e+00 4.0156318567e+00 3.3789401274e+00 2.5362223403e+07 2.0795494149e-01 2.5551653976e-01 1.9178994951e+06 1.2009096579e+08 6.1431259663e-02
7.3757308061e+00 4.1790552068e+00 3.1431049098e+00 2.5259111469e+07 2.1847881629e-01 1.7343107856e-01 1.3937539698e+06 1.2007131354e+08 6.1065429321e-02
7.4255649010e+00 4.3256967662e+00 2.7301809831e+00 2.5154711709e+07 2.2588417522e-01 1.2909828259e-01 1.1894559741e+06 1.2005200080e+08 6.1561213830e-02
7.4753989959e+00 4.4518769408e+00 2.3632782941e+00 2.5125603504e+07 2.3169153240e-01 1.0761884092e-01 1.1441683924e+06 1.2003119358e+08 6.2784800862e-02
7.5252330907e+00 4.5635880659e+00 2.1315693950e+00 2.5161103420e+07 2.3696069780e-01 1.0633268175e-01 1.2551538827e+06 1.1994301752e+08 6.4309276627e-02
7.5750671856e+00 4.6650792028e+00 1.9583124914e+00 2.5236199704e+07 2.4240217673e-01 1.1213466975e-01 1.4450466573e+06 1.1990572574e+08 6.5928711098e-02
7.6249012804e+00 4.7604809012e+00 1.8820399563e+00 2.5381250450e+07 2.4804906326e-01 1.1307912021e-01 1.5249885961e+06 1.1996069256e+08 6.7472898438e-02
7.6747353753e+00 4.8526431462e+00 1.8103403950e+00 2.5501733612e+07 2.5357981331e-01 1.0847712936e-01 1.5280854713e+06 1.1996681833e+08 6.8853974465e-02
7.7245694702e+00 4.9406100397e+00 1.7229685934e+00 2.5595515891e+07 2.5884886295e-01 1.0323197310e-01 1.5335599372e+06 1.1994226538e+08 7.0175263594e-02
7.7744035650e+00 5.0244872293e+00 1.6435880056e+00 2.5692274884e+07 2.6389366833e-01 9.9342735886e-02 1.5529079486e+06 1.1994199440e+08 7.1461886692e-02
7.8242376599e+00 5.1049026437e+00 1.5953633488e+00 2.5809828111e+07 2.6876551755e-01 9.6771794616e-02 1.5655765108e+06 1.1996490178e+08 7.2702505896e-02
7.8740717548e+00 5.1845044403e+00 1.6036557827e+00 2.5946922888e+07 2.7360454890e-01 9.7571625929e-02 1.5786950550e+06 1.1998395044e+08 7.3762101822e-02
7.9239058496e+00 5.2645915342e+00 1.6046697545e+00 2.6047040652e+07 2.7843498979e-01 9.5316896229e-02 1.5471863066e+06 1.1996857974e+08 7.4600694169e-02
7.9737399445e+00 5.3439704529e+00 1.5832714655e+00 2.6124283987e+07 2.8301377322e-01 8.8333682834e-02 1.4575227725e+06 1.1996975704e+08 7.5334296208e-02
8.0235740394e+00 5.4229953656e+00 1.5893927744e+00 2.6210656082e+07 2.8731806094e-01 8.5323050351e-02 1.4070613411e+06 1.1998846318e+08 7.5957806806e-02
8.0734081342e+00 5.5016962957e+00 1.5613477281e+00 2.6250210173e+07 2.9153288575e-01 8.3675495966e-02 1.4067970356e+06 1.1997288165e+08 7.6493376351e-02
8.1232422291e+00 5.5784375243e+00 1.5215171956e+00 2.6285159634e+07 2.9566963577e-01 8.2745548419e-02 1.4294810177e+06 1.1996571000e+08 7.7065769919e-02
8.1730763240e+00 5.6533886080e+00 1.4833867893e+00 2.6326056646e+07 2.9981337477e-01 8.3441545865e-02 1.4808591252e+06 1.1997815415e+08 7.7659957292e-02
8.2229104188e+00 5.7259816525e+00 1.4305898374e+00 2.6359578722e+07 3.0391797717e-01 8.0476993275e-02 1.4828426597e+06 1.1997064655e+08 7.8316479681e-02
8.2727445137e+00 5.7960983794e+00 1.3841423467e+00 2.6407379776e+07 3.0779080184e-01 7.5005997819e-02 1.4310030139e+06 1.1996187582e+08 7.9038094155e-02
8.3225786085e+00 5.8639902010e+00 1.3428560751e+00 2.6463958179e+07 3.1142090728e-01 7.1089145222e-02 1.4009693228e+06 1.1995994831e+08 7.9802872290e-02
8.3724127034e+00 5.9300075578e+00 1.3040778184e+00 2.6525449478e+07 3.1489585921e-01 6.8309275641e-02 1.3894372056e+06 1.1996998203e+08 8.0584639542e-02
8.4222467983e+00 5.9935655652e+00 1.2459037363e+00 2.6575855452e+07 3.1820740940e-01 6.4469768371e-02 1.3751778691e+06 1.1998317836e+08 8.1430885478e-02
8.4720808931e+00 6.0544273947e+00 1.2003775173e+00 2.6642201217e+07 3.2132295481e-01 6.0718527010e-02 1.3476387144e+06 1.1997715103e+08 8.2355654156e-02
8.5219149880e+00 6.1132352382e+00 1.1576078569e+00 2.6712066080e+07 3.2426941597e-01 5.7685305604e-02 1.3311016213e+06 1.1996941274e+08 8.3308093598e-02
8.5717490829e+00 6.1695798547e+00 1.1034511408e+00 2.6774808357e+07 3.2709582934e-01 5.5980770644e-02 1.3583514034e+06 1.1996751884e+08 8.4324507527e-02
8.6215831777e+00 6.2232031883e+00 1.0486780429e+00 2.6845890482e+07 3.2984200748e-01 5.3925170441e-02 1.3804706123e+06 1.1997250890e+08 8.5425592385e-02
8.6714172726e+00 6.2740961223e+00 9.9503557825e-01 2.6926013573e+07 3.3244660804e-01 5.0620836840e-02 1.3698176926e+06 1.1997318565e+08 8.6612580583e-02
8.7212513675e+00 6.3223459576e+00 9.3941511220e-01 2.7009294226e+07 3.3489258918e-01 4.7535794193e-02 1.3667102381e+06 1.1997338290e+08 8.7880047942e-02
8.7710854623e+00 6.3674679602e+00 8.7121881485e-01 2.7087202669e+07 3.3717548712e-01 4.4056331315e-02 1.3697624005e+06 1.1997920332e+08 8.9273437815e-02
8.8209195572e+00 6.4092540742e+00 8.0796856376e-01 2.7182692986e+07 3.3928037025e-01 4.0450796813e-02 1.3608965004e+06 1.1998282870e+08 9.0812452851e-02
8.8707536520e+00 6.4483049372e+00 7.6408862979e-01 2.7312070810e+07 3.4122313274e-01 3.7856581428e-02 1.3531697663e+06 1.1998224659e+08 9.2446245582e-02
8.9205877469e+00 6.4857218090e+00 7.3785320657e-01 2.7465372184e+07 3.4307641523e-01 3.6537919133e-02 1.3600639516e+06 1.1997921915e+08 9.4080265337e-02
8.9704218418e+00 6.5215563659e+00 6.9625548474e-01 2.7591049460e+07 3.4484912005e-01 3.4449606320e-02 1.3651609398e+06 1.1997240787e+08 9.5722306726e-02
9.0202559366e+00 6.5547452088e+00 6.3414246019e-01 2.7689225314e+07 3.4650206351e-01 3.1899005416e-02 1.3928396279e+06 1.1997120325e+08 9.7488437023e-02
9.0700900315e+00 6.5847519818e+00 5.7230765214e-01 2.7799369629e+07 3.4802705610e-01 2.9317732922e-02 1.4240845656e+06 1.1997377442e+08 9.9440100296e-02
9.1199241264e+00 6.6120092996e+00 5.2361945567e-01 2.7944785200e+07 3.4942987417e-01 2.7108083952e-02 1.4467177929e+06 1.1997857800e+08 1.0154044227e-01
9.1697582212e+00 6.6369102076e+00 4.7443623552e-01 2.8092281201e+07 3.5073405499e-01 2.5223850001e-02 1.4935526297e+06 1.1998653802e+08 1.0375942972e-01
9.2195923161e+00 6.6591644162e+00 4.1881434324e-01 2.8224075490e+07 3.5194200888e-01 2.3291003261e-02 1.5695905474e+06 1.1998369054e+08 1.0614295583e-01
9.2694264110e+00 6.6786352127e+00 3.6267388930e-01 2.8353868211e+07 3.5305384780e-01 2.1256209386e-02 1.6618118298e+06 1.1997565682e+08 1.0872132572e-01
9.3192605058e+00 6.6953141422e+00 3.0819230892e-01 2.8488551830e+07 3.5405007323e-01 1.8691979548e-02 1.7278413924e+06 1.1997052909e+08 1.1151265950e-01
9.3690946007e+00 6.7095299672e+00 2.6479838677e-01 2.8663712511e+07 3.5491783507e-01 1.6215074218e-02 1.7552381319e+06 1.1997364346e+08 1.1449579979e-01
9.4189286956e+00 6.7219130500e+00 2.3421280118e-01 2.8891670168e+07 3.5567632025e-01 1.4359359321e-02 1.7713202320e+06 1.1998246927e+08 1.1761067583e-01
9.4687627904e+00 6.7329404347e+00 2.0794138333e-01 2.9132814987e+07 3.5635421673e-01 1.2815644321e-02 1.7954857709e+06 1.1998587240e+08 1.2081222543e-01
9.5185968853e+00 6.7425337037e+00 1.7667922317e-01 2.9333835212e+07 3.5694524895e-01 1.0860085420e-02 1.8030866923e+06 1.1998216919e+08 1.2412595854e-01
9.5684309801e+00 6.7505417808e+00 1.4512731278e-01 2.9513171368e+07 3.5743481909e-01 8.8066923318e-03 1.7909338703e+06 1.1998125770e+08 1.2758208161e-01
9.6182650750e+00 6.7570228398e+00 1.1578388170e-01 2.9670490903e+07 3.5782426131e-01 6.8781254824e-03 1.7625714094e+06 1.1997767846e+08 1.3114403015e-01
9.6680991699e+00 6.7621798457e+00 9.2618151408e-02 2.9821425141e+07 3.5812717536e-01 5.3736397456e-03 1.7302180293e+06 1.1997989699e+08 1.3461121868e-01
9.7179332647e+00 6.7663717753e+00 7.6820638699e-02 2.9969770209e+07 3.5836719171e-01 4.3317232709e-03 1.6899202250e+06 1.1997663160e+08 1.3770179240e-01
9.7677673596e+00 6.7699311739e+00 6.6864709937e-02 3.0129650501e+07 3.5856456242e-01 3.6403631053e-03 1.6403700571e+06 1.1998090687e+08 1.4038762278e-01
9.8176014545e+00 6.7730712006e+00 5.9147514318e-02 3.0272484073e+07 3.5873227880e-01 3.0958515101e-03 1.5844979559e+06 1.1998637428e+08 1.4276589878e-01
9.8674355493e+00 6.7757973531e+00 5.0050926621e-02 3.0322201163e+07 3.5887237939e-01 2.5276601062e-03 1.5313246604e+06 1.1998254779e+08 1.4483396214e-01
