# TPV104 station: x2_0_x3_3 (along_strike=0, down_dip=3000)
# Columns (SCEC TPV104 trace layout): t  h-slip  h-slip-rate  h-shear-stress  v-slip  v-slip-rate  v-shear-stress  n-stress  psi
# BP5 convention: h = strike = component 2, v = dip = component 1.  TPV104 is pure strike-slip so v-slip / v-slip-rate / v-shear-stress ≈ 0.
0.0000000000e+00 0.0000000000e+00 1.0000000000e-16 4.0000000000e+07 0.0000000000e+00 0.0000000000e+00 0.0000000000e+00 1.2000000000e+08 5.6359184263e-01
2.8476625637e-04 2.8476625637e-20 1.0000000000e-16 4.0000000000e+07 0.0000000000e+00 0.0000000000e+00 0.0000000000e+00 1.2000000000e+08 5.6359184263e-01
5.0118861120e-02 5.0118861120e-18 1.0000000000e-16 4.0000000000e+07 1.0333751939e-36 1.3678704230e-35 5.4714816918e-12 1.2000000000e+08 5.6359184263e-01
9.9952955984e-02 9.9952955984e-18 1.0000000000e-16 4.0000000000e+07 6.4703118431e-37 -7.5789156634e-36 -3.0315662654e-12 1.2000000000e+08 5.6359184263e-01
1.4978705085e-01 1.4978705085e-17 1.0000000000e-16 4.0000000000e+07 4.6930636068e-37 -4.9799530594e-36 -1.9919812238e-12 1.2000000000e+08 5.6359184263e-01
1.9962114571e-01 1.9962114571e-17 1.0000000000e-16 4.0000000000e+07 1.0828714454e-37 -4.7814121269e-36 -1.9125648508e-12 1.2000000000e+08 5.6359184263e-01
2.4945524058e-01 2.4945524058e-17 1.0000000000e-16 4.0000000000e+07 1.4418623811e-37 3.0162747092e-36 1.2065098837e-12 1.2000000000e+08 5.6359184263e-01
2.9928933544e-01 2.9928933544e-17 1.0000000000e-16 4.0000000000e+07 1.1909095969e-37 -3.1892619720e-36 -1.2757047888e-12 1.2000000000e+08 5.6359184263e-01
3.4912343030e-01 3.4912343030e-17 1.0000000000e-16 4.0000000000e+07 4.6636977372e-38 6.6661679375e-37 2.6664671750e-13 1.2000000000e+08 5.6359184263e-01
3.9895752517e-01 3.9895752517e-17 1.0000000000e-16 4.0000000000e+07 7.4277907439e-38 -3.7109286833e-37 -1.4843714733e-13 1.2000000000e+08 5.6359184263e-01
4.4879162003e-01 4.4879162003e-17 1.0000000000e-16 4.0000000000e+07 3.6717984852e-38 -3.4411309481e-37 -1.3764523792e-13 1.2000000000e+08 5.6359184263e-01
4.9862571490e-01 4.9862571490e-17 1.0000000000e-16 4.0000000000e+07 6.9825196436e-38 1.1613093610e-36 4.6452374440e-13 1.2000000000e+08 5.6359184263e-01
5.4845980976e-01 5.4845980976e-17 1.0000000000e-16 4.0000000000e+07 7.9468548133e-38 -1.0201750666e-36 -4.0807002665e-13 1.2000000000e+08 5.6359184263e-01
5.9829390462e-01 5.9829390462e-17 1.0000000000e-16 4.0000000000e+07 1.0953479791e-38 -1.0940851878e-36 -4.3763407513e-13 1.2000000000e+08 5.6359184263e-01
6.4812799949e-01 6.4812799949e-17 1.0000000000e-16 4.0000000000e+07 -1.6445810117e-38 -4.9585277837e-37 -1.9834111135e-13 1.2000000000e+08 5.6359184263e-01
6.9796209435e-01 6.9796209435e-17 1.0000000000e-16 4.0000000000e+07 -1.3750884481e-37 -5.8904835624e-36 -2.3561934249e-12 1.2000000000e+08 5.6359184263e-01
7.4779618922e-01 7.4779618922e-17 1.0000000000e-16 4.0000000000e+07 -8.9213961007e-37 -2.9870406100e-35 -1.1948162440e-11 1.2000000000e+08 5.6359184263e-01
7.9763028408e-01 7.9763028408e-17 1.0000000000e-16 4.0000000000e+07 -5.3064300916e-36 -2.1920038711e-34 -8.7680154843e-11 1.2000000000e+08 5.6359184263e-01
8.4746437894e-01 8.4746437894e-17 1.0000000000e-16 4.0000000000e+07 -6.0051200098e-35 -3.1607168151e-33 -1.2642867260e-09 1.2000000000e+08 5.6359184263e-01
8.9729847381e-01 8.9729847381e-17 1.0000000000e-16 4.0000000000e+07 -8.3686759470e-34 -4.3001106223e-32 -1.7200442489e-08 1.2000000000e+08 5.6359184263e-01
9.4713256867e-01 9.4713256867e-17 1.0000000000e-16 4.0000000000e+07 -1.0110605338e-32 -4.8345072348e-31 -1.9338028939e-07 1.2000000000e+08 5.6359184263e-01
9.9696666354e-01 9.9696666354e-17 9.9999999998e-17 4.0000000000e+07 -1.0093918856e-31 -4.4406149943e-30 -1.7762459978e-06 1.2000000000e+08 5.6359184263e-01
1.0468007584e+00 1.0468007584e-16 9.9999999982e-17 4.0000000000e+07 -8.4881598570e-31 -3.5028625446e-29 -1.4011450181e-05 1.2000000000e+08 5.6359184263e-01
1.0966348533e+00 1.0966348532e-16 9.9999999832e-17 3.9999999998e+07 -6.5302901101e-30 -2.6375271741e-28 -1.0550108713e-04 1.2000000000e+08 5.6359184263e-01
1.1464689481e+00 1.1464689478e-16 9.9999998599e-17 3.9999999983e+07 -4.8874887946e-29 -1.9446573011e-27 -7.7786293099e-04 1.2000000000e+08 5.6359184263e-01
1.1963030430e+00 1.1963030404e-16 9.9999989978e-17 3.9999999877e+07 -3.4319097695e-28 -1.2955673759e-26 -5.1822700070e-03 1.1999999999e+08 5.6359184263e-01
1.2461371379e+00 1.2461371210e-16 9.9999939339e-17 3.9999999265e+07 -2.1081514040e-27 -7.2752049031e-26 -2.9100836731e-02 1.1999999998e+08 5.6359184263e-01
1.2959712327e+00 1.2959711383e-16 9.9999689785e-17 3.9999996262e+07 -1.0811105315e-26 -3.3352526561e-25 -1.3341050764e-01 1.1999999995e+08 5.6359184263e-01
1.3458053276e+00 1.3458048762e-16 9.9998660202e-17 3.9999983895e+07 -4.5388155397e-26 -1.1999627016e-24 -4.7999131832e-01 1.1999999992e+08 5.6359184263e-01
1.3956394224e+00 1.3956375854e-16 9.9995146503e-17 3.9999941493e+07 -1.5410298805e-25 -3.4769722203e-24 -1.3908543589e+00 1.1999999921e+08 5.6359184263e-01
1.4454735173e+00 1.4454671793e-16 9.9985340156e-17 3.9999823140e+07 -4.3665918947e-25 -8.4458956067e-24 -3.3788386377e+00 1.1999999721e+08 5.6359184263e-01
1.4953076122e+00 1.4952890123e-16 9.9962741310e-17 3.9999551116e+07 -1.0927579720e-24 -1.9246739310e-23 -7.7014787984e+00 1.1999999491e+08 5.6359184263e-01
1.5451417070e+00 1.5450942673e-16 9.9916489527e-17 3.9998994231e+07 -2.5656550251e-24 -4.2145554278e-23 -1.6871887617e+01 1.1999999033e+08 5.6359184263e-01
1.5949758019e+00 1.5948660141e-16 9.9822207822e-17 3.9997857605e+07 -5.6556014417e-24 -9.2656558598e-23 -3.7126646644e+01 1.1999997903e+08 5.6359184263e-01
1.6448098968e+00 1.6445632020e-16 9.9590183788e-17 3.9995141962e+07 -1.3161956905e-23 -2.1034520243e-22 -8.4474050677e+01 1.2000020961e+08 5.6359184263e-01
1.6946439916e+00 1.6940613512e-16 9.8965002986e-17 3.9987133215e+07 -3.3854979982e-23 -7.0662802761e-22 -2.8551536625e+02 1.1999885334e+08 5.6359184263e-01
1.7444780865e+00 1.7429944904e-16 9.7105553717e-17 3.9964776521e+07 -8.2273202980e-23 -1.4618912070e-21 -6.0165616845e+02 1.2000006745e+08 5.6359184263e-01
1.7943121814e+00 1.7904708432e-16 9.3092283770e-17 3.9914412846e+07 -2.1419164066e-22 -3.6528692450e-21 -1.5662107020e+03 1.2000092460e+08 5.6359184263e-01
1.8441462762e+00 1.8353039146e-16 8.6241905397e-17 3.9821099105e+07 -4.5843830968e-22 -6.5904604889e-21 -3.0430610162e+03 1.1999613082e+08 5.6359184263e-01
1.8939803711e+00 1.8758038086e-16 7.5946280224e-17 3.9669517536e+07 -8.5607795197e-22 -9.4832302825e-21 -4.9534377309e+03 1.1999906395e+08 5.6359184263e-01
1.9438144660e+00 1.9105879922e-16 6.3312560839e-17 3.9449473922e+07 -1.4870867631e-21 -1.5850111259e-20 -9.8760584388e+03 1.1999385225e+08 5.6359184263e-01
1.9936485608e+00 1.9385579495e-16 4.8784973782e-17 3.9137430106e+07 -2.3967609063e-21 -1.9845060957e-20 -1.5920571970e+04 1.1999610814e+08 5.6359184263e-01
2.0434826557e+00 1.9589561344e-16 3.3128329290e-17 3.8671706632e+07 -3.2992622347e-21 -1.4438356449e-20 -1.6854332736e+04 1.1999208115e+08 5.6359184263e-01
2.0933167505e+00 1.9719922670e-16 2.0259058150e-17 3.8077178608e+07 -3.7121864422e-21 -2.2594027807e-21 -4.2465786214e+03 1.1997813466e+08 5.6359184263e-01
2.1431508454e+00 1.9804571131e-16 1.5337563914e-17 3.7747359193e+07 -3.6351076150e-21 4.5039637318e-21 1.1084728822e+04 1.1999109626e+08 5.6359184263e-01
2.1929849403e+00 1.9893616544e-16 2.3577104624e-17 3.8268622903e+07 -3.1552771316e-21 1.8161158302e-20 2.9477856998e+04 1.2000786117e+08 5.6359184263e-01
2.2428190351e+00 2.0112129707e-16 7.9161372208e-17 3.9723706298e+07 -8.9095886748e-22 9.2318243329e-20 4.6325912269e+04 1.2001253962e+08 5.6359184263e-01
2.2926531300e+00 2.1057141021e-16 3.7228125164e-16 4.1587821715e+07 9.1944816493e-21 3.4976707994e-19 3.9072746474e+04 1.2003020167e+08 5.6359184263e-01
2.3424872249e+00 2.5232718263e-16 1.5271863461e-15 4.3279252499e+07 4.1116275754e-20 9.9840061212e-19 2.8293883256e+04 1.2002231576e+08 5.6359184263e-01
2.3923213197e+00 4.0435283938e-16 5.2632567373e-15 4.4759440311e+07 1.0903814726e-19 1.8961865096e-18 1.6125424073e+04 1.2000922614e+08 5.6359184263e-01
2.4421554146e+00 9.1117932824e-16 1.7318071627e-14 4.6189006062e+07 2.1472946203e-19 1.6556903227e-18 4.4158894824e+03 1.2000988235e+08 5.6359184263e-01
2.4919895095e+00 2.6219193760e-15 6.1250108922e-14 4.7703670095e+07 1.6005639837e-18 1.0226757695e-16 7.9649470644e+04 1.2000672702e+08 5.6359184263e-01
2.5418236043e+00 9.5762975065e-15 2.7269651345e-13 4.9482676131e+07 2.4713382223e-17 1.1092986393e-15 2.0128994174e+05 1.1997561383e+08 5.6359184263e-01
2.5916576992e+00 4.7104546740e-14 1.6876974690e-12 5.1645691159e+07 1.2793518164e-16 3.0637029540e-15 9.3753210795e+04 1.1991949213e+08 5.6359184263e-01
2.6414917940e+00 4.3229264220e-13 2.4677667260e-11 5.4896750667e+07 1.9118517629e-15 1.9112295134e-13 4.2516291738e+05 1.1999753920e+08 5.6359184263e-01
2.6913258889e+00 4.5060658931e-11 7.1752044910e-09 6.1639830483e+07 5.2288182567e-13 6.5184479652e-11 5.5997850388e+05 1.1987525253e+08 5.6359184265e-01
2.7411599838e+00 4.1091875056e-04 1.4452685538e-01 8.0538150903e+07 -6.0597719443e-06 -2.1426425075e-03 -1.1939958504e+06 1.1805636901e+08 5.6343778053e-01
2.7909940786e+00 1.1416702831e-01 4.0741992790e+00 7.0300602089e+07 -1.1267597422e-03 -2.2160863791e-02 -3.8238730132e+05 1.1843068568e+08 4.4029211136e-01
2.8408281735e+00 3.5205739325e-01 5.0706216228e+00 5.0767713360e+07 -1.4086240474e-03 -1.5820370507e-02 -1.5839557650e+05 1.2033318451e+08 2.6672960993e-01
2.8906622684e+00 5.9133461672e-01 4.3478533872e+00 3.8999055037e+07 -3.6721843776e-03 -5.6387326545e-02 -5.0577888799e+05 1.2042732697e+08 1.7065462377e-01
2.9404963632e+00 7.8878781761e-01 3.7219510627e+00 3.3502157076e+07 -5.6430162302e-03 -1.0581498688e-02 -9.5246558905e+04 1.2061901256e+08 1.2627375762e-01
2.9903304581e+00 9.6148168203e-01 3.1580721403e+00 3.0457097109e+07 -4.9779078006e-03 3.2877049758e-02 3.1707302831e+05 1.2060429913e+08 1.0280199193e-01
3.0401645530e+00 1.1089795534e+00 2.8251434759e+00 2.8811942798e+07 -3.1113529576e-03 3.1987771392e-02 3.2622408293e+05 1.2056708199e+08 9.0390091019e-02
3.0899986478e+00 1.2436470256e+00 2.5793155619e+00 2.7765862920e+07 -2.0642845809e-03 1.7438521129e-02 1.8772250839e+05 1.2037258221e+08 8.3008684583e-02
3.1398327427e+00 1.3667098936e+00 2.3595158256e+00 2.7137340857e+07 -1.2373246415e-03 1.1943290626e-02 1.3736256615e+05 1.2037676467e+08 7.8681372252e-02
3.1896668376e+00 1.4793581606e+00 2.1774452953e+00 2.6748877909e+07 -1.0399292659e-03 2.8280253914e-03 3.4740944390e+04 1.2037518763e+08 7.6265999970e-02
3.2395009324e+00 1.5838531320e+00 2.0125842592e+00 2.6504826252e+07 -6.1250152755e-04 1.0382156934e-02 1.3672832051e+05 1.2039082572e+08 7.5005485037e-02
3.2893350273e+00 1.6811872801e+00 1.9093804902e+00 2.6379010900e+07 -3.5154096307e-04 1.6941272669e-03 2.3405183969e+04 1.2038064178e+08 7.4505551043e-02
3.3391691221e+00 1.7738771513e+00 1.8026198635e+00 2.6300696182e+07 -1.1723758443e-04 8.1496371759e-03 1.1890534199e+05 1.2039112082e+08 7.4415725851e-02
3.3890032170e+00 1.8613975457e+00 1.7221921054e+00 2.6268511125e+07 1.9008390631e-04 2.6586850280e-03 4.0552791422e+04 1.2035184333e+08 7.4675458405e-02
3.4388373119e+00 1.9452880565e+00 1.6356136536e+00 2.6254342287e+07 2.2747119657e-04 2.1836354621e-04 3.5051011419e+03 1.2032744329e+08 7.5118744186e-02
3.4886714067e+00 2.0244318705e+00 1.5496174458e+00 2.6274855440e+07 3.2925449335e-04 4.4640101818e-03 7.5690437355e+04 1.2035223642e+08 7.5786189723e-02
3.5385055016e+00 2.1001212901e+00 1.4884699638e+00 2.6316268587e+07 5.7565727520e-04 3.7637541419e-03 6.6543475717e+04 1.2033758505e+08 7.6559724236e-02
3.5883395965e+00 2.1727007772e+00 1.4212315276e+00 2.6354416326e+07 6.5948954226e-04 3.1527581775e-04 5.8462748657e+03 1.2029933068e+08 7.7408476690e-02
3.6381736913e+00 2.2415418530e+00 1.3435628856e+00 2.6395268322e+07 7.0075823801e-04 1.7988379179e-03 3.5339476864e+04 1.2026580779e+08 7.8372079875e-02
3.6880077862e+00 2.3066149541e+00 1.2659743539e+00 2.6453550781e+07 8.2193975858e-04 2.5559089718e-03 5.3407770521e+04 1.2026942337e+08 7.9445811586e-02
3.7378418811e+00 2.3677896407e+00 1.1943134864e+00 2.6527051710e+07 9.1736795356e-04 1.3450727840e-03 2.9875586017e+04 1.2027157777e+08 8.0635925791e-02
3.7876759759e+00 2.4254988272e+00 1.1140778680e+00 2.6592040910e+07 9.9005295309e-04 1.8822571486e-03 4.4927792335e+04 1.2025062932e+08 8.1911144191e-02
3.8375100708e+00 2.4783727722e+00 1.0129568366e+00 2.6653349538e+07 1.0999718344e-03 2.1163649775e-03 5.5686692122e+04 1.2024794794e+08 8.3378799259e-02
3.8873441656e+00 2.5273997188e+00 9.6524926972e-01 2.6782657503e+07 1.1627654278e-03 4.5357847822e-04 1.2585388473e+04 1.2023560556e+08 8.4958988903e-02
3.9371782605e+00 2.5753952354e+00 9.6641595316e-01 2.6958467233e+07 1.1840940386e-03 6.0896150041e-04 1.6987166448e+04 1.2022015342e+08 8.6436912487e-02
3.9870123554e+00 2.6242085994e+00 9.9811344490e-01 2.7142591342e+07 1.2053453053e-03 5.9889756433e-05 1.6286356954e+03 1.2020211302e+08 8.7677919012e-02
4.0368464502e+00 2.6750339471e+00 1.0357557875e+00 2.7297227465e+07 1.2060574571e-03 2.9985678287e-04 7.9026918385e+03 1.2019704692e+08 8.8602112409e-02
4.0866805451e+00 2.7266553672e+00 1.0304629769e+00 2.7379383258e+07 1.2495155447e-03 1.3821410982e-03 3.6723464784e+04 1.2019110428e+08 8.9347896871e-02
4.1365146400e+00 2.7774491848e+00 1.0066499249e+00 2.7437896004e+07 1.3279624941e-03 1.5505991423e-03 4.2264124756e+04 1.2018561018e+08 9.0079150913e-02
4.1863487348e+00 2.8269922848e+00 9.8357852141e-01 2.7499465156e+07 1.3897089136e-03 8.8687064581e-04 2.4795649652e+04 1.2017787856e+08 9.0837944770e-02
4.2361828297e+00 2.8756564065e+00 9.7041744254e-01 2.7568562144e+07 1.4221043269e-03 5.8132128258e-04 1.6514740154e+04 1.2015571261e+08 9.1589728758e-02
4.2860169246e+00 2.9236335417e+00 9.5299025204e-01 2.7631875018e+07 1.4655917609e-03 1.1787919097e-03 3.4178975756e+04 1.2014385971e+08 9.2320682872e-02
4.3358510194e+00 2.9704813312e+00 9.2807047516e-01 2.7692362675e+07 1.5161788295e-03 5.8091933108e-04 1.7333843961e+04 1.2014971648e+08 9.3077966939e-02
4.3856851143e+00 3.0164288902e+00 9.1937159756e-01 2.7772790947e+07 1.5289567445e-03 2.8714306861e-04 8.6741470343e+03 1.2015117476e+08 9.3838457559e-02
4.4355192092e+00 3.0621858632e+00 9.1511271148e-01 2.7850539622e+07 1.5679098134e-03 1.2203040176e-03 3.7138731618e+04 1.2014949605e+08 9.4535076581e-02
4.4853533040e+00 3.1074540029e+00 9.0154904346e-01 2.7911939549e+07 1.6347308626e-03 1.3417831365e-03 4.1541577872e+04 1.2014400456e+08 9.5206077806e-02
4.5351873989e+00 3.1521227117e+00 8.9210458144e-01 2.7976499206e+07 1.7006319643e-03 1.3575010003e-03 4.2571382825e+04 1.2013496882e+08 9.5866134623e-02
4.5850214937e+00 3.1964976060e+00 8.9085799316e-01 2.8046072953e+07 1.7653730461e-03 1.0464581201e-03 3.2944690403e+04 1.2012078055e+08 9.6486363852e-02
4.6348555886e+00 3.2410587059e+00 8.9714924151e-01 2.8117396859e+07 1.7909241996e-03 7.3113203602e-05 2.2914280770e+03 1.2011437590e+08 9.7021549081e-02
4.6846896835e+00 3.2857163371e+00 8.9281080626e-01 2.8167522176e+07 1.7977611566e-03 4.1981548967e-04 1.3244868938e+04 1.2011258274e+08 9.7490701859e-02
4.7345237783e+00 3.3299463737e+00 8.8283477752e-01 2.8210819169e+07 1.8354530646e-03 9.6327039578e-04 3.0781124213e+04 1.2011635423e+08 9.7956298960e-02
4.7843578732e+00 3.3738354537e+00 8.8027482988e-01 2.8259355472e+07 1.8799996587e-03 7.4260687235e-04 2.3839817827e+04 1.2010596016e+08 9.8409520330e-02
4.8341919681e+00 3.4178186311e+00 8.8568238619e-01 2.8311766673e+07 1.9089458666e-03 4.7149580498e-04 1.5071858068e+04 1.2009536626e+08 9.8804972454e-02
4.8840260629e+00 3.4621990413e+00 8.9703208860e-01 2.8366543235e+07 1.9305920333e-03 3.7886961144e-04 1.1980865958e+04 1.2010443365e+08 9.9115332948e-02
4.9338601578e+00 3.5074565469e+00 9.2097053370e-01 2.8417948020e+07 1.9431212839e-03 1.3053431497e-04 4.0278350304e+03 1.2009615602e+08 9.9295344943e-02
4.9836942527e+00 3.5539725243e+00 9.4310747762e-01 2.8447793551e+07 1.9489631795e-03 1.7974516629e-04 5.4218140602e+03 1.2009078567e+08 9.9316173459e-02
5.0335283475e+00 3.6011144323e+00 9.4676885472e-01 2.8445295549e+07 1.9662204035e-03 5.0499478924e-04 1.5172368587e+04 1.2008600487e+08 9.9265993704e-02
5.0833624424e+00 3.6484885971e+00 9.5922816779e-01 2.8454055690e+07 1.9937325380e-03 5.3686804827e-04 1.5925380276e+04 1.2009251174e+08 9.9194995974e-02
5.1331965372e+00 3.6972567473e+00 1.0004980527e+00 2.8475626807e+07 2.0151930126e-03 2.8145818545e-04 8.0107084955e+03 1.2008103036e+08 9.8974778421e-02
5.1830306321e+00 3.7477898683e+00 1.0171684063e+00 2.8445402277e+07 2.0198347399e-03 -5.0221711135e-05 -1.4044643614e+03 1.2006718858e+08 9.8584847076e-02
5.2328647270e+00 3.7986113533e+00 1.0508553509e+00 2.8440949902e+07 2.0208847022e-03 2.2735110307e-04 6.1531602110e+03 1.2007344190e+08 9.8208758693e-02
5.2826988218e+00 3.8605841220e+00 1.5623036495e+00 2.8729853988e+07 2.0483388739e-03 7.0519005278e-04 1.2968034259e+04 1.2008665407e+08 9.6606771296e-02
5.3325329167e+00 3.9667707708e+00 2.7482128778e+00 2.8670503423e+07 2.0400035452e-03 -1.4914554537e-03 -1.5559485597e+04 1.2011784978e+08 9.0370486905e-02
5.3823670116e+00 4.1290256080e+00 3.6096125692e+00 2.7788555556e+07 1.9292480421e-03 -2.1281090973e-03 -1.6383220289e+04 1.2009851185e+08 8.0333883761e-02
5.4322011064e+00 4.3104349834e+00 3.5416312784e+00 2.6781732762e+07 1.8894404488e-03 7.6393898101e-04 5.7768886784e+03 1.2003074145e+08 7.2288893669e-02
5.4820352013e+00 4.4749341366e+00 3.0449337757e+00 2.6104283992e+07 1.9989197682e-03 3.2789156438e-03 2.8110215675e+04 1.1999220952e+08 6.8246243287e-02
5.5318692962e+00 4.6147345379e+00 2.5904758769e+00 2.5753758103e+07 2.1686887691e-03 3.0297490488e-03 3.0120884278e+04 1.2000780916e+08 6.6924650793e-02
5.5817033910e+00 4.7352113688e+00 2.2656481428e+00 2.5606673532e+07 2.2654718401e-03 7.4142960417e-04 8.3797415238e+03 1.2003400541e+08 6.6997599027e-02
5.6315374859e+00 4.8419937508e+00 2.0325549224e+00 2.5569642303e+07 2.2555251122e-03 -7.6071910083e-04 -9.5698842311e+03 1.2004694160e+08 6.7754534757e-02
5.6813715808e+00 4.9385265963e+00 1.8484141085e+00 2.5594905236e+07 2.2328650092e-03 1.6430053801e-04 2.2750620011e+03 1.2007462263e+08 6.8866985860e-02
5.7312056756e+00 5.0267227286e+00 1.6977909501e+00 2.5652245534e+07 2.2731031958e-03 1.1589651479e-03 1.7511024274e+04 1.2008031269e+08 7.0185318816e-02
5.7810397705e+00 5.1082354441e+00 1.5786534593e+00 2.5732244121e+07 2.3148751272e-03 3.2974092026e-04 5.3748172575e+03 1.2006284218e+08 7.1610616791e-02
5.8308738653e+00 5.1844039249e+00 1.4821918708e+00 2.5831247279e+07 2.3095957437e-03 -3.5282554959e-04 -6.1489502117e+03 1.2005568791e+08 7.3078654255e-02
5.8807079602e+00 5.2562163933e+00 1.4019565454e+00 2.5939930266e+07 2.2963256565e-03 -9.1994649135e-05 -1.7021460410e+03 1.2004962392e+08 7.4551333946e-02
5.9305420551e+00 5.3241665024e+00 1.3258096984e+00 2.6050088600e+07 2.3011124121e-03 2.3026556646e-04 4.5243585224e+03 1.2005279608e+08 7.6021690855e-02
5.9803761499e+00 5.3884503938e+00 1.2565781247e+00 2.6163187323e+07 2.3114433155e-03 8.8330520365e-05 1.8391279501e+03 1.2005360021e+08 7.7498625871e-02
6.0302102448e+00 5.4496111397e+00 1.2001634501e+00 2.6282684783e+07 2.3009774080e-03 -5.4547125731e-04 -1.1945413863e+04 1.2004712667e+08 7.8965037795e-02
6.0800443397e+00 5.5082037832e+00 1.1531182090e+00 2.6407402978e+07 2.2620871651e-03 -8.8580533189e-04 -2.0285707205e+04 1.2004810241e+08 8.0401874902e-02
6.1298784345e+00 5.5646792085e+00 1.1148276308e+00 2.6532906217e+07 2.2246375409e-03 -5.5907860489e-04 -1.3306075112e+04 1.2004227909e+08 8.1795418178e-02
6.1797125294e+00 5.6193623576e+00 1.0800243258e+00 2.6651662218e+07 2.2056333504e-03 -2.4693187873e-04 -6.0935155496e+03 1.2002182386e+08 8.3139423432e-02
6.2295466243e+00 5.6723177881e+00 1.0459068706e+00 2.6769298767e+07 2.1975932626e-03 -7.5720838116e-05 -1.9380250722e+03 1.2001913319e+08 8.4445348851e-02
6.2793807191e+00 5.7237030173e+00 1.0178355871e+00 2.6892088271e+07 2.1992043596e-03 1.3981078016e-04 3.6939205987e+03 1.2003298047e+08 8.5714389467e-02
6.3292148140e+00 5.7738662880e+00 9.9635975148e-01 2.7012280129e+07 2.2092011015e-03 2.2347970201e-04 6.0587516756e+03 1.2003189621e+08 8.6930664246e-02
6.3790489088e+00 5.8230861141e+00 9.7993734955e-01 2.7127019519e+07 2.2194719169e-03 1.9747048090e-04 5.4664572098e+03 1.2001550354e+08 8.8083246154e-02
6.4288830037e+00 5.8716157609e+00 9.6862578980e-01 2.7242673455e+07 2.2319949077e-03 3.4614050513e-04 9.7352278351e+03 1.2001569698e+08 8.9162199723e-02
6.4787170986e+00 5.9197026654e+00 9.6186319914e-01 2.7356630587e+07 2.2575631437e-03 6.9608207200e-04 1.9797472363e+04 1.2002841185e+08 9.0157174719e-02
6.5285511934e+00 5.9675045144e+00 9.5661877236e-01 2.7459579597e+07 2.3005380680e-03 9.9045900558e-04 2.8430957752e+04 1.2003035716e+08 9.1065429676e-02
6.5783852883e+00 6.0150549311e+00 9.5200003726e-01 2.7552442239e+07 2.3511933882e-03 9.9032635847e-04 2.8661668825e+04 1.2002629566e+08 9.1894823622e-02
6.6282193832e+00 6.0624109045e+00 9.4866992423e-01 2.7637885568e+07 2.3959145434e-03 7.9675968894e-04 2.3212239100e+04 1.2002191264e+08 9.2649689496e-02
6.6780534780e+00 6.1096062476e+00 9.4543404994e-01 2.7713320638e+07 2.4313396622e-03 6.4083242168e-04 1.8784593572e+04 1.2000951796e+08 9.3335820814e-02
6.7278875729e+00 6.1566453313e+00 9.4256408759e-01 2.7782720591e+07 2.4611279336e-03 5.6682258760e-04 1.6707483112e+04 1.2000082797e+08 9.3960928922e-02
6.7777216678e+00 6.2035738071e+00 9.4103615247e-01 2.7848912521e+07 2.4885864804e-03 5.3533133511e-04 1.5842532172e+04 1.2000123189e+08 9.4527628674e-02
6.8275557626e+00 6.2504159830e+00 9.3818898741e-01 2.7906746289e+07 2.5134344971e-03 4.4674780847e-04 1.3288663493e+04 1.2000083765e+08 9.5040370168e-02
6.8773898575e+00 6.2969913426e+00 9.3040063685e-01 2.7956835381e+07 2.5324003217e-03 3.2156486040e-04 9.6624352033e+03 1.2000965197e+08 9.5523932402e-02
6.9272239524e+00 6.3431247948e+00 9.2128394420e-01 2.8003683961e+07 2.5463040220e-03 2.3549455296e-04 7.1581786237e+03 1.2001624880e+08 9.5999912786e-02
6.9770580472e+00 6.3888327921e+00 9.1330669659e-01 2.8047839258e+07 2.5545844028e-03 8.7194643533e-05 2.6777657003e+03 1.2000933222e+08 9.6468195771e-02
7.0268921421e+00 6.4341486255e+00 9.0526748444e-01 2.8089505615e+07 2.5563365316e-03 2.5466344485e-05 7.9019410139e+02 1.1999739359e+08 9.6927043944e-02
7.0767262369e+00 6.4790500761e+00 8.9698577598e-01 2.8130903224e+07 2.5624983699e-03 2.6736852849e-04 8.3851030880e+03 1.1998885361e+08 9.7380603666e-02
7.1265603318e+00 6.5235860064e+00 8.9076238110e-01 2.8175875396e+07 2.5851362741e-03 6.2981112056e-04 1.9921676120e+04 1.1998890377e+08 9.7824894625e-02
7.1763944267e+00 6.5678184427e+00 8.8389263668e-01 2.8220160713e+07 2.6217781710e-03 7.8415238671e-04 2.5035740155e+04 1.1999722277e+08 9.8255072096e-02
7.2262285215e+00 6.6116167938e+00 8.7356647580e-01 2.8259064784e+07 2.6575196169e-03 6.0702648013e-04 1.9636743285e+04 1.2000197247e+08 9.8687504805e-02
7.2760626164e+00 6.6548842830e+00 8.6321027190e-01 2.8297065567e+07 2.6808777096e-03 3.5030060441e-04 1.1483272956e+04 1.1999704889e+08 9.9133135892e-02
7.3258967113e+00 6.6976714695e+00 8.5416743856e-01 2.8337469612e+07 2.6960370000e-03 2.9930421044e-04 9.9295800624e+03 1.1999157321e+08 9.9585949367e-02
7.3757308061e+00 6.7400293272e+00 8.4604171287e-01 2.8379987151e+07 2.7136187559e-03 4.1822722744e-04 1.4029194022e+04 1.1998923647e+08 1.0004048838e-01
7.4255649010e+00 6.7820119626e+00 8.3894085845e-01 2.8422781391e+07 2.7375135486e-03 5.2716178545e-04 1.7859905182e+04 1.1998420704e+08 1.0049133806e-01
7.4753989959e+00 6.8236227802e+00 8.3066077135e-01 2.8463658597e+07 2.7645701798e-03 5.4319442390e-04 1.8613254853e+04 1.1998011154e+08 1.0093932903e-01
7.5252330907e+00 6.8647412653e+00 8.1887165243e-01 2.8502655134e+07 2.7904750762e-03 4.8911794404e-04 1.7024841484e+04 1.1998421490e+08 1.0139929481e-01
7.5750671856e+00 6.9051509299e+00 8.0225457510e-01 2.8539112571e+07 2.8129845696e-03 4.1608228659e-04 1.4801559984e+04 1.1999053795e+08 1.0189590005e-01
7.6249012804e+00 6.9446687103e+00 7.8416034443e-01 2.8577306911e+07 2.8323527915e-03 3.6617774730e-04 1.3344686381e+04 1.1998784495e+08 1.0244798873e-01
7.6747353753e+00 6.9833801752e+00 7.7045635307e-01 2.8624484230e+07 2.8497193564e-03 3.3172889676e-04 1.2324602862e+04 1.1997560887e+08 1.0304195315e-01
7.7245694702e+00 7.0215218967e+00 7.6065919616e-01 2.8679229378e+07 2.8656184897e-03 3.1258994702e-04 1.1785618102e+04 1.1996467505e+08 1.0364803012e-01
7.7744035650e+00 7.0591954843e+00 7.5126265859e-01 2.8736357767e+07 2.8820992849e-03 3.6594092480e-04 1.3997513675e+04 1.1996161018e+08 1.0425467581e-01
7.8242376599e+00 7.0963899745e+00 7.4155655350e-01 2.8794639183e+07 2.9038754794e-03 5.2043333637e-04 2.0208425196e+04 1.1996470254e+08 1.0486441455e-01
7.8740717548e+00 7.1331099130e+00 7.3216714818e-01 2.8854271119e+07 2.9343695018e-03 6.9458558129e-04 2.7373203957e+04 1.1997036186e+08 1.0547763848e-01
7.9239058496e+00 7.1693289907e+00 7.2085073854e-01 2.8911171126e+07 2.9714592448e-03 7.7196154244e-04 3.0961072887e+04 1.1997492785e+08 1.0609863911e-01
7.9737399445e+00 7.2048831267e+00 7.0564053566e-01 2.8963380844e+07 3.0094240842e-03 7.3872148294e-04 3.0321205440e+04 1.1997432887e+08 1.0674850262e-01
8.0235740394e+00 7.2396457201e+00 6.8985899982e-01 2.9017139672e+07 3.0444766951e-03 6.6863681223e-04 2.8124483084e+04 1.1996479520e+08 1.0744222108e-01
8.0734081342e+00 7.2736754086e+00 6.7627618249e-01 2.9077311696e+07 3.0763259178e-03 6.1251679810e-04 2.6335899916e+04 1.1995093112e+08 1.0817081547e-01
8.1232422291e+00 7.3070594127e+00 6.6356011208e-01 2.9141962331e+07 3.1056025958e-03 5.6374925447e-04 2.4758509801e+04 1.1993965372e+08 1.0892256826e-01
8.1730763240e+00 7.3397970536e+00 6.5031206012e-01 2.9209055637e+07 3.1330894032e-03 5.5192671170e-04 2.4790033921e+04 1.1993273198e+08 1.0969783214e-01
8.2229104188e+00 7.3718761687e+00 6.3736316506e-01 2.9280140287e+07 3.1622141661e-03 6.3087134519e-04 2.8981909376e+04 1.1992949178e+08 1.1049842556e-01
8.2727445137e+00 7.4033405683e+00 6.2571929666e-01 2.9357221198e+07 3.1966181757e-03 7.4624543056e-04 3.5012013038e+04 1.1993286792e+08 1.1131877099e-01
8.3225786085e+00 7.4342667960e+00 6.1589488936e-01 2.9439935814e+07 3.2357736875e-03 8.1519494956e-04 3.8966530500e+04 1.1994143162e+08 1.1214923669e-01
8.3724127034e+00 7.4647782941e+00 6.0935828690e-01 2.9528155780e+07 3.2773521546e-03 8.5379042922e-04 4.1372797153e+04 1.1994982734e+08 1.1297415800e-01
8.4222467983e+00 7.4950653397e+00 6.0663705378e-01 2.9618753308e+07 3.3213907188e-03 9.2005332861e-04 4.4921147498e+04 1.1995215433e+08 1.1376922767e-01
8.4720808931e+00 7.5252490605e+00 6.0447803954e-01 2.9702791224e+07 3.3694157354e-03 1.0042735038e-03 4.9347907223e+04 1.1994468696e+08 1.1452071300e-01
8.5219149880e+00 7.5552740324e+00 6.0028660513e-01 2.9778009961e+07 3.4206035170e-03 1.0367956286e-03 5.1431616650e+04 1.1993366643e+08 1.1524011265e-01
8.5717490829e+00 7.5850880639e+00 5.9675534160e-01 2.9851918422e+07 3.4715752497e-03 1.0016386214e-03 5.0105683735e+04 1.1992287358e+08 1.1593759095e-01
8.6215831777e+00 7.6148239904e+00 5.9747505255e-01 2.9929983770e+07 3.5203167570e-03 9.5960799530e-04 4.8070712914e+04 1.1991332643e+08 1.1659603316e-01
8.6714172726e+00 7.6447183873e+00 6.0297381588e-01 3.0010054786e+07 3.5680708714e-03 9.6726705824e-04 4.8140958440e+04 1.1990745741e+08 1.1718392256e-01
8.7212513675e+00 7.6749832470e+00 6.1206305714e-01 3.0085650616e+07 3.6176610217e-03 1.0294148529e-03 5.0600367467e+04 1.1990244544e+08 1.1767466946e-01
8.7710854623e+00 7.7057608222e+00 6.2341793620e-01 3.0151992305e+07 3.6710615936e-03 1.1145192296e-03 5.3904408717e+04 1.1989779731e+08 1.1805327582e-01
8.8209195572e+00 7.7371711396e+00 6.3783182062e-01 3.0209170563e+07 3.7288761932e-03 1.2077981038e-03 5.7204074405e+04 1.1989399261e+08 1.1830888109e-01
8.8707536520e+00 7.7694354170e+00 6.5807246962e-01 3.0257845668e+07 3.7920154751e-03 1.3333196181e-03 6.1305374552e+04 1.1988704468e+08 1.1841619649e-01
8.9205877469e+00 7.8028880697e+00 6.8562961226e-01 3.0295204388e+07 3.8625188239e-03 1.4987955962e-03 6.6225726123e+04 1.1987823063e+08 1.1833504920e-01
8.9704218418e+00 7.8379328425e+00 7.2248209359e-01 3.0318517852e+07 3.9411952544e-03 1.6504144513e-03 6.9258630005e+04 1.1987150408e+08 1.1801871560e-01
9.0202559366e+00 7.8751271508e+00 7.7238069031e-01 3.0323411345e+07 4.0263266915e-03 1.7623582785e-03 6.9189605187e+04 1.1986521773e+08 1.1740302648e-01
9.0700900315e+00 7.9151857697e+00 8.3764156413e-01 3.0300381294e+07 4.1171876226e-03 1.8913573988e-03 6.8416913392e+04 1.1985914131e+08 1.1641019129e-01
9.1199241264e+00 7.9589326610e+00 9.2086495143e-01 3.0239296110e+07 4.2158618922e-03 2.0793422454e-03 6.8281288993e+04 1.1985369150e+08 1.1496196170e-01
9.1697582212e+00 8.0073263006e+00 1.0238549067e+00 3.0127486899e+07 4.3261267705e-03 2.3669144071e-03 6.9647742397e+04 1.1984540707e+08 1.1298312097e-01
9.2195923161e+00 8.0612618198e+00 1.1419205155e+00 2.9951109219e+07 4.4545147904e-03 2.8089299186e-03 7.3674625897e+04 1.1983448860e+08 1.1043972487e-01
9.2694264110e+00 8.1212977943e+00 1.2674853986e+00 2.9706913427e+07 4.6081020910e-03 3.3628009570e-03 7.8816242785e+04 1.1982327398e+08 1.0737935404e-01
9.3192605058e+00 8.1876267756e+00 1.3929321296e+00 2.9402583313e+07 4.7904861274e-03 3.9580287254e-03 8.3547695453e+04 1.1980990497e+08 1.0392144930e-01
9.3690946007e+00 8.2599757163e+00 1.5072257978e+00 2.9054079101e+07 5.0030334590e-03 4.5669246727e-03 8.8034447714e+04 1.1979806054e+08 1.0024751409e-01
9.4189286956e+00 8.3375542792e+00 1.6022464871e+00 2.8685073361e+07 5.2447763162e-03 5.1113967746e-03 9.1509510327e+04 1.1978883010e+08 9.6575072576e-02
9.4687627904e+00 8.4193443743e+00 1.6762559496e+00 2.8318898479e+07 5.5098974202e-03 5.4981147260e-03 9.2885906108e+04 1.1977593143e+08 9.3093709822e-02
9.5185968853e+00 8.5042741773e+00 1.7282160309e+00 2.7972891771e+07 5.7909533782e-03 5.7756130730e-03 9.3484030069e+04 1.1975716107e+08 8.9938443917e-02
9.5684309801e+00 8.5912497968e+00 1.7589796085e+00 2.7659752401e+07 6.0866223466e-03 6.1059955299e-03 9.6016078695e+04 1.1973468150e+08 8.7193139480e-02
9.6182650750e+00 8.6793122608e+00 1.7726831815e+00 2.7387382863e+07 6.4005838328e-03 6.4854937956e-03 1.0019878537e+05 1.1971146229e+08 8.4887765487e-02
9.6680991699e+00 8.7677046739e+00 1.7726339055e+00 2.7157801590e+07 6.7306501969e-03 6.7240696594e-03 1.0301673071e+05 1.1969144275e+08 8.3010667449e-02
9.7179332647e+00 8.8557853004e+00 1.7606019733e+00 2.6969664800e+07 7.0678074361e-03 6.7915752188e-03 1.0403629548e+05 1.1967937733e+08 8.1531857158e-02
9.7677673596e+00 8.9430320238e+00 1.7399006983e+00 2.6820378558e+07 7.4077818576e-03 6.8655996104e-03 1.0583246547e+05 1.1967589067e+08 8.0411256039e-02
9.8176014545e+00 9.0291005377e+00 1.7135972061e+00 2.6704718609e+07 7.7534141646e-03 7.0125571233e-03 1.0928377103e+05 1.1967515008e+08 7.9600276021e-02
9.8674355493e+00 9.1137272484e+00 1.6820744166e+00 2.6616581366e+07 8.1068562405e-03 7.1664073315e-03 1.1339882585e+05 1.1967361913e+08 7.9053865537e-02
