# TPV104 station: x2_-9_x3_7.5 (along_strike=-9000, down_dip=7500)
# Columns (SCEC TPV104 trace layout): t  h-slip  h-slip-rate  h-shear-stress  v-slip  v-slip-rate  v-shear-stress  n-stress  psi
# BP5 convention: h = strike = component 2, v = dip = component 1.  TPV104 is pure strike-slip so v-slip / v-slip-rate / v-shear-stress ≈ 0.
0.0000000000e+00 0.0000000000e+00 1.0000000000e-16 4.0000000000e+07 0.0000000000e+00 0.0000000000e+00 0.0000000000e+00 1.2000000000e+08 5.6359184263e-01
2.8476625637e-04 2.8476625637e-20 1.0000000000e-16 4.0000000000e+07 0.0000000000e+00 0.0000000000e+00 0.0000000000e+00 1.2000000000e+08 5.6359184263e-01
5.0118861120e-02 5.0118861120e-18 1.0000000000e-16 4.0000000000e+07 -5.3516846174e-37 -1.0923546348e-35 -4.3694185393e-12 1.2000000000e+08 5.6359184263e-01
9.9952955984e-02 9.9952955984e-18 1.0000000000e-16 4.0000000000e+07 -6.4067152207e-37 7.6031088741e-37 3.0412435496e-13 1.2000000000e+08 5.6359184263e-01
1.4978705085e-01 1.4978705085e-17 1.0000000000e-16 4.0000000000e+07 -4.5036969991e-37 5.0634810792e-36 2.0253924317e-12 1.2000000000e+08 5.6359184263e-01
1.9962114571e-01 1.9962114571e-17 1.0000000000e-16 4.0000000000e+07 -3.0404398836e-37 5.5887227936e-37 2.2354891174e-13 1.2000000000e+08 5.6359184263e-01
2.4945524058e-01 2.4945524058e-17 1.0000000000e-16 4.0000000000e+07 -2.7627653828e-37 1.1362717228e-36 4.5450868910e-13 1.2000000000e+08 5.6359184263e-01
2.9928933544e-01 2.9928933544e-17 1.0000000000e-16 4.0000000000e+07 -2.1502549584e-37 1.1481301722e-36 4.5925206888e-13 1.2000000000e+08 5.6359184263e-01
3.4912343030e-01 3.4912343030e-17 1.0000000000e-16 4.0000000000e+07 -1.9447080766e-37 -4.9842619082e-37 -1.9937047633e-13 1.2000000000e+08 5.6359184263e-01
3.9895752517e-01 3.9895752517e-17 1.0000000000e-16 4.0000000000e+07 -2.0610628358e-37 6.9618820040e-37 2.7847528016e-13 1.2000000000e+08 5.6359184263e-01
4.4879162003e-01 4.4879162003e-17 1.0000000000e-16 4.0000000000e+07 -1.4700957535e-37 9.5452320500e-37 3.8180928200e-13 1.2000000000e+08 5.6359184263e-01
4.9862571490e-01 4.9862571490e-17 1.0000000000e-16 4.0000000000e+07 -1.2792408143e-37 2.1286930028e-37 8.5147720113e-14 1.2000000000e+08 5.6359184263e-01
5.4845980976e-01 5.4845980976e-17 1.0000000000e-16 4.0000000000e+07 -9.8516965296e-38 8.3633006415e-37 3.3453202566e-13 1.2000000000e+08 5.6359184263e-01
5.9829390462e-01 5.9829390462e-17 1.0000000000e-16 4.0000000000e+07 -7.5633885056e-38 -9.9189270363e-38 -3.9675708145e-14 1.2000000000e+08 5.6359184263e-01
6.4812799949e-01 6.4812799949e-17 1.0000000000e-16 4.0000000000e+07 -9.6038722398e-38 -3.6788998243e-37 -1.4715599297e-13 1.2000000000e+08 5.6359184263e-01
6.9796209435e-01 6.9796209435e-17 1.0000000000e-16 4.0000000000e+07 -8.3324295655e-38 9.1182074233e-37 3.6472829693e-13 1.2000000000e+08 5.6359184263e-01
7.4779618922e-01 7.4779618922e-17 1.0000000000e-16 4.0000000000e+07 -2.8795318953e-38 9.1768480112e-37 3.6707392045e-13 1.2000000000e+08 5.6359184263e-01
7.9763028408e-01 7.9763028408e-17 1.0000000000e-16 4.0000000000e+07 -1.4371191832e-38 -3.4339014536e-37 -1.3735605815e-13 1.2000000000e+08 5.6359184263e-01
8.4746437894e-01 8.4746437894e-17 1.0000000000e-16 4.0000000000e+07 -4.4913621073e-38 -5.8934047269e-37 -2.3573618908e-13 1.2000000000e+08 5.6359184263e-01
8.9729847381e-01 8.9729847381e-17 1.0000000000e-16 4.0000000000e+07 -5.3096736839e-38 2.6920292342e-37 1.0768116937e-13 1.2000000000e+08 5.6359184263e-01
9.4713256867e-01 9.4713256867e-17 1.0000000000e-16 4.0000000000e+07 -3.1118619552e-38 4.5451505500e-37 1.8180602200e-13 1.2000000000e+08 5.6359184263e-01
9.9696666354e-01 9.9696666354e-17 1.0000000000e-16 4.0000000000e+07 -1.2387078574e-38 3.5537011092e-37 1.4214804437e-13 1.2000000000e+08 5.6359184263e-01
1.0468007584e+00 1.0468007584e-16 1.0000000000e-16 4.0000000000e+07 8.8190850231e-39 4.5838068940e-37 1.8335227576e-13 1.2000000000e+08 5.6359184263e-01
1.0966348533e+00 1.0966348533e-16 1.0000000000e-16 4.0000000000e+07 2.2103387057e-38 -3.5428187380e-38 -1.4171274952e-14 1.2000000000e+08 5.6359184263e-01
1.1464689481e+00 1.1464689481e-16 1.0000000000e-16 4.0000000000e+07 5.3029099220e-39 -5.0422151149e-37 -2.0168860460e-13 1.2000000000e+08 5.6359184263e-01
1.1963030430e+00 1.1963030430e-16 1.0000000000e-16 4.0000000000e+07 -1.2419778821e-38 -1.2510413130e-37 -5.0041652519e-14 1.2000000000e+08 5.6359184263e-01
1.2461371379e+00 1.2461371379e-16 1.0000000000e-16 4.0000000000e+07 -1.1179990956e-38 6.1070536253e-38 2.4428214501e-14 1.2000000000e+08 5.6359184263e-01
1.2959712327e+00 1.2959712327e-16 1.0000000000e-16 4.0000000000e+07 -1.2601339239e-38 -9.5193388288e-38 -3.8077355315e-14 1.2000000000e+08 5.6359184263e-01
1.3458053276e+00 1.3458053276e-16 1.0000000000e-16 4.0000000000e+07 -1.8435514173e-38 -2.3555855482e-37 -9.4223421927e-14 1.2000000000e+08 5.6359184263e-01
1.3956394224e+00 1.3956394224e-16 1.0000000000e-16 4.0000000000e+07 -7.8456180522e-38 -3.0702555534e-36 -1.2281022213e-12 1.2000000000e+08 5.6359184263e-01
1.4454735173e+00 1.4454735173e-16 1.0000000000e-16 4.0000000000e+07 -5.3501084631e-37 -1.9764713366e-35 -7.9058853462e-12 1.2000000000e+08 5.6359184263e-01
1.4953076122e+00 1.4953076122e-16 1.0000000000e-16 4.0000000000e+07 -3.5260477065e-36 -1.3804658806e-34 -5.5218635223e-11 1.2000000000e+08 5.6359184263e-01
1.5451417070e+00 1.5451417070e-16 1.0000000000e-16 4.0000000000e+07 -2.6930029012e-35 -1.1174290952e-33 -4.4697163807e-10 1.2000000000e+08 5.6359184263e-01
1.5949758019e+00 1.5949758019e-16 1.0000000000e-16 4.0000000000e+07 -2.2834770548e-34 -1.0192638719e-32 -4.0770554878e-09 1.2000000000e+08 5.6359184263e-01
1.6448098968e+00 1.6448098968e-16 1.0000000000e-16 4.0000000000e+07 -2.2190090045e-33 -1.0069108921e-31 -4.0276435683e-08 1.2000000000e+08 5.6359184263e-01
1.6946439916e+00 1.6946439916e-16 1.0000000000e-16 4.0000000000e+07 -2.1514227087e-32 -9.3800782501e-31 -3.7520313000e-07 1.2000000000e+08 5.6359184263e-01
1.7444780865e+00 1.7444780865e-16 1.0000000000e-16 4.0000000000e+07 -2.0563915439e-31 -1.0086853746e-29 -4.0347414982e-06 1.2000000000e+08 5.6359184263e-01
1.7943121814e+00 1.7943121814e-16 1.0000000005e-16 4.0000000001e+07 -2.4814820849e-30 -1.2324472336e-28 -4.9297889320e-05 1.2000000000e+08 5.6359184263e-01
1.8441462762e+00 1.8441462763e-16 1.0000000059e-16 4.0000000006e+07 -3.0544785082e-29 -1.4790421362e-27 -5.9161685106e-04 1.2000000000e+08 5.6359184263e-01
1.8939803711e+00 1.8939803724e-16 1.0000000607e-16 4.0000000068e+07 -2.9169653246e-28 -1.2352664006e-26 -4.9410653109e-03 1.1999999999e+08 5.6359184263e-01
1.9438144660e+00 1.9438144777e-16 1.0000004873e-16 4.0000000564e+07 -2.1936433915e-27 -8.2594598952e-26 -3.3037823947e-02 1.1999999994e+08 5.6359184263e-01
1.9936485608e+00 1.9936486450e-16 1.0000031080e-16 4.0000003659e+07 -1.2480927348e-26 -4.0311059353e-25 -1.6124375101e-01 1.1999999979e+08 5.6359184263e-01
2.0434826557e+00 2.0434831345e-16 1.0000157060e-16 4.0000018679e+07 -5.7803471187e-26 -1.6694654642e-24 -6.6777600941e-01 1.1999999950e+08 5.6359184263e-01
2.0933167505e+00 2.0933190206e-16 1.0000665423e-16 4.0000079680e+07 -2.1636164688e-25 -5.0927779583e-24 -2.0369796959e+00 1.1999999950e+08 5.6359184263e-01
2.1431508454e+00 2.1431596783e-16 1.0002193688e-16 4.0000262342e+07 -5.9569616786e-25 -1.0266934736e-23 -4.1059001225e+00 1.1999999738e+08 5.6359184263e-01
2.1929849403e+00 2.1930120027e-16 1.0005466851e-16 4.0000656269e+07 -1.3225854834e-24 -2.0647632726e-23 -8.2546758859e+00 1.2000000128e+08 5.6359184263e-01
2.2428190351e+00 2.2428885531e-16 1.0012462993e-16 4.0001488196e+07 -2.6474212229e-24 -2.7814886576e-23 -1.1112519046e+01 1.1999998071e+08 5.6359184263e-01
2.2926531300e+00 2.2928109050e-16 1.0022429044e-16 4.0002631952e+07 -3.7550713593e-24 -3.1073395267e-23 -1.2402358639e+01 1.1999983045e+08 5.6359184263e-01
2.3424872249e+00 2.3427823167e-16 1.0038993846e-16 4.0004753087e+07 -1.4348186798e-23 -5.8367221301e-22 -2.3258967108e+02 1.2000024875e+08 5.6359184263e-01
2.3923213197e+00 2.3931413482e-16 1.0227675000e-16 4.0026974149e+07 -8.6701441631e-23 -2.4788316608e-21 -9.7011423231e+02 1.1999987869e+08 5.6359184263e-01
2.4421554146e+00 2.4456142042e-16 1.0937510369e-16 4.0107194096e+07 -2.5593661074e-22 -4.0353544075e-21 -1.4797402426e+03 1.1999897793e+08 5.6359184263e-01
2.4919895095e+00 2.5032668815e-16 1.2286044284e-16 4.0246637579e+07 -4.6124108474e-22 -4.0647667761e-21 -1.3315367542e+03 1.1999875639e+08 5.6359184263e-01
2.5418236043e+00 2.5688274981e-16 1.4072313267e-16 4.0409926181e+07 -6.6599542387e-22 -4.2747519841e-21 -1.2275338734e+03 1.1999993226e+08 5.6359184263e-01
2.5916576992e+00 2.6441797619e-16 1.6230645100e-16 4.0581535189e+07 -8.9325332372e-22 -4.9062180554e-21 -1.2267033099e+03 1.2000105260e+08 5.6359184263e-01
2.6414917940e+00 2.7316133547e-16 1.8961207510e-16 4.0767279109e+07 -1.1846009463e-21 -7.3334148457e-21 -1.5767106060e+03 1.1999854895e+08 5.6359184263e-01
2.6913258889e+00 2.8346876173e-16 2.2561235009e-16 4.0976079332e+07 -1.6816303617e-21 -1.2877410430e-20 -2.3388160761e+03 1.1999912644e+08 5.6359184263e-01
2.7411599838e+00 2.9587819553e-16 2.7480839025e-16 4.1212815562e+07 -2.4637245112e-21 -1.8295753281e-20 -2.7438008892e+03 1.1999921665e+08 5.6359184263e-01
2.7909940786e+00 3.1119356512e-16 3.4324287153e-16 4.1479363300e+07 -3.5109691176e-21 -2.4086005758e-20 -2.9106858908e+03 1.1999838483e+08 5.6359184263e-01
2.8408281735e+00 3.3057286412e-16 4.3961169955e-16 4.1776998350e+07 -4.9449334050e-21 -3.4491960627e-20 -3.2778258261e+03 1.2000038058e+08 5.6359184263e-01
2.8906622684e+00 3.5574107278e-16 5.7842166481e-16 4.2106000924e+07 -7.0850818520e-21 -5.3189830210e-20 -3.8719349157e+03 1.1999954848e+08 5.6359184263e-01
2.9404963632e+00 3.8941268375e-16 7.8651118125e-16 4.2474144743e+07 -1.0531596477e-20 -8.7896418304e-20 -4.7466905525e+03 1.1999779888e+08 5.6359184263e-01
2.9903304581e+00 4.3599116507e-16 1.1007810092e-15 4.2877937323e+07 -1.6018157461e-20 -1.3284131351e-19 -5.1744729123e+03 1.1999891299e+08 5.6359184263e-01
3.0401645530e+00 5.0123230370e-16 1.5381827256e-15 4.3279880111e+07 -2.4299269868e-20 -2.1272969567e-19 -5.9855799779e+03 1.2000015637e+08 5.6359184263e-01
3.0899986478e+00 5.9389858304e-16 2.2663402084e-15 4.3744602200e+07 -3.9599494405e-20 -4.3080959795e-19 -8.3154304971e+03 1.1999918065e+08 5.6359184263e-01
3.1398327427e+00 7.4603485003e-16 4.1478753135e-15 4.4470123488e+07 -7.0365899356e-20 -8.1578721565e-19 -8.7462026889e+03 1.1999974834e+08 5.6359184263e-01
3.1896668376e+00 1.0503323762e-15 8.3746800438e-15 4.5311806698e+07 -1.1369547500e-19 -7.1176406135e-19 -3.8510504752e+03 1.1999589339e+08 5.6359184263e-01
3.2395009324e+00 1.5426432984e-15 1.0003783108e-14 4.5518590794e+07 -1.2190494381e-19 2.8057201833e-19 1.2766413218e+03 1.1997873607e+08 5.6359184263e-01
3.2893350273e+00 1.9090588099e-15 4.3226643110e-15 4.4507323214e+07 -1.1501386429e-19 -1.1539713467e-19 -1.1881601719e+03 1.1996650864e+08 5.6359184263e-01
3.3391691221e+00 2.0220566913e-15 9.4921885594e-16 4.2690748473e+07 -1.2419175470e-19 -1.6259178362e-19 -7.3125021641e+03 1.1997242014e+08 5.6359184263e-01
3.3890032170e+00 2.0468738136e-15 2.4765465509e-16 4.1085652806e+07 -1.2947587559e-19 -6.3741231876e-20 -1.0574604872e+04 1.1999245344e+08 5.6359184263e-01
3.4388373119e+00 2.0553915566e-15 1.2915081295e-16 4.0309187316e+07 -1.3174351147e-19 -3.4930282484e-20 -1.0902070745e+04 1.2000659735e+08 5.6359184263e-01
3.4886714067e+00 2.0614347255e-15 1.2194096433e-16 4.0239158618e+07 -1.3336671832e-19 -3.1949665510e-20 -1.0543033388e+04 1.2000333937e+08 5.6359184263e-01
3.5385055016e+00 2.0680076480e-15 1.4335748147e-16 4.0430881755e+07 -1.3485351405e-19 -2.4561009640e-20 -6.9269023585e+03 1.1999607312e+08 5.6359184263e-01
3.5883395965e+00 2.0756964821e-15 1.6375569041e-16 4.0590148719e+07 -1.3548367485e-19 -3.9863681938e-23 -9.8810171071e+00 1.1999498084e+08 5.6359184263e-01
3.6381736913e+00 2.0842428083e-15 1.7939564418e-16 4.0699920343e+07 -1.3512852125e-19 8.5188283964e-21 1.9326870434e+03 1.1999590836e+08 5.6359184263e-01
3.6880077862e+00 2.0937825008e-15 2.0713336539e-16 4.0871403422e+07 -1.3551989043e-19 -3.6716821897e-20 -7.2449363110e+03 1.1999287417e+08 5.6359184263e-01
3.7378418811e+00 2.1054396806e-15 2.6716556730e-16 4.1176786284e+07 -1.4037766930e-19 -1.7231781346e-19 -2.6558414130e+04 1.1999287954e+08 5.6359184263e-01
3.7876759759e+00 2.1212433003e-15 3.7599087195e-16 4.1586496709e+07 -1.5331514596e-19 -3.3675186878e-19 -3.7246464016e+04 1.1999203436e+08 5.6359184263e-01
3.8375100708e+00 2.1440999284e-15 5.5485889598e-16 4.2052555614e+07 -1.7107628127e-19 -3.3317470539e-19 -2.5251190761e+04 1.1998947294e+08 5.6359184263e-01
3.8873441656e+00 2.1787375544e-15 8.6533848876e-16 4.2586481360e+07 -1.8249265628e-19 -9.8895491288e-20 -4.8670099055e+03 1.1999138086e+08 5.6359184263e-01
3.9371782605e+00 2.2352970552e-15 1.4681682146e-15 4.3219463292e+07 -1.8002423730e-19 1.8396241788e-19 5.4154264391e+03 1.1998762601e+08 5.6359184263e-01
3.9870123554e+00 2.3338211778e-15 2.5817186887e-15 4.3893961488e+07 -1.6788769648e-19 2.4394561332e-19 4.1475236644e+03 1.1998008211e+08 5.6359184263e-01
4.0368464502e+00 2.5046781522e-15 4.3950855110e-15 4.4531374262e+07 -1.6641569298e-19 -4.0711404860e-19 -4.1249136156e+03 1.1997760546e+08 5.6359184263e-01
4.0866805451e+00 2.7894815589e-15 7.2835807384e-15 4.5137311515e+07 -2.4562468925e-19 -3.0267303960e-18 -1.8757047895e+04 1.1997731639e+08 5.6359184263e-01
4.1365146400e+00 3.2747930083e-15 1.2784261502e-14 4.5812339888e+07 -4.0219275008e-19 -1.1546225967e-18 -4.1375845475e+03 1.1997742556e+08 5.6359184263e-01
4.1863487348e+00 4.1577890079e-15 2.3981323009e-14 4.6567593949e+07 4.0972857190e-20 2.4703876482e-17 4.7970668195e+04 1.1997883587e+08 5.6359184263e-01
4.2361828297e+00 5.9106014629e-15 5.0025131146e-14 4.7444111392e+07 2.7682314006e-18 8.9757438206e-17 8.5126451424e+04 1.1996473468e+08 5.6359184263e-01
4.2860169246e+00 9.8455896461e-15 1.1862152422e-13 4.8477617083e+07 9.2725073332e-18 1.6772805146e-16 6.8546212893e+04 1.1995901373e+08 5.6359184263e-01
4.3358510194e+00 1.9804853899e-14 3.1439447409e-13 4.9658702701e+07 2.0486616722e-17 3.4660388402e-16 5.4746188786e+04 1.1998756083e+08 5.6359184263e-01
4.3856851143e+00 5.0174603641e-14 1.1256611769e-12 5.1210708116e+07 8.2584660033e-17 3.1044392499e-15 1.4123302425e+05 1.2003854753e+08 5.6359184263e-01
4.4355192092e+00 2.5171876416e-13 1.1706809403e-11 5.4065282487e+07 7.1941394747e-16 4.3704911489e-14 2.0184136467e+05 1.2013562758e+08 5.6359184263e-01
4.4853533040e+00 9.0713602979e-12 9.4327205358e-10 5.9430153837e+07 9.9312454245e-14 1.3428948766e-11 8.4608092440e+05 1.2033288120e+08 5.6359184264e-01
4.5351873989e+00 9.1081498501e-08 2.7008040621e-05 7.2046799846e+07 3.3146535043e-09 1.0124791685e-06 2.7008950786e+06 1.2085520672e+08 5.6359184372e-01
4.5850214937e+00 3.6567036070e-02 2.7887082905e+00 7.8994224272e+07 8.4005314820e-04 4.9209818592e-02 1.3939397891e+06 1.1771599777e+08 5.2183930118e-01
4.6348555886e+00 2.9214053366e-01 6.5741038829e+00 5.3858684751e+07 1.2881612638e-03 -5.7547526707e-02 -4.7146107732e+05 1.1765243053e+08 2.9962877256e-01
4.6846896835e+00 6.0211057312e-01 5.4973660361e+00 3.8642761480e+07 -2.8953812484e-03 -7.6395823112e-02 -5.3701091600e+05 1.2069402581e+08 1.6455789233e-01
4.7345237783e+00 8.3899588580e-01 4.1314130281e+00 3.2522502596e+07 -4.8825106572e-03 1.9559596260e-03 1.5397323285e+04 1.2158965620e+08 1.1496220058e-01
4.7843578732e+00 1.0212167619e+00 3.2584748720e+00 2.9430485275e+07 -3.4361528706e-03 3.7394160087e-02 3.3774336801e+05 1.2048584809e+08 9.4234375732e-02
4.8341919681e+00 1.1711876586e+00 2.8586395647e+00 2.7896429550e+07 -1.2931126649e-03 5.5144483166e-02 5.3813506561e+05 1.1978806639e+08 8.4221712001e-02
4.8840260629e+00 1.3072766855e+00 2.5780823826e+00 2.7025664546e+07 1.8103865798e-03 6.1586508156e-02 6.4560245288e+05 1.1954421550e+08 7.8484929732e-02
4.9338601578e+00 1.4311442380e+00 2.4269315100e+00 2.6598353376e+07 4.3996185217e-03 4.0112914036e-02 4.3962405122e+05 1.1965234213e+08 7.5290306125e-02
4.9836942527e+00 1.5480660867e+00 2.2282527840e+00 2.6276178275e+07 5.9417467817e-03 2.6585370523e-02 3.1350210370e+05 1.1966610996e+08 7.3419979618e-02
5.0335283475e+00 1.6535577444e+00 2.0417964255e+00 2.6085236681e+07 7.1476038423e-03 1.8487243428e-02 2.3618619093e+05 1.1963620884e+08 7.2751203178e-02
5.0833624424e+00 1.7542633323e+00 1.9827723202e+00 2.6042252501e+07 7.8665085605e-03 1.5074931315e-02 1.9799810787e+05 1.1972291225e+08 7.2526578992e-02
5.1331965372e+00 1.8473125478e+00 1.7462162688e+00 2.5907813516e+07 8.7341761431e-03 1.7147528905e-02 2.5441005738e+05 1.1964053229e+08 7.2831263038e-02
5.1830306321e+00 1.9311485910e+00 1.6560088249e+00 2.5927178268e+07 9.3766933583e-03 7.6477797728e-03 1.1973689182e+05 1.1957990853e+08 7.3626410971e-02
5.2328647270e+00 2.0126105291e+00 1.5916147521e+00 2.5984654593e+07 9.4318632951e-03 -5.6996603211e-03 -9.3052483049e+04 1.1962705996e+08 7.4417485852e-02
5.2826988218e+00 2.0891346221e+00 1.4954799934e+00 2.6038411204e+07 8.9812061874e-03 -8.1400650039e-03 -1.4172998685e+05 1.1969080592e+08 7.5376532145e-02
5.3325329167e+00 2.1637892890e+00 1.5085274263e+00 2.6146423042e+07 8.9372845643e-03 6.4170741455e-03 1.1122339069e+05 1.1963972567e+08 7.6282935378e-02
5.3823670116e+00 2.2374155995e+00 1.4233973180e+00 2.6157988693e+07 9.4119624715e-03 9.7317516127e-03 1.7884187741e+05 1.1956040862e+08 7.7109412161e-02
5.4322011064e+00 2.3052749277e+00 1.3091182521e+00 2.6187881850e+07 9.7076193434e-03 1.0390428197e-03 2.0785235066e+04 1.1956298080e+08 7.8188167058e-02
5.4820352013e+00 2.3694209359e+00 1.2845716344e+00 2.6315296892e+07 9.5016237604e-03 -7.8340829455e-03 -1.6048635441e+05 1.1961513128e+08 7.9350453476e-02
5.5318692962e+00 2.4340475628e+00 1.2969279428e+00 2.6442353880e+07 9.1586567739e-03 -3.9995273326e-03 -8.1544173421e+04 1.1961994523e+08 8.0303992390e-02
5.5817033910e+00 2.4968608694e+00 1.2179341558e+00 2.6475314367e+07 9.1447577268e-03 2.5451674987e-03 5.5326562049e+04 1.1959552371e+08 8.1253535752e-02
5.6315374859e+00 2.5564413724e+00 1.1880821372e+00 2.6564994861e+07 9.3055923610e-03 2.9672702512e-03 6.6346859788e+04 1.1956728148e+08 8.2304007523e-02
5.6813715808e+00 2.6155814719e+00 1.1801027956e+00 2.6673065702e+07 9.3757996786e-03 -2.4693157411e-04 -5.5812274356e+03 1.1958452113e+08 8.3241824750e-02
5.7312056756e+00 2.6739368361e+00 1.1625440776e+00 2.6760940725e+07 9.3324156418e-03 -6.9421479833e-04 -1.5980332639e+04 1.1959166844e+08 8.4112923238e-02
5.7810397705e+00 2.7304417446e+00 1.0867599141e+00 2.6780124695e+07 9.3741818261e-03 2.8648299633e-03 7.0595632627e+04 1.1955530259e+08 8.5017379425e-02
5.8308738653e+00 2.7811293663e+00 9.4984167236e-01 2.6767215075e+07 9.6451647568e-03 7.9832471262e-03 2.2497359196e+05 1.1954796250e+08 8.6278999424e-02
5.8807079602e+00 2.8256940603e+00 8.4514159159e-01 2.6823582414e+07 1.0163389929e-02 1.2796064971e-02 4.0612875611e+05 1.1957027663e+08 8.7895097729e-02
5.9305420551e+00 2.8657602931e+00 7.6791691498e-01 2.6931732751e+07 1.0943933062e-02 1.8773968567e-02 6.5842475176e+05 1.1961171406e+08 8.9720401257e-02
5.9803761499e+00 2.9027550180e+00 7.2040435738e-01 2.7081179082e+07 1.2020709916e-02 2.3667245664e-02 8.8969050735e+05 1.1962369582e+08 9.1638504080e-02
6.0302102448e+00 2.9377486762e+00 6.8741946663e-01 2.7250052106e+07 1.3217866319e-02 2.3772899129e-02 9.4238346659e+05 1.1960493136e+08 9.3568025702e-02
6.0800443397e+00 2.9714479209e+00 6.6234487512e-01 2.7429950721e+07 1.4344780580e-02 2.1001111841e-02 8.6972736487e+05 1.1958690476e+08 9.5458103892e-02
6.1298784345e+00 3.0034256222e+00 6.2441651590e-01 2.7590102957e+07 1.5279943999e-02 1.6616468206e-02 7.3420554537e+05 1.1958127689e+08 9.7365984937e-02
6.1797125294e+00 3.0346704907e+00 6.3987137649e-01 2.7846260071e+07 1.6026823637e-02 1.3573829755e-02 5.9071308300e+05 1.1959900145e+08 9.9199797763e-02
6.2295466243e+00 3.0678361285e+00 6.9417328854e-01 2.8128326260e+07 1.6621153378e-02 9.8884922112e-03 4.0068775294e+05 1.1961169122e+08 1.0068901483e-01
6.2793807191e+00 3.1038000436e+00 7.4296193214e-01 2.8338907045e+07 1.6958399837e-02 3.3096665970e-03 1.2624110332e+05 1.1961069270e+08 1.0174954494e-01
6.3292148140e+00 3.1414116864e+00 7.6779313754e-01 2.8471220362e+07 1.6956099137e-02 -3.0079756245e-03 -1.1154142002e+05 1.1960719820e+08 1.0253217219e-01
6.3790489088e+00 3.1806726125e+00 8.0605680203e-01 2.8587016540e+07 1.6675792527e-02 -8.2517077227e-03 -2.9264898523e+05 1.1959290067e+08 1.0305116666e-01
6.4288830037e+00 3.2211382569e+00 8.1351057086e-01 2.8633045848e+07 1.6128606171e-02 -1.3653477649e-02 -4.8056001423e+05 1.1958445104e+08 1.0338077431e-01
6.4787170986e+00 3.2618587612e+00 8.2426749253e-01 2.8680959109e+07 1.5310595099e-02 -1.9238852189e-02 -6.6942920586e+05 1.1960056377e+08 1.0364749876e-01
6.5285511934e+00 3.3035074360e+00 8.4709082881e-01 2.8724713620e+07 1.4204671968e-02 -2.5042377636e-02 -8.4918299370e+05 1.1960137660e+08 1.0377564369e-01
6.5783852883e+00 3.3462331100e+00 8.6807159550e-01 2.8748350892e+07 1.2829174195e-02 -2.9976892468e-02 -9.9275938505e+05 1.1960335869e+08 1.0376063314e-01
6.6282193832e+00 3.3902589972e+00 9.0132549401e-01 2.8770155537e+07 1.1222207421e-02 -3.4466927574e-02 -1.1001784303e+06 1.1960757613e+08 1.0358861514e-01
6.6780534780e+00 3.4362058808e+00 9.4186431170e-01 2.8775353066e+07 9.4023126177e-03 -3.8368183352e-02 -1.1722049649e+06 1.1961360114e+08 1.0320150938e-01
6.7278875729e+00 3.4839954955e+00 9.7493952988e-01 2.8747700973e+07 7.4155722646e-03 -4.1197569892e-02 -1.2147783362e+06 1.1961551720e+08 1.0263484203e-01
6.7777216678e+00 3.5334797564e+00 1.0128175506e+00 2.8708294403e+07 5.3073914753e-03 -4.3293032053e-02 -1.2271401785e+06 1.1961481638e+08 1.0192925260e-01
6.8275557626e+00 3.5849608975e+00 1.0505715324e+00 2.8648179275e+07 3.1168137268e-03 -4.4355629693e-02 -1.2095397526e+06 1.1960700766e+08 1.0107005522e-01
6.8773898575e+00 3.6379338875e+00 1.0742800639e+00 2.8566510104e+07 9.1355072991e-04 -4.3897608520e-02 -1.1672947488e+06 1.1961118810e+08 1.0014208011e-01
6.9272239524e+00 3.6921776983e+00 1.1059876974e+00 2.8489040054e+07 -1.2606573279e-03 -4.3547372212e-02 -1.1217329398e+06 1.1961392182e+08 9.9183554993e-02
6.9770580472e+00 3.7486406029e+00 1.1641737470e+00 2.8421932389e+07 -3.4431648473e-03 -4.4037404634e-02 -1.0751214244e+06 1.1961363381e+08 9.8095221124e-02
7.0268921421e+00 3.8084138212e+00 1.2333710063e+00 2.8337463059e+07 -5.6220229849e-03 -4.2962712372e-02 -9.8709493621e+05 1.1961445027e+08 9.6783625940e-02
7.0767262369e+00 3.8714783245e+00 1.2978383853e+00 2.8224033044e+07 -7.6972579935e-03 -4.0393850015e-02 -8.7844324113e+05 1.1961328576e+08 9.5299123358e-02
7.1265603318e+00 3.9379691877e+00 1.3716270688e+00 2.8097743720e+07 -9.6726825545e-03 -3.9114172361e-02 -8.0125277186e+05 1.1961389392e+08 9.3670291414e-02
7.1763944267e+00 4.0081950633e+00 1.4453698708e+00 2.7952812672e+07 -1.1594947017e-02 -3.7837616945e-02 -7.3176274099e+05 1.1961891625e+08 9.1909775397e-02
7.2262285215e+00 4.0820369266e+00 1.5191139916e+00 2.7796017239e+07 -1.3407623065e-02 -3.4334203671e-02 -6.2823074658e+05 1.1962146776e+08 9.0076224343e-02
7.2760626164e+00 4.1597242697e+00 1.5963150946e+00 2.7631587732e+07 -1.4910164682e-02 -2.4459885080e-02 -4.2339101019e+05 1.1961553856e+08 8.8186335085e-02
7.3258967113e+00 4.2406848322e+00 1.6492406245e+00 2.7452475225e+07 -1.5654601235e-02 -3.5823627033e-03 -5.9630306153e+04 1.1961795490e+08 8.6333322120e-02
7.3757308061e+00 4.3244837594e+00 1.7239641593e+00 2.7296161878e+07 -1.5071771549e-02 2.8605211441e-02 4.5291688799e+05 1.1964095904e+08 8.4569103670e-02
7.4255649010e+00 4.4139082329e+00 1.8794430368e+00 2.7161690912e+07 -1.2640162170e-02 6.9668139757e-02 1.0068432198e+06 1.1966419108e+08 8.2654814249e-02
7.4753989959e+00 4.5135385254e+00 2.1343802564e+00 2.7015983793e+07 -8.1338483241e-03 1.0950144958e-01 1.3860179686e+06 1.1967052698e+08 8.0284621522e-02
7.5252330907e+00 4.6278514979e+00 2.4539085373e+00 2.6817907739e+07 -1.9982244752e-03 1.3257296594e-01 1.4488435552e+06 1.1964819883e+08 7.7301531297e-02
7.5750671856e+00 4.7573785814e+00 2.7249276117e+00 2.6545814673e+07 4.6198884924e-03 1.2838504217e-01 1.2507068156e+06 1.1960600593e+08 7.3980597934e-02
7.6249012804e+00 4.8970855971e+00 2.8545715484e+00 2.6237304399e+07 1.0399433305e-02 1.0085521126e-01 9.2699336248e+05 1.1955481352e+08 7.0929152049e-02
7.6747353753e+00 5.0395083815e+00 2.8410554487e+00 2.5957994167e+07 1.4514725840e-02 6.4425112159e-02 5.8863570804e+05 1.1952115574e+08 6.8629039353e-02
7.7245694702e+00 5.1785182719e+00 2.7245020015e+00 2.5743168099e+07 1.6912883519e-02 3.3790339667e-02 3.1927684167e+05 1.1952150789e+08 6.7217455217e-02
7.7744035650e+00 5.3100725879e+00 2.5521539152e+00 2.5600323211e+07 1.8083019765e-02 1.5400321775e-02 1.5447862006e+05 1.1954783504e+08 6.6620733255e-02
7.8242376599e+00 5.4329295766e+00 2.3839809932e+00 2.5529301396e+07 1.8635491796e-02 8.4248658506e-03 9.0219234189e+04 1.1958556906e+08 6.6641314045e-02
7.8740717548e+00 5.5481887512e+00 2.2471093534e+00 2.5512324930e+07 1.9042613072e-02 8.6748272518e-03 9.8488759000e+04 1.1961217575e+08 6.7045045056e-02
7.9239058496e+00 5.6570279053e+00 2.1210234593e+00 2.5522136844e+07 1.9528528972e-02 1.0680676683e-02 1.2851988538e+05 1.1962765563e+08 6.7679113011e-02
7.9737399445e+00 5.7595758576e+00 1.9982768146e+00 2.5551455906e+07 2.0075612913e-02 1.0937548456e-02 1.3985564215e+05 1.1964428277e+08 6.8491998033e-02
8.0235740394e+00 5.8566924389e+00 1.9054215822e+00 2.5604877589e+07 2.0596363787e-02 9.8710308844e-03 1.3264599280e+05 1.1964665705e+08 6.9410073799e-02
8.0734081342e+00 5.9497649255e+00 1.8302590352e+00 2.5668552437e+07 2.1060042465e-02 8.8339784429e-03 1.2389253899e+05 1.1964284559e+08 7.0351261180e-02
8.1232422291e+00 6.0389656586e+00 1.7501056850e+00 2.5731625043e+07 2.1487805934e-02 8.4298197354e-03 1.2394277813e+05 1.1964884670e+08 7.1315657147e-02
8.1730763240e+00 6.1245122732e+00 1.6894178939e+00 2.5808879780e+07 2.1905727690e-02 8.3745542995e-03 1.2793629445e+05 1.1965808169e+08 7.2297662375e-02
8.2229104188e+00 6.2078202358e+00 1.6560153338e+00 2.5895044030e+07 2.2324811118e-02 8.4481705452e-03 1.3210369722e+05 1.1965525545e+08 7.3222241055e-02
8.2727445137e+00 6.2894076058e+00 1.6150891732e+00 2.5966651834e+07 2.2743997194e-02 8.3120362528e-03 1.3363704927e+05 1.1965087319e+08 7.4078725548e-02
8.3225786085e+00 6.3684577732e+00 1.5561487284e+00 2.6025592613e+07 2.3152011122e-02 8.1543373163e-03 1.3637607842e+05 1.1965426920e+08 7.4937213282e-02
8.3724127034e+00 6.4445993725e+00 1.5035174927e+00 2.6092519927e+07 2.3575518553e-02 9.0651029962e-03 1.5731867552e+05 1.1966189608e+08 7.5827733640e-02
8.4222467983e+00 6.5186880990e+00 1.4725270097e+00 2.6171841924e+07 2.4074578592e-02 1.1078006134e-02 1.9689406271e+05 1.1966380779e+08 7.6697233017e-02
8.4720808931e+00 6.5913633807e+00 1.4431035742e+00 2.6244316012e+07 2.4686608302e-02 1.3469453953e-02 2.4495581078e+05 1.1966008842e+08 7.7514513270e-02
8.5219149880e+00 6.6624797059e+00 1.4122330856e+00 2.6311557854e+07 2.5411831531e-02 1.5543553503e-02 2.8959462247e+05 1.1965634055e+08 7.8303029813e-02
8.5717490829e+00 6.7322009626e+00 1.3856219287e+00 2.6378466957e+07 2.6233552046e-02 1.7470517927e-02 3.3259106998e+05 1.1965403620e+08 7.9060520998e-02
8.6215831777e+00 6.8003986461e+00 1.3495289194e+00 2.6435748474e+07 2.7162161947e-02 1.9863210787e-02 3.8909788203e+05 1.1965578072e+08 7.9806150073e-02
8.6714172726e+00 6.8665481702e+00 1.3042863727e+00 2.6488027855e+07 2.8218590766e-02 2.2539902141e-02 4.5775035931e+05 1.1966055024e+08 8.0584226556e-02
8.7212513675e+00 6.9302317854e+00 1.2505501228e+00 2.6537776729e+07 2.9410686086e-02 2.5296147514e-02 5.3680656425e+05 1.1966400516e+08 8.1426514404e-02
8.7710854623e+00 6.9911811892e+00 1.1974535115e+00 2.6595274380e+07 3.0740482563e-02 2.8031042417e-02 6.2256551681e+05 1.1966695142e+08 8.2350639519e-02
8.8209195572e+00 7.0497520761e+00 1.1544359647e+00 2.6666874148e+07 3.2198006726e-02 3.0333400325e-02 7.0068587058e+05 1.1966916317e+08 8.3326205642e-02
8.8707536520e+00 7.1061896593e+00 1.1094377017e+00 2.6739356681e+07 3.3750784637e-02 3.1840381901e-02 7.6740796462e+05 1.1967335825e+08 8.4336332475e-02
8.9205877469e+00 7.1601404731e+00 1.0541950991e+00 2.6806351255e+07 3.5358757993e-02 3.2560220332e-02 8.2794987753e+05 1.1967769232e+08 8.5413466482e-02
8.9704218418e+00 7.2110533538e+00 9.8785505653e-01 2.6869260590e+07 3.6984893731e-02 3.2617843258e-02 8.8719222986e+05 1.1967796310e+08 8.6604218547e-02
9.0202559366e+00 7.2584807201e+00 9.1566375473e-01 2.6936013388e+07 3.8603590490e-02 3.2284578285e-02 9.4971306705e+05 1.1967450499e+08 8.7945007535e-02
9.0700900315e+00 7.3023079869e+00 8.4398915636e-01 2.7016330533e+07 4.0192596937e-02 3.1352522772e-02 1.0036030817e+06 1.1967581525e+08 8.9444827322e-02
9.1199241264e+00 7.3425952637e+00 7.7312404317e-01 2.7109425828e+07 4.1712057529e-02 2.9481765911e-02 1.0337716868e+06 1.1968017653e+08 9.1100928053e-02
9.1697582212e+00 7.3793101857e+00 7.0057476238e-01 2.7209398979e+07 4.3118080198e-02 2.6883457738e-02 1.0441180111e+06 1.1968167307e+08 9.2922395641e-02
9.2195923161e+00 7.4124299370e+00 6.2974187803e-01 2.7319879075e+07 4.4387279602e-02 2.4065846669e-02 1.0440404931e+06 1.1967734634e+08 9.4920042351e-02
9.2694264110e+00 7.4421095845e+00 5.6181250636e-01 2.7442377314e+07 4.5516022393e-02 2.1243485767e-02 1.0376624680e+06 1.1967352458e+08 9.7090747308e-02
9.3192605058e+00 7.4683619762e+00 4.9163248231e-01 2.7565169688e+07 4.6501925213e-02 1.8320145704e-02 1.0271858415e+06 1.1967370619e+08 9.9448179816e-02
9.3690946007e+00 7.4910716585e+00 4.2047611340e-01 2.7687628918e+07 4.7340780267e-02 1.5382070690e-02 1.0128829003e+06 1.1967886738e+08 1.0202134286e-01
9.4189286956e+00 7.5103066718e+00 3.5249695682e-01 2.7813661272e+07 4.8037400147e-02 1.2621738545e-02 9.9591430153e+05 1.1968430115e+08 1.0482310829e-01
9.4687627904e+00 7.5262400963e+00 2.8789088937e-01 2.7936167575e+07 4.8600086726e-02 9.9951122685e-03 9.6989915822e+05 1.1968788785e+08 1.0785772843e-01
9.5185968853e+00 7.5390568870e+00 2.2779203482e-01 2.8049790141e+07 4.9036365183e-02 7.5827004472e-03 9.3371638923e+05 1.1969298947e+08 1.1112955599e-01
9.5684309801e+00 7.5490387012e+00 1.7435635887e-01 2.8151289259e+07 4.9362054764e-02 5.5761451572e-03 9.0031517228e+05 1.1969914134e+08 1.1463090313e-01
9.6182650750e+00 7.5565577793e+00 1.2918028776e-01 2.8235665163e+07 4.9599396097e-02 4.0343205881e-03 8.8180423856e+05 1.1970237962e+08 1.1832415851e-01
9.6680991699e+00 7.5620682348e+00 9.4020332874e-02 2.8295416052e+07 4.9770958845e-02 2.9261159405e-03 8.8061449499e+05 1.1970289245e+08 1.2199723167e-01
9.7179332647e+00 7.5661131425e+00 7.0273718408e-02 2.8321393959e+07 4.9897265086e-02 2.2049135966e-03 8.8861423630e+05 1.1970256593e+08 1.2512385302e-01
9.7677673596e+00 7.5692193113e+00 5.5690976654e-02 2.8338131267e+07 4.9995266139e-02 1.7672995008e-03 8.9928329955e+05 1.1970026516e+08 1.2759348978e-01
9.8176014545e+00 7.5717529922e+00 4.6707475669e-02 2.8369030054e+07 5.0075964133e-02 1.4908032307e-03 9.0547907056e+05 1.1969637218e+08 1.2961791668e-01
9.8674355493e+00 7.5739182238e+00 4.0532078188e-02 2.8407012958e+07 5.0144961464e-02 1.2871922747e-03 9.0213207076e+05 1.1969655964e+08 1.3135058036e-01
