# BP5-QD time series at fltst_strk+00dp+00 (x2=0km, x3=0km)
# Columns: time(s), slip_strike(m), slip_dip(m), log10(V_strike)(m/s), log10(V_dip)(m/s), tau_strike(MPa), tau_dip(MPa), log10(state)(s)
0.000000000000E+00 0.000000000000E+00 0.000000000000E+00 -9.000000000000E+00 -2.000000000000E+01 1.327306118026E+01 1.327306118026E-10 8.146128035678E+00
1.000000000000E-02 9.999999999787E-12 9.999999999787E-23 -9.000000000019E+00 -2.000000000002E+01 1.327306118021E+01 1.327306118022E-10 8.146128035678E+00
1.100000000000E-01 1.099999999742E-10 1.099999999743E-21 -9.000000000207E+00 -2.000000000021E+01 1.327306117978E+01 1.327306117980E-10 8.146128035678E+00
1.110000000000E+00 1.109999997371E-09 1.109999997380E-20 -9.000000002091E+00 -2.000000000208E+01 1.327306117544E+01 1.327306117565E-10 8.146128035678E+00
1.111000000000E+01 1.110999973665E-08 1.110999973752E-19 -9.000000020928E+00 -2.000000002086E+01 1.327306113207E+01 1.327306113414E-10 8.146128035678E+00
1.111100000000E+02 1.111099736605E-07 1.111099737473E-18 -9.000000209300E+00 -2.000000020862E+01 1.327306069833E+01 1.327306071906E-10 8.146128035678E+00
1.111110000000E+03 1.111107366010E-06 1.111107374689E-17 -9.000002093019E+00 -2.000000208623E+01 1.327305636092E+01 1.327305656832E-10 8.146128035686E+00
1.111111000000E+04 1.111084660370E-05 1.111084747178E-16 -9.000020930256E+00 -2.000002086241E+01 1.327301298797E+01 1.327301506151E-10 8.146128036495E+00
1.111111100000E+05 1.110847734974E-04 1.110848602386E-15 -9.000209306836E+00 -2.000020862872E+01 1.327257937451E+01 1.327260009850E-10 8.146128117355E+00
1.111111110000E+06 1.108480597645E-03 1.108489213290E-14 -9.002093483052E+00 -2.000208673973E+01 1.326825481220E+01 1.326846083084E-10 8.146136174248E+00
4.266871110000E+06 4.228226028360E-03 4.228350387724E-14 -9.008043865238E+00 -2.000801845029E+01 1.325474443348E+01 1.325552012498E-10 8.146246706592E+00
7.422631110000E+06 7.306133567310E-03 7.306502050567E-14 -9.013999549064E+00 -2.001395614399E+01 1.324143921446E+01 1.324276268123E-10 8.146483107429E+00
1.057839111000E+07 1.034270012093E-02 1.034343292205E-13 -9.019958821772E+00 -2.001989808465E+01 1.322833562959E+01 1.323018577342E-10 8.146841051566E+00
1.373415111000E+07 1.333843121012E-02 1.333964078418E-13 -9.025920003877E+00 -2.002584258089E+01 1.321543020693E+01 1.321778637144E-10 8.147316289243E+00
1.688991111000E+07 1.629383991550E-02 1.629563122920E-13 -9.031881452876E+00 -2.003178797118E+01 1.320271952561E+01 1.320556171110E-10 8.147904649562E+00
2.004567111000E+07 1.920944585588E-02 1.921191702858E-13 -9.037841566381E+00 -2.003773259677E+01 1.319020021373E+01 1.319351020577E-10 8.148602043481E+00
2.320143111000E+07 2.208577420283E-02 2.208901686090E-13 -9.043798784760E+00 -2.004367493626E+01 1.317786894678E+01 1.318162743799E-10 8.149404466398E+00
2.635719111000E+07 2.492335473357E-02 2.492745397343E-13 -9.049751593301E+00 -2.004961336057E+01 1.316572244640E+01 1.316991366569E-10 8.150308000332E+00
2.951295111000E+07 2.772272092421E-02 2.772775593776E-13 -9.055698523970E+00 -2.005554647986E+01 1.315375747944E+01 1.315836334381E-10 8.151308815723E+00
3.266871111000E+07 3.048440908416E-02 3.049045321122E-13 -9.061638156786E+00 -2.006147289683E+01 1.314197085731E+01 1.314697265884E-10 8.152403172879E+00
3.582447111000E+07 3.320895753301E-02 3.321607894586E-13 -9.067569120860E+00 -2.006739107071E+01 1.313035943549E+01 1.313574366641E-10 8.153587423079E+00
3.582447111000E+07 3.320895753301E-02 3.321607894586E-13 -9.067569120860E+00 -2.006739107071E+01 1.313035943549E+01 1.313574366641E-10 8.153587423079E+00
