SEAS_CHECKPOINT_V1
num_ranks 8
rank 1
time 3.58244711099999994e+07
dt 3.15576000000000000e+06
step 20
num_seismic_events 0
in_seismic_event 0
state_size 3
2.99768846025051963e-13
2.99911644667083324e-02
8.08379389247394053e-01
displacement_size 48
-2.99116172586771423e-01
-2.49059367539256699e-01
-1.24994603661274878e-01
-8.80873217549303505e-02
-2.99116172586645468e-01
-2.49059367538004894e-01
-1.24994603661245859e-01
-8.80873217539940578e-02
-1.25421993461552139e-01
-8.76800250471498760e-02
1.82849449602962184e-02
1.88551427060790998e-02
-1.25421993461513476e-01
-8.76800250462042713e-02
1.82849449602936441e-02
1.88551427060963811e-02
3.19934310841797501e-03
9.38756473382476781e-04
1.66871778324299835e-03
-8.80997413868378140e-03
3.19934310853189734e-03
9.38756473556054405e-04
1.66871778492007003e-03
-8.80997413723411463e-03
1.49668046997906436e-03
-9.00754586024366151e-03
-1.86617429287611730e-04
-3.43905683165041337e-04
1.49668047165781352e-03
-9.00754585880412552e-03
-1.86617429204673896e-04
-3.43905683104590832e-04
1.87815622092050083e-03
1.46087283394255203e-02
2.46443480547155506e-04
1.21576473690192585e-02
-1.87815621143214758e-03
-1.46087283316885565e-02
-2.46443475662948969e-04
-1.21576473653458479e-02
3.25092665536582358e-04
1.29156295920605339e-02
-2.69043357674486368e-05
5.96830397711870398e-04
-3.25092660715257703e-04
-1.29156295884546805e-02
2.69043357375704136e-05
-5.96830397747342457e-04
traction_size 2
3.36216304575032154e-06
3.23511078472923255e+05
slip_rate_size 2
7.00768485826011882e-21
7.01456707887884676e-10
fsal_initialized 1
k0_size 3
7.00768485826011882e-21
7.01456707887884676e-10
5.59371986691592797e-11
