# BP5-QD global output
# Columns: time(s), log10(Vmax)(m/s)
0.000000000000E+00 -9.000000000000E+00
1.000000000000E-02 -9.000000000014E+00
1.100000000000E-01 -9.000000000158E+00
1.110000000000E+00 -9.000000001594E+00
1.111000000000E+01 -9.000000015953E+00
1.111100000000E+02 -9.000000159547E+00
1.111110000000E+03 -9.000001595484E+00
1.111111000000E+04 -9.000015954916E+00
1.111111100000E+05 -9.000159555448E+00
1.111111110000E+06 -9.001596169740E+00
4.266871110000E+06 -9.006136509483E+00
7.422631110000E+06 -9.010685707713E+00
1.057839111000E+07 -9.015242041014E+00
1.373415111000E+07 -9.019803835574E+00
1.688991111000E+07 -9.024369467718E+00
2.004567111000E+07 -9.028937364270E+00
2.320143111000E+07 -9.033506002765E+00
2.635719111000E+07 -9.038073911507E+00
2.951295111000E+07 -9.042639669499E+00
3.266871111000E+07 -9.047201906242E+00
3.582447111000E+07 -9.051759301426E+00
