SEAS_CHECKPOINT_V1
num_ranks 8
rank 3
time 3.58244711099999994e+07
dt 3.15576000000000000e+06
step 20
num_seismic_events 0
in_seismic_event 0
state_size 0
displacement_size 48
1.08407753664211586e-03
-2.53657874129576799e-01
2.18685364904367616e-02
-8.42615944776570758e-02
1.08407753640899288e-03
-2.53657874131015926e-01
2.18685364903191855e-02
-8.42615944786748866e-02
1.90669184140849872e-02
-8.55320534870928212e-02
1.72195798049153137e-02
1.86303415373099759e-02
1.90669184139538282e-02
-8.55320534881476024e-02
1.72195798048980150e-02
1.86303415372880248e-02
5.84823297069391270e-04
-1.79499624502846809e-03
7.58037935035579813e-03
1.61523049157549503e-02
5.84823297052985123e-04
-1.79499624502675072e-03
7.58037935044474000e-03
1.61523049172614952e-02
7.13798410037887014e-03
1.59299336520471735e-02
3.90210979608057425e-04
6.42438510646368456e-04
7.13798410045253517e-03
1.59299336535483997e-02
3.90210979614744676e-04
6.42438510714680891e-04
-1.44070494394407320e-02
-2.55540747249046254e-02
-6.31903181763987173e-03
-1.77447731632486179e-02
1.44070494398678660e-02
2.55540747331267568e-02
6.31903181756651548e-03
1.77447731669787417e-02
-6.57231870497962563e-03
-1.87586791316206626e-02
-2.52165921789700284e-04
-8.05511758509162997e-04
6.57231870494219376e-03
1.87586791352914867e-02
2.52165921790873987e-04
8.05511758471545952e-04
traction_size 0
slip_rate_size 0
fsal_initialized 1
k0_size 0
