SEAS_CHECKPOINT_V1
num_ranks 8
rank 4
time 3.58244711099999994e+07
dt 3.15576000000000000e+06
step 20
num_seismic_events 0
in_seismic_event 0
state_size 6
3.32160789458592156e-13
3.32089575330108133e-02
8.07747934596389383e-01
3.37286424028726055e-13
3.37736631795634221e-02
8.07636743362038612e-01
displacement_size 48
-1.11980101754281497e-01
-1.42414602324976408e-01
-2.66568616287544913e-01
-3.01694400652202321e-01
-1.11980101755203523e-01
-1.42414602324869410e-01
-2.66568616288774818e-01
-3.01694400652109174e-01
-1.72379797769890084e-02
-1.10333061991829656e-01
-2.39310210305123325e-02
-2.68182793261993790e-01
-1.72379797771199730e-02
-1.10333061992860249e-01
-2.39310210307538442e-02
-2.68182793263432362e-01
-1.06984464141575697e-02
3.51037778042243617e-03
-3.02557329560150870e-03
3.50415371218737448e-03
-1.06984464157281901e-02
3.51037777873868277e-03
-3.02557329579107494e-03
3.50415371206549281e-03
-6.99744832735801989e-03
-1.78630427580419686e-02
-1.18586930650515501e-03
-3.16460254450760640e-03
-6.99744832746359083e-03
-1.78630427596929327e-02
-1.18586930654576337e-03
-3.16460254470400095e-03
-1.15827582999975479e-02
9.32122732915108016e-04
-1.43925183957620498e-02
7.14445497121665198e-04
1.15827583039730137e-02
-9.32122728023868801e-04
1.43925184042245739e-02
-7.14445487550932211e-04
-5.68169730107758418e-03
-1.66807720733246276e-02
-1.37048977971953399e-02
-2.58354362988946241e-02
5.68169730095312037e-03
1.66807720772240917e-02
1.37048977978843477e-02
2.58354363074849921e-02
traction_size 4
1.37317514514734285e-06
1.42701745431414281e+05
1.40303207096792448e-06
1.04267420942369572e+05
slip_rate_size 4
8.57881481673607099e-21
8.57529843265277524e-10
8.85218829213353944e-21
8.87647835860957192e-10
fsal_initialized 1
k0_size 6
8.57881481673607099e-21
8.57529843265277524e-10
2.68802029145512049e-11
8.85218829213353944e-21
8.87647835860957192e-10
2.12084940378685677e-11
