# BP5-QD time series at fltst_strk+16dp+00 (x2=16km, x3=0km)
# Columns: time(s), slip_strike(m), slip_dip(m), log10(V_strike)(m/s), log10(V_dip)(m/s), tau_strike(MPa), tau_dip(MPa), log10(state)(s)
0.000000000000E+00 0.000000000000E+00 0.000000000000E+00 -9.000000000000E+00 -2.000000000000E+01 1.327306118026E+01 1.327306118026E-10 8.146128035678E+00
1.000000000000E-02 9.999999999455E-12 9.999999999453E-23 -9.000000000047E+00 -2.000000000005E+01 1.327306118015E+01 1.327306118015E-10 8.146128035678E+00
1.100000000000E-01 1.099999999341E-10 1.099999999339E-21 -9.000000000517E+00 -2.000000000052E+01 1.327306117907E+01 1.327306117902E-10 8.146128035678E+00
1.110000000000E+00 1.109999993285E-09 1.109999993267E-20 -9.000000005220E+00 -2.000000000523E+01 1.327306116824E+01 1.327306116779E-10 8.146128035678E+00
1.111000000000E+01 1.110999932732E-08 1.110999932546E-19 -9.000000052252E+00 -2.000000005240E+01 1.327306105994E+01 1.327306105552E-10 8.146128035678E+00
1.111100000000E+02 1.111099327196E-07 1.111099325343E-18 -9.000000522562E+00 -2.000000052401E+01 1.327305997701E+01 1.327305993275E-10 8.146128035678E+00
1.111110000000E+03 1.111103271874E-06 1.111103253348E-17 -9.000005225654E+00 -2.000000524014E+01 1.327304914778E+01 1.327304870517E-10 8.146128035699E+00
1.111111000000E+04 1.111043722342E-05 1.111043537077E-16 -9.000052255090E+00 -2.000005239989E+01 1.327294086207E+01 1.327293643654E-10 8.146128037765E+00
1.111111100000E+05 1.110438695627E-04 1.110436844668E-15 -9.000522401075E+00 -2.000052384887E+01 1.327185866745E+01 1.327181442357E-10 8.146128244210E+00
1.111111110000E+06 1.104424077295E-03 1.104405739040E-14 -9.005209078565E+00 -2.000522351638E+01 1.326110256227E+01 1.326066171349E-10 8.146148724693E+00
4.266871110000E+06 4.169941618154E-03 4.169678804063E-14 -9.019825325516E+00 -2.001988027595E+01 1.322792568173E+01 1.322625208411E-10 8.146425672434E+00
7.422631110000E+06 7.134232070891E-03 7.133458624266E-14 -9.034183828246E+00 -2.003427861138E+01 1.319586780338E+01 1.319298816919E-10 8.147006929851E+00
1.057839111000E+07 1.000231876353E-02 1.000079044197E-13 -9.048292212294E+00 -2.004842617526E+01 1.316487309573E+01 1.316081287037E-10 8.147870334577E+00
1.373415111000E+07 1.277890384738E-02 1.277639651260E-13 -9.062157683516E+00 -2.006233017915E+01 1.313488929953E+01 1.312967334283E-10 8.148995233226E+00
1.688991111000E+07 1.546839367934E-02 1.546470128360E-13 -9.075787072629E+00 -2.007599749062E+01 1.310586744608E+01 1.309951912152E-10 8.150362377632E+00
2.004567111000E+07 1.807492173469E-02 1.806985497358E-13 -9.089186873484E+00 -2.008943460436E+01 1.307776160275E+01 1.307030389460E-10 8.151953828550E+00
2.320143111000E+07 2.060236934549E-02 2.059575443374E-13 -9.102363275990E+00 -2.010264779114E+01 1.305052864267E+01 1.304198177593E-10 8.153752866172E+00
2.635719111000E+07 2.305438451723E-02 2.304606181972E-13 -9.115322194495E+00 -2.011564294598E+01 1.302412803563E+01 1.301451251815E-10 8.155743906905E+00
2.951295111000E+07 2.543439904137E-02 2.542422187999E-13 -9.128069292282E+00 -2.012842566484E+01 1.299852165794E+01 1.298785973019E-10 8.157912425914E+00
3.266871111000E+07 2.774564409158E-02 2.773347758694E-13 -9.140610002776E+00 -2.014100161388E+01 1.297367361905E+01 1.296198029818E-10 8.160244885001E+00
3.582447111000E+07 2.999116446671E-02 2.997688460251E-13 -9.152949547933E+00 -2.015337585759E+01 1.294955010316E+01 1.293684487706E-10 8.162728665429E+00
3.582447111000E+07 2.999116446671E-02 2.997688460251E-13 -9.152949547933E+00 -2.015337585759E+01 1.294955010316E+01 1.293684487706E-10 8.162728665429E+00
