SEAS_CHECKPOINT_V1
num_ranks 8
rank 2
time 3.58244711099999994e+07
dt 3.15576000000000000e+06
step 20
num_seismic_events 0
in_seismic_event 0
state_size 0
displacement_size 48
-8.68506607401744180e-02
-1.26191400858348984e-01
1.87118695762671962e-02
1.84120269237055580e-02
-8.68506607411085180e-02
-1.26191400858348679e-01
1.87118695762497310e-02
1.84120269237079276e-02
-2.48292795203870237e-01
-2.91649471220710332e-01
-8.63647138937697623e-02
-1.27476849323262587e-01
-2.48292795205097311e-01
-2.91649471220633727e-01
-8.63647138946928294e-02
-1.27476849323263530e-01
8.93445899114193691e-03
1.99326376353563175e-03
3.83442449261983741e-04
1.57206397304592368e-04
8.93445899255803332e-03
1.99326376520330079e-03
3.83442449325213652e-04
1.57206397388309852e-04
-1.98952293773876085e-03
2.75560381994735450e-03
8.63135605127251723e-03
1.92813126125276923e-03
-1.98952293774774759e-03
2.75560382000258506e-03
8.63135605269920066e-03
1.92813126291636362e-03
-1.30801643165739650e-02
-1.51383209592945308e-03
-6.03634045462819627e-04
-9.14103613746057570e-05
1.30801643203182025e-02
1.51383210077401056e-03
6.03634045428370729e-04
9.14103613428602903e-05
-1.40798841830033807e-02
-3.80209069815629655e-05
-1.23301712449964216e-02
-1.55468417222286766e-03
1.40798841911032348e-02
3.80209162913087227e-05
1.23301712487994437e-02
1.55468417715272107e-03
traction_size 0
slip_rate_size 0
fsal_initialized 1
k0_size 0
