SEAS_CHECKPOINT_V1
num_ranks 8
rank 7
time 3.58244711099999994e+07
dt 3.15576000000000000e+06
step 20
num_seismic_events 0
in_seismic_event 0
state_size 0
displacement_size 48
-1.00833166515616870e-01
-2.00216841002237925e-02
-2.31516851379451466e-01
-1.38233700815049883e-02
-1.00833166514601558e-01
-2.00216841001178703e-02
-2.31516851378024691e-01
-1.38233700812951370e-02
-1.45217872268536025e-01
-1.02480886643298866e-01
-2.91614271983176354e-01
-2.29968176624715775e-01
-1.45217872268399273e-01
-1.02480886642360020e-01
-2.91614271983033746e-01
-2.29968176623466997e-01
1.68221823624725292e-02
5.84605382294833484e-03
3.96026198047252399e-03
1.69449337342959696e-03
1.68221823610791715e-02
5.84605382286629803e-03
3.96026198047133137e-03
1.69449337344419033e-03
3.96526036187339840e-03
1.09480651857109847e-02
2.70440427151594871e-03
2.02671164252176414e-03
3.96526036020661710e-03
1.09480651843935350e-02
2.70440427145525551e-03
2.02671164253147296e-03
1.56835566995376895e-02
4.79247299731338540e-03
2.48431747599530094e-02
1.20936551349906350e-02
-1.56835566960913456e-02
-4.79247299738542673e-03
-2.48431747524135507e-02
-1.20936551346079429e-02
2.78997691959313428e-03
1.20496856839169830e-02
2.55326612222727409e-03
1.47122096916547703e-02
-2.78997691465735160e-03
-1.20496856804025131e-02
-2.55326611296765238e-03
-1.47122096842480041e-02
traction_size 0
slip_rate_size 0
fsal_initialized 1
k0_size 0
