SEAS_CHECKPOINT_V1
num_ranks 8
rank 0
time 3.58244711099999994e+07
dt 3.15576000000000000e+06
step 20
num_seismic_events 0
in_seismic_event 0
state_size 3
3.06213089180534676e-13
3.06848725279175553e-02
8.08243240347238823e-01
displacement_size 48
-8.64357286428050764e-02
1.97769273733106703e-02
1.87444660779253168e-02
1.70588037093544996e-02
-8.64357286417442722e-02
1.97769273734383320e-02
1.87444660779473131e-02
1.70588037093714166e-02
-2.54801002140987942e-01
-6.80583482683489241e-03
-8.60176098672965905e-02
2.43632505282453428e-02
-2.54801002139561361e-01
-6.80583482661751681e-03
-8.60176098662709110e-02
2.43632505283636024e-02
-1.55565743608777930e-02
-7.12327856244397793e-03
-6.60965791592261261e-04
-3.94840098339735586e-04
-1.55565743593569193e-02
-7.12327856236375477e-03
-6.60965791526692617e-04
-3.94840098333830263e-04
2.68173668521548558e-03
8.31816596324754475e-05
-1.56953726432570925e-02
-7.56555931022633282e-03
2.68173668539475321e-03
8.31816596694816800e-05
-1.56953726417318230e-02
-7.56555931012923080e-03
1.87867197135726180e-02
6.65039976832719395e-03
7.87880606219617066e-04
2.44369695431405419e-04
-1.87867197100390106e-02
-6.65039976838669496e-03
-7.87880606258231468e-04
-2.44369695428325959e-04
2.44276154024081968e-02
1.38974520599735203e-02
1.78353151595271910e-02
6.50627734753516165e-03
-2.44276153945343112e-02
-1.38974520593531190e-02
-1.78353151559260993e-02
-6.50627734765363980e-03
traction_size 2
3.43556968473990310e-06
2.87168865002165025e+05
slip_rate_size 2
7.31722787773090928e-21
7.34913974347536915e-10
fsal_initialized 1
k0_size 3
7.31722787773090928e-21
7.34913974347536915e-10
4.97059323547333227e-11
