SEAS_CHECKPOINT_V1
num_ranks 8
rank 5
time 3.58244711099999994e+07
dt 3.15576000000000000e+06
step 20
num_seismic_events 0
in_seismic_event 0
state_size 0
displacement_size 48
-1.84055947598450245e-02
-1.72243583418616418e-02
-1.78817113754037929e-02
-1.11801315270387863e-01
-1.84055947598633883e-02
-1.72243583418845332e-02
-1.78817113755450792e-02
-1.11801315271455884e-01
-1.70594507823124200e-02
-1.74398940891519298e-02
-1.12356765978870676e-01
-1.42741392177664267e-01
-1.70594507823288929e-02
-1.74398940891470622e-02
-1.12356765979800682e-01
-1.42741392177565096e-01
-3.62414371303354087e-04
-5.44074252260842717e-04
-6.60444642077803561e-03
-1.74678686913629401e-02
-3.62414371309515392e-04
-5.44074252330934978e-04
-6.60444642086457402e-03
-1.74678686930078327e-02
-2.82068932653185812e-04
-1.50515556308661075e-04
-1.07913471714222338e-02
3.25274897209719849e-03
-2.82068932717716170e-04
-1.50515556391340625e-04
-1.07913471729804665e-02
3.25274897041336226e-03
-2.50975931673984558e-04
-8.07268468108890500e-04
-6.06350033901459796e-03
-1.76378145658897846e-02
2.50975931677447283e-04
8.07268468066428590e-04
6.06350033895508740e-03
1.76378145697160885e-02
-6.09649728430309537e-04
1.02716860028547846e-04
-1.22569680512000945e-02
9.56340969560741123e-04
6.09649728391159322e-04
-1.02716860058124800e-04
1.22569680551030211e-02
-9.56340964727419229e-04
traction_size 0
slip_rate_size 0
fsal_initialized 1
k0_size 0
