SEAS_CHECKPOINT_V1
num_ranks 8
rank 6
time 3.58244711099999994e+07
dt 3.15576000000000000e+06
step 20
num_seismic_events 0
in_seismic_event 0
state_size 0
displacement_size 48
-1.72922852021982765e-02
-1.74674731988697998e-02
-1.43515964199720431e-01
-1.03569785383550619e-01
-1.72922852021983875e-02
-1.74674731988513458e-02
-1.43515964199582846e-01
-1.03569785382599533e-01
-1.75750614182037489e-02
-1.81572105225365765e-02
-1.02894889333526238e-01
-1.85881286498468315e-02
-1.75750614181823875e-02
-1.81572105225207107e-02
-1.02894889332476300e-01
-1.85881286497284783e-02
1.74470079869108751e-04
3.44776907582998752e-04
3.92125793442144824e-03
1.10805017787547651e-02
1.74470079784918528e-04
3.44776907523683569e-04
3.92125793274907767e-03
1.10805017774457046e-02
4.95223492511736836e-04
3.34844817265385081e-04
1.64485985735441445e-02
5.57676237647625368e-03
4.95223492447779100e-04
3.34844817259003251e-04
1.64485985721545477e-02
5.57676237640766532e-03
1.68999884017632072e-04
6.16459200450292840e-04
2.87371436836283663e-03
1.27094520424570600e-02
-1.68999884049856133e-04
-6.16459200481345258e-04
-2.87371436351737276e-03
-1.27094520389967325e-02
7.85017818824586418e-04
2.29585201367295998e-04
1.66478197216490438e-02
5.23807372254002195e-03
-7.85017818858770337e-04
-2.29585201366310946e-04
-1.66478197182574894e-02
-5.23807372257948343e-03
traction_size 0
slip_rate_size 0
fsal_initialized 1
k0_size 0
