# TPV104 station: x2_12_x3_3 (along_strike=12000, down_dip=3000)
# Columns (SCEC TPV104 trace layout): t  h-slip  h-slip-rate  h-shear-stress  v-slip  v-slip-rate  v-shear-stress  n-stress  psi
# BP5 convention: h = strike = component 2, v = dip = component 1.  TPV104 is pure strike-slip so v-slip / v-slip-rate / v-shear-stress ≈ 0.
0.0000000000e+00 0.0000000000e+00 1.0000000000e-16 4.0000000000e+07 0.0000000000e+00 0.0000000000e+00 0.0000000000e+00 1.2000000000e+08 5.6359184263e-01
2.8476625637e-04 2.8476625637e-20 1.0000000000e-16 4.0000000000e+07 0.0000000000e+00 0.0000000000e+00 0.0000000000e+00 1.2000000000e+08 5.6359184263e-01
5.0118861120e-02 5.0118861120e-18 1.0000000000e-16 4.0000000000e+07 -3.0207931643e-36 -1.4961411369e-34 -5.9845645477e-11 1.2000000000e+08 5.6359184263e-01
9.9952955984e-02 9.9952955984e-18 1.0000000000e-16 4.0000000000e+07 -2.2614222778e-36 -6.9416840311e-36 -2.7766736124e-12 1.2000000000e+08 5.6359184263e-01
1.4978705085e-01 1.4978705085e-17 1.0000000000e-16 4.0000000000e+07 -1.7805415074e-36 9.1936423610e-36 3.6774569444e-12 1.2000000000e+08 5.6359184263e-01
1.9962114571e-01 1.9962114571e-17 1.0000000000e-16 4.0000000000e+07 -1.4106084201e-36 3.5230714404e-36 1.4092285761e-12 1.2000000000e+08 5.6359184263e-01
2.4945524058e-01 2.4945524058e-17 1.0000000000e-16 4.0000000000e+07 -1.0880429827e-36 1.1968096146e-35 4.7872384584e-12 1.2000000000e+08 5.6359184263e-01
2.9928933544e-01 2.9928933544e-17 1.0000000000e-16 4.0000000000e+07 -7.2854745357e-37 6.3370856318e-36 2.5348342527e-12 1.2000000000e+08 5.6359184263e-01
3.4912343030e-01 3.4912343030e-17 1.0000000000e-16 4.0000000000e+07 -6.9177636050e-37 -9.7152624611e-37 -3.8861049844e-13 1.2000000000e+08 5.6359184263e-01
3.9895752517e-01 3.9895752517e-17 1.0000000000e-16 4.0000000000e+07 -6.7486259817e-37 1.6722592368e-36 6.6890369472e-13 1.2000000000e+08 5.6359184263e-01
4.4879162003e-01 4.4879162003e-17 1.0000000000e-16 4.0000000000e+07 -5.2419848425e-37 2.5615847339e-36 1.0246338936e-12 1.2000000000e+08 5.6359184263e-01
4.9862571490e-01 4.9862571490e-17 1.0000000000e-16 4.0000000000e+07 -4.6967977789e-37 1.1118071042e-36 4.4472284169e-13 1.2000000000e+08 5.6359184263e-01
5.4845980976e-01 5.4845980976e-17 1.0000000000e-16 4.0000000000e+07 -4.1533785321e-37 1.3157742602e-36 5.2630970408e-13 1.2000000000e+08 5.6359184263e-01
5.9829390462e-01 5.9829390462e-17 1.0000000000e-16 4.0000000000e+07 -3.9799388049e-37 9.5828797190e-38 3.8331518876e-14 1.2000000000e+08 5.6359184263e-01
6.4812799949e-01 6.4812799949e-17 1.0000000000e-16 4.0000000000e+07 -3.9695299297e-37 6.1841402797e-37 2.4736561119e-13 1.2000000000e+08 5.6359184263e-01
6.9796209435e-01 6.9796209435e-17 1.0000000000e-16 4.0000000000e+07 -3.4509459352e-37 1.0491594379e-36 4.1966377514e-13 1.2000000000e+08 5.6359184263e-01
7.4779618922e-01 7.4779618922e-17 1.0000000000e-16 4.0000000000e+07 -3.0505677282e-37 1.6219147488e-37 6.4876589953e-14 1.2000000000e+08 5.6359184263e-01
7.9763028408e-01 7.9763028408e-17 1.0000000000e-16 4.0000000000e+07 -3.1698491142e-37 -3.3061974617e-37 -1.3224789847e-13 1.2000000000e+08 5.6359184263e-01
8.4746437894e-01 8.4746437894e-17 1.0000000000e-16 4.0000000000e+07 -3.0049877205e-37 8.4619512101e-37 3.3847804840e-13 1.2000000000e+08 5.6359184263e-01
8.9729847381e-01 8.9729847381e-17 1.0000000000e-16 4.0000000000e+07 -2.6454300278e-37 4.1405228212e-37 1.6562091285e-13 1.2000000000e+08 5.6359184263e-01
9.4713256867e-01 9.4713256867e-17 1.0000000000e-16 4.0000000000e+07 -2.5792602869e-37 1.1380838277e-37 4.5523353109e-14 1.2000000000e+08 5.6359184263e-01
9.9696666354e-01 9.9696666354e-17 1.0000000000e-16 4.0000000000e+07 -2.3853569552e-37 6.5843406545e-37 2.6337362618e-13 1.2000000000e+08 5.6359184263e-01
1.0468007584e+00 1.0468007584e-16 1.0000000000e-16 4.0000000000e+07 -2.1439718578e-37 2.9807352040e-38 1.1922940816e-14 1.2000000000e+08 5.6359184263e-01
1.0966348533e+00 1.0966348533e-16 1.0000000000e-16 4.0000000000e+07 -2.4435866508e-37 -1.0496969158e-36 -4.1987876633e-13 1.2000000000e+08 5.6359184263e-01
1.1464689481e+00 1.1464689481e-16 1.0000000000e-16 4.0000000000e+07 -2.8306917082e-37 -1.9511767251e-37 -7.8047069006e-14 1.2000000000e+08 5.6359184263e-01
1.1963030430e+00 1.1963030430e-16 1.0000000000e-16 4.0000000000e+07 -2.5789520105e-37 9.5766781774e-37 3.8306712709e-13 1.2000000000e+08 5.6359184263e-01
1.2461371379e+00 1.2461371379e-16 1.0000000000e-16 4.0000000000e+07 -2.2340212322e-37 1.0759078819e-37 4.3036315275e-14 1.2000000000e+08 5.6359184263e-01
1.2959712327e+00 1.2959712327e-16 1.0000000000e-16 4.0000000000e+07 -2.6084132801e-37 -1.5227119197e-36 -6.0908476787e-13 1.2000000000e+08 5.6359184263e-01
1.3458053276e+00 1.3458053276e-16 1.0000000000e-16 4.0000000000e+07 -3.5708251246e-37 -2.1543487538e-36 -8.6173950153e-13 1.2000000000e+08 5.6359184263e-01
1.3956394224e+00 1.3956394224e-16 1.0000000000e-16 4.0000000000e+07 -4.7003187871e-37 -2.4486196904e-36 -9.7944787615e-13 1.2000000000e+08 5.6359184263e-01
1.4454735173e+00 1.4454735173e-16 1.0000000000e-16 4.0000000000e+07 -6.1423003893e-37 -3.4531487173e-36 -1.3812594869e-12 1.2000000000e+08 5.6359184263e-01
1.4953076122e+00 1.4953076122e-16 1.0000000000e-16 4.0000000000e+07 -8.2103530173e-37 -4.8643849821e-36 -1.9457539928e-12 1.2000000000e+08 5.6359184263e-01
1.5451417070e+00 1.5451417070e-16 1.0000000000e-16 4.0000000000e+07 -1.1039228446e-36 -6.5714277397e-36 -2.6285710959e-12 1.2000000000e+08 5.6359184263e-01
1.5949758019e+00 1.5949758019e-16 1.0000000000e-16 4.0000000000e+07 -1.4882922626e-36 -8.9253353493e-36 -3.5701341397e-12 1.2000000000e+08 5.6359184263e-01
1.6448098968e+00 1.6448098968e-16 1.0000000000e-16 4.0000000000e+07 -1.9895776021e-36 -1.0983783951e-35 -4.3935135805e-12 1.2000000000e+08 5.6359184263e-01
1.6946439916e+00 1.6946439916e-16 1.0000000000e-16 4.0000000000e+07 -2.5555750708e-36 -1.1469332106e-35 -4.5877328423e-12 1.2000000000e+08 5.6359184263e-01
1.7444780865e+00 1.7444780865e-16 1.0000000000e-16 4.0000000000e+07 -3.1244513506e-36 -1.1513069370e-35 -4.6052277481e-12 1.2000000000e+08 5.6359184263e-01
1.7943121814e+00 1.7943121814e-16 1.0000000000e-16 4.0000000000e+07 -3.7391358552e-36 -1.3617695604e-35 -5.4470782417e-12 1.2000000000e+08 5.6359184263e-01
1.8441462762e+00 1.8441462762e-16 1.0000000000e-16 4.0000000000e+07 -4.5238296792e-36 -1.8103771650e-35 -7.2415086602e-12 1.2000000000e+08 5.6359184263e-01
1.8939803711e+00 1.8939803711e-16 1.0000000000e-16 4.0000000000e+07 -5.5487871262e-36 -2.2857827618e-35 -9.1431310473e-12 1.2000000000e+08 5.6359184263e-01
1.9438144660e+00 1.9438144660e-16 1.0000000000e-16 4.0000000000e+07 -6.7829030008e-36 -2.6510094371e-35 -1.0604037749e-11 1.2000000000e+08 5.6359184263e-01
1.9936485608e+00 1.9936485608e-16 1.0000000000e-16 4.0000000000e+07 -8.1847041236e-36 -3.0100476589e-35 -1.2040190636e-11 1.2000000000e+08 5.6359184263e-01
2.0434826557e+00 2.0434826557e-16 1.0000000000e-16 4.0000000000e+07 -9.9710015986e-36 -3.6940326824e-35 -1.4776130730e-11 1.2000000000e+08 5.6359184263e-01
2.0933167505e+00 2.0933167505e-16 1.0000000000e-16 4.0000000000e+07 -1.3189334971e-35 -2.1340817361e-34 -8.5363269445e-11 1.2000000000e+08 5.6359184263e-01
2.1431508454e+00 2.1431508454e-16 1.0000000000e-16 4.0000000000e+07 -5.5576106998e-36 1.3765566849e-33 5.5062267396e-10 1.2000000000e+08 5.6359184263e-01
2.1929849403e+00 2.1929849403e-16 1.0000000000e-16 4.0000000000e+07 -2.2191415672e-34 -1.2439907085e-32 -4.9759628341e-09 1.2000000000e+08 5.6359184263e-01
2.2428190351e+00 2.2428190351e-16 1.0000000000e-16 4.0000000000e+07 1.2710140732e-33 3.6075311178e-32 1.4430124471e-08 1.2000000000e+08 5.6359184263e-01
2.2926531300e+00 2.2926531300e-16 1.0000000000e-16 4.0000000000e+07 -1.2224594776e-32 -9.0569481913e-32 -3.6227792765e-08 1.2000000000e+08 5.6359184263e-01
2.3424872249e+00 2.3424872249e-16 1.0000000000e-16 4.0000000000e+07 5.7707614708e-32 -1.2657572269e-30 -5.0630289075e-07 1.2000000000e+08 5.6359184263e-01
2.3923213197e+00 2.3923213197e-16 1.0000000000e-16 4.0000000000e+07 -5.2409632764e-31 6.4177202120e-31 2.5670880848e-07 1.2000000000e+08 5.6359184263e-01
2.4421554146e+00 2.4421554146e-16 1.0000000000e-16 4.0000000000e+07 1.7615111974e-30 -2.8633794390e-29 -1.1453517756e-05 1.2000000000e+08 5.6359184263e-01
2.4919895095e+00 2.4919895095e-16 1.0000000002e-16 4.0000000000e+07 -1.7007230931e-29 -3.3890742434e-28 -1.3556296971e-04 1.2000000000e+08 5.6359184263e-01
2.5418236043e+00 2.5418236043e-16 1.0000000036e-16 4.0000000006e+07 -4.6312943660e-29 -5.9583759812e-27 -2.3833503844e-03 1.2000000001e+08 5.6359184263e-01
2.5916576992e+00 2.5916577013e-16 1.0000001227e-16 4.0000000154e+07 -2.8930353981e-27 -1.5804443915e-25 -6.3217768147e-02 1.2000000002e+08 5.6359184263e-01
2.6414917940e+00 2.6414918157e-16 1.0000008627e-16 4.0000001070e+07 -2.7542721508e-26 -1.0788097489e-24 -4.3152353883e-01 1.2000000010e+08 5.6359184263e-01
2.6913258889e+00 2.6913260363e-16 1.0000055171e-16 4.0000006621e+07 -1.8174497428e-25 -6.7113211567e-24 -2.6845140962e+00 1.2000000000e+08 5.6359184263e-01
2.7411599838e+00 2.7411608582e-16 1.0000285064e-16 4.0000033876e+07 -1.0608078107e-24 -3.4369665846e-23 -1.3747486090e+01 1.1999999901e+08 5.6359184263e-01
2.7909940786e+00 2.7909976976e-16 1.0000882776e-16 4.0000105706e+07 -4.3402894571e-24 -1.0467895717e-22 -4.1867997513e+01 1.1999999933e+08 5.6359184263e-01
2.8408281735e+00 2.8408390965e-16 1.0002284187e-16 4.0000272651e+07 -1.2976468457e-23 -2.7109060256e-22 -1.0841221678e+02 1.1999999574e+08 5.6359184263e-01
2.8906622684e+00 2.8906922308e-16 1.0005566036e-16 4.0000659745e+07 -3.5668828977e-23 -6.6146522215e-22 -2.6444326278e+02 1.1999997602e+08 5.6359184263e-01
2.9404963632e+00 2.9405581422e-16 1.0006029720e-16 4.0000756137e+07 -7.3036521282e-23 -7.0316534975e-22 -2.8110196017e+02 1.2000009837e+08 5.6359184263e-01
2.9903304581e+00 2.9904222894e-16 1.0010398599e-16 4.0001298784e+07 -1.0962678213e-22 -1.3066068247e-21 -5.2211677159e+02 1.2000015481e+08 5.6359184263e-01
3.0401645530e+00 3.0404607007e-16 1.0093883808e-16 4.0010974223e+07 -3.6131821505e-22 -1.1497017647e-20 -4.5572832569e+03 1.1999928312e+08 5.6359184263e-01
3.0899986478e+00 3.0913285889e-16 1.0352347442e-16 4.0041235032e+07 -1.6298919237e-21 -4.3408728496e-20 -1.6789806466e+04 1.1999905478e+08 5.6359184263e-01
3.1398327427e+00 3.1439432389e-16 1.0784265839e-16 4.0090583950e+07 -5.0900962692e-21 -9.8452026288e-20 -3.6599609877e+04 1.1999998929e+08 5.6359184263e-01
3.1896668376e+00 3.1989891047e-16 1.1314908965e-16 4.0147918486e+07 -1.1716937845e-20 -1.6906820798e-19 -5.9989317223e+04 1.1999915890e+08 5.6359184263e-01
3.2395009324e+00 3.2568045712e-16 1.1890374050e-16 4.0206908971e+07 -2.2130762688e-20 -2.5006006881e-19 -8.4556990233e+04 1.1999767907e+08 5.6359184263e-01
3.2893350273e+00 3.3175772080e-16 1.2505129445e-16 4.0268034276e+07 -3.6852512191e-20 -3.4244731709e-19 -1.1027219161e+05 1.1999975021e+08 5.6359184263e-01
3.3391691221e+00 3.3815938507e-16 1.3199911083e-16 4.0332832262e+07 -5.6548524308e-20 -4.5044493244e-19 -1.3763516882e+05 1.1999973257e+08 5.6359184263e-01
3.3890032170e+00 3.4493368494e-16 1.4000207630e-16 4.0402758115e+07 -8.2143227642e-20 -5.8022205154e-19 -1.6744445384e+05 1.1999795159e+08 5.6359184263e-01
3.4388373119e+00 3.5213363028e-16 1.4910858008e-16 4.0478783866e+07 -1.1487797928e-19 -7.3751509377e-19 -2.0021459571e+05 1.1999958152e+08 5.6359184263e-01
3.4886714067e+00 3.5982134333e-16 1.5961755097e-16 4.0560118817e+07 -1.5623030852e-19 -9.2701352448e-19 -2.3556168146e+05 1.1999896470e+08 5.6359184263e-01
3.5385055016e+00 3.6807055351e-16 1.7161566591e-16 4.0646506505e+07 -2.0801133183e-19 -1.1573093466e-18 -2.7410424121e+05 1.1999792961e+08 5.6359184263e-01
3.5883395965e+00 3.7695185283e-16 1.8497235627e-16 4.0736392515e+07 -2.7246222975e-19 -1.4367253850e-18 -3.1640949168e+05 1.1999864993e+08 5.6359184263e-01
3.6381736913e+00 3.8653528755e-16 1.9981447922e-16 4.0828315661e+07 -3.5230021416e-19 -1.7765205406e-18 -3.6299842581e+05 1.1999770440e+08 5.6359184263e-01
3.6880077862e+00 3.9689745585e-16 2.1623970029e-16 4.0922861301e+07 -4.5081694102e-19 -2.1877793802e-18 -4.1403216899e+05 1.1999833893e+08 5.6359184263e-01
3.7378418811e+00 4.0812387674e-16 2.3454439610e-16 4.1020050969e+07 -5.7185568565e-19 -2.6816090941e-18 -4.6899326332e+05 1.1999907526e+08 5.6359184263e-01
3.7876759759e+00 4.2031485454e-16 2.5498536378e-16 4.1119792815e+07 -7.1978732008e-19 -3.2688840720e-18 -5.2715118148e+05 1.1999950373e+08 5.6359184263e-01
3.8375100708e+00 4.3358487445e-16 2.7785866837e-16 4.1221869364e+07 -8.9968277022e-19 -3.9666811257e-18 -5.8847907150e+05 1.1999888379e+08 5.6359184263e-01
3.8873441656e+00 4.4805258913e-16 3.0300388590e-16 4.1324521239e+07 -1.1174368764e-18 -4.7902944946e-18 -6.5331382135e+05 1.1999780697e+08 5.6359184263e-01
3.9371782605e+00 4.6384037021e-16 3.3112458142e-16 4.1429180330e+07 -1.3799937626e-18 -5.7730931632e-18 -7.2230976237e+05 1.1999566985e+08 5.6359184263e-01
3.9870123554e+00 4.8116618671e-16 3.6551977893e-16 4.1547227886e+07 -1.6972047836e-18 -7.0022277034e-18 -7.9591630022e+05 1.1999783548e+08 5.6359184263e-01
4.0368464502e+00 5.0046880525e-16 4.1068185247e-16 4.1685199112e+07 -2.0840146340e-18 -8.5635852156e-18 -8.6922456563e+05 1.1999660828e+08 5.6359184263e-01
4.0866805451e+00 5.2219691666e-16 4.6086121414e-16 4.1822782190e+07 -2.5535013986e-18 -1.0262879142e-17 -9.3134797596e+05 1.1999811075e+08 5.6359184263e-01
4.1365146400e+00 5.4641234632e-16 5.1234383145e-16 4.1949220441e+07 -3.1077487391e-18 -1.2035683200e-17 -9.8544668001e+05 1.1999963305e+08 5.6359184263e-01
4.1863487348e+00 5.7387861697e-16 6.0131617067e-16 4.2136833442e+07 -3.7759852688e-18 -1.5207348631e-17 -1.0656449096e+06 1.1999197774e+08 5.6359184263e-01
4.2361828297e+00 6.0823395473e-16 7.9996476045e-16 4.2473652195e+07 -4.6960243273e-18 -2.2617992985e-17 -1.2008888577e+06 1.1998551151e+08 5.6359184263e-01
4.2860169246e+00 6.5556031591e-16 1.0985564389e-15 4.2851225434e+07 -6.1131709425e-18 -3.4297171718e-17 -1.3378246078e+06 1.1998774405e+08 5.6359184263e-01
4.3358510194e+00 7.1396084487e-16 1.1659270644e-15 4.2930915582e+07 -7.9621580313e-18 -3.6624586308e-17 -1.3485637919e+06 1.2001167222e+08 5.6359184263e-01
4.3856851143e+00 7.6333948001e-16 7.6453227188e-16 4.2439267841e+07 -9.4304447483e-18 -2.0619467746e-17 -1.1445888507e+06 1.2003774821e+08 5.6359184263e-01
4.4355192092e+00 7.8983581980e-16 3.3640617123e-16 4.1466542662e+07 -1.0054969256e-17 -6.2715150899e-18 -7.7304779244e+05 1.2005141013e+08 5.6359184263e-01
4.4853533040e+00 8.0081504550e-16 1.3835599201e-16 4.0401329445e+07 -1.0215226551e-17 -1.2929235407e-18 -3.7754656777e+05 1.2003995861e+08 5.6359184263e-01
4.5351873989e+00 8.0573845283e-16 7.2165077840e-17 3.9613815619e+07 -1.0244019893e-17 -1.5297670641e-19 -8.3974011019e+04 1.2001623486e+08 5.6359184263e-01
4.5850214937e+00 8.0874257524e-16 5.2799642562e-17 3.9232237732e+07 -1.0243973411e-17 9.5540078680e-20 7.0990084361e+04 1.1999602049e+08 5.6359184263e-01
4.6348555886e+00 8.1126832173e-16 5.0313944897e-17 3.9172209377e+07 -1.0237256263e-17 1.6117551286e-19 1.2548411676e+05 1.1998979890e+08 5.6359184263e-01
4.6846896835e+00 8.1388397025e-16 5.5620485822e-17 3.9293618598e+07 -1.0228495905e-17 1.8830386677e-19 1.3302904878e+05 1.1999321834e+08 5.6359184263e-01
4.7345237783e+00 8.1690204651e-16 6.6290603982e-17 3.9504067677e+07 -1.0218499136e-17 2.1308379311e-19 1.2698144350e+05 1.1999274649e+08 5.6359184263e-01
4.7843578732e+00 8.2058703569e-16 8.2587047602e-17 3.9768515394e+07 -1.0207286496e-17 2.3549911743e-19 1.1340095752e+05 1.1999472871e+08 5.6359184263e-01
4.8341919681e+00 8.2526887592e-16 1.0668252648e-16 4.0074110311e+07 -1.0195265707e-17 2.4316608389e-19 9.1342648055e+04 1.1998977981e+08 5.6359184263e-01
4.8840260629e+00 8.3139818246e-16 1.4104279142e-16 4.0408241441e+07 -1.0183549409e-17 2.2087547792e-19 6.3280012755e+04 1.1998698748e+08 5.6359184263e-01
4.9338601578e+00 8.3954658767e-16 1.8785219425e-16 4.0752033322e+07 -1.0174205352e-17 1.3847815396e-19 3.0040992423e+04 1.1998663798e+08 5.6359184263e-01
4.9836942527e+00 8.5036817815e-16 2.4884653618e-16 4.1091704544e+07 -1.0172877873e-17 -1.3228167874e-19 -2.1843501393e+04 1.1999331506e+08 5.6359184263e-01
5.0335283475e+00 8.6469494455e-16 3.2968620432e-16 4.1429004946e+07 -1.0193434552e-17 -7.4807982409e-19 -9.4005154981e+04 1.1999288416e+08 5.6359184263e-01
5.0833624424e+00 8.8384344233e-16 4.4679867825e-16 4.1793631986e+07 -1.0250968627e-17 -1.5414642468e-18 -1.4418885415e+05 1.1999296033e+08 5.6359184263e-01
5.1331965372e+00 9.1051334014e-16 6.3919374997e-16 4.2221929192e+07 -1.0338104228e-17 -1.7862363687e-18 -1.1798980432e+05 1.1998875893e+08 5.6359184263e-01
5.1830306321e+00 9.4954621453e-16 9.4354884901e-16 4.2692890254e+07 -1.0410223346e-17 -1.0077766874e-18 -4.5599016479e+04 1.1999870812e+08 5.6359184263e-01
5.2328647270e+00 1.0053377523e-15 1.2815666344e-15 4.3063990975e+07 -1.0464984366e-17 -2.0373951197e-18 -6.8461805021e+04 1.2000903425e+08 5.6359184263e-01
5.2826988218e+00 1.0736320293e-15 1.4024445521e-15 4.3174077506e+07 -1.0759710852e-17 -1.1410401510e-17 -3.5126776201e+05 1.2001808086e+08 5.6359184263e-01
5.3325329167e+00 1.1398657523e-15 1.2213233435e-15 4.3001338185e+07 -1.1706937546e-17 -2.6534571096e-17 -9.3425059905e+05 1.2002282213e+08 5.6359184263e-01
5.3823670116e+00 1.1941301867e-15 9.6665898551e-16 4.2696787778e+07 -1.3336999618e-17 -3.7862662432e-17 -1.6723726638e+06 1.2001740579e+08 5.6359184263e-01
5.4322011064e+00 1.2383154337e-15 8.3772203189e-16 4.2492101243e+07 -1.5429590844e-17 -4.6226305396e-17 -2.3447549117e+06 1.2001213019e+08 5.6359184263e-01
5.4820352013e+00 1.2810086469e-15 9.1211044357e-16 4.2560839731e+07 -1.8037402082e-17 -5.9933839384e-17 -2.7966290163e+06 1.1999248433e+08 5.6359184263e-01
5.5318692962e+00 1.3337247896e-15 1.2562969834e-15 4.2927644165e+07 -2.1649437387e-17 -8.8154146648e-17 -3.0122255238e+06 1.1998144994e+08 5.6359184263e-01
5.5817033910e+00 1.4123419906e-15 1.9567681209e-15 4.3463250139e+07 -2.7190467896e-17 -1.3742681706e-16 -3.0524905133e+06 1.1999642374e+08 5.6359184263e-01
5.6315374859e+00 1.5344838264e-15 2.9638052205e-15 4.3963522559e+07 -3.5643857169e-17 -2.0207559012e-16 -2.9974826630e+06 1.1998893475e+08 5.6359184263e-01
5.6813715808e+00 1.7056479978e-15 3.8694964769e-15 4.4304955436e+07 -4.7094796493e-17 -2.5457686520e-16 -2.9148538408e+06 1.2003053215e+08 5.6359184263e-01
5.7312056756e+00 1.9243873454e-15 5.0423610030e-15 4.4620628291e+07 -6.1247002843e-17 -3.2131479661e-16 -2.8433640700e+06 1.2001113278e+08 5.6359184263e-01
5.7810397705e+00 2.2464815735e-15 8.6605006121e-15 4.5271836649e+07 -8.1508589675e-17 -5.4114290020e-16 -2.8287663819e+06 1.2001100566e+08 5.6359184263e-01
5.8308738653e+00 2.9486840868e-15 2.2177960759e-14 4.6393107084e+07 -1.2528935648e-16 -1.3814795997e-15 -2.8898568133e+06 1.1999659485e+08 5.6359184263e-01
5.8807079602e+00 4.9586576254e-15 6.6177991863e-14 4.7723248921e+07 -2.5084091215e-16 -4.1408036212e-15 -2.9860773406e+06 1.2005100151e+08 5.6359184263e-01
5.9305420551e+00 1.0807111178e-14 1.8635663863e-13 4.8971235198e+07 -6.1541113072e-16 -1.1577192692e-14 -3.0422818873e+06 1.2006615691e+08 5.6359184263e-01
5.9803761499e+00 2.7159408128e-14 5.5426849955e-13 5.0291183484e+07 -1.6314485047e-15 -3.4585915106e-14 -3.1381299929e+06 1.2010102114e+08 5.6359184263e-01
6.0302102448e+00 9.1418962381e-14 2.8002170570e-12 5.2312146137e+07 -5.7866025154e-15 -1.8704963224e-13 -3.4943604362e+06 1.2031671126e+08 5.6359184263e-01
6.0800443397e+00 1.0819918128e-12 9.0801841417e-11 5.6492874668e+07 -7.5315862153e-14 -6.3607735105e-12 -3.9573908977e+06 1.2035183213e+08 5.6359184263e-01
6.1298784345e+00 5.9029185758e-08 2.5574765370e-05 7.1544431193e+07 -4.7375619553e-09 -2.0767247421e-06 -5.8095582998e+06 1.2042786660e+08 5.6359184346e-01
6.1797125294e+00 1.1539443490e-01 6.6576512491e+00 7.0826969164e+07 -4.5574397247e-03 -1.3213589395e-01 -1.4057187041e+06 1.1889385540e+08 4.3687044407e-01
6.2295466243e+00 5.6631423602e-01 1.0049296816e+01 3.8104978676e+07 -8.4250991634e-03 -1.0125920898e-01 -3.8395522290e+05 1.1451492242e+08 1.7061474466e-01
6.2793807191e+00 1.0292181033e+00 8.2910063779e+00 2.9349152092e+07 -6.7813938628e-03 1.3790762331e-02 4.8817617871e+04 1.2080487113e+08 8.3411384357e-02
6.3292148140e+00 1.3984155353e+00 6.4097042431e+00 2.6457582594e+07 -1.2554642504e-03 1.4456064417e-01 5.9670852785e+05 1.2137791083e+08 6.1238407014e-02
6.3790489088e+00 1.6878584602e+00 5.3813526929e+00 2.5282158958e+07 2.3794660338e-03 5.3495767236e-02 2.5132872124e+05 1.2007714077e+08 5.5558351942e-02
6.4288830037e+00 1.9357955739e+00 4.5327193092e+00 2.4798075805e+07 9.7482023438e-03 1.5275512760e-01 8.3570876014e+05 1.1956300250e+08 5.4249494169e-02
6.4787170986e+00 2.1461704908e+00 3.9959660821e+00 2.4752085264e+07 1.3194786252e-02 3.6511197183e-02 2.2616014430e+05 1.1970278547e+08 5.4784610173e-02
6.5285511934e+00 2.3326690955e+00 3.4896733495e+00 2.4707701007e+07 1.5357570219e-02 3.2027798702e-02 2.2676428278e+05 1.1962030993e+08 5.5914023543e-02
6.5783852883e+00 2.5005769621e+00 3.2137617884e+00 2.4721298714e+07 1.6319983634e-02 3.8049944181e-03 2.9269251988e+04 1.1938041802e+08 5.7258627660e-02
6.6282193832e+00 2.6514767335e+00 2.8622865922e+00 2.4797214626e+07 1.4804199392e-02 -6.3065332324e-02 -5.4636198393e+05 1.1957032076e+08 5.8771703473e-02
6.6780534780e+00 2.7848367672e+00 2.5187876709e+00 2.4840900415e+07 1.0277890952e-02 -1.3167741956e-01 -1.2986349362e+06 1.1966058052e+08 6.0481763390e-02
6.7278875729e+00 2.9113632908e+00 2.6355352080e+00 2.4951977984e+07 -7.6923126717e-05 -3.0032830083e-01 -2.8433637038e+06 1.1967688999e+08 6.1939056206e-02
6.7777216678e+00 3.0523752324e+00 3.0300291057e+00 2.4888421647e+07 -2.1794146138e-02 -5.7849202126e-01 -4.7516881331e+06 1.1968234791e+08 6.2288731334e-02
6.8275557626e+00 3.2101900935e+00 3.2403231454e+00 2.4716128417e+07 -5.5704711947e-02 -7.4228928277e-01 -5.6619406190e+06 1.1967426509e+08 6.1706591182e-02
6.8773898575e+00 3.3684845489e+00 3.0442408499e+00 2.4604465514e+07 -9.2195601537e-02 -6.8903008260e-01 -5.5689473144e+06 1.1964811229e+08 6.1304551021e-02
6.9272239524e+00 3.5088847318e+00 2.5802492428e+00 2.4586021652e+07 -1.2245739401e-01 -5.2878737892e-01 -5.0385744648e+06 1.1967901333e+08 6.1869042253e-02
6.9770580472e+00 3.6319521110e+00 2.4565112110e+00 2.4756273488e+07 -1.4692270952e-01 -4.7456581636e-01 -4.7825880401e+06 1.1986651520e+08 6.3030830942e-02
7.0268921421e+00 3.7595897975e+00 2.7062741982e+00 2.5000798570e+07 -1.7068417206e-01 -4.8563461836e-01 -4.4863352279e+06 1.1985402124e+08 6.3657248760e-02
7.0767262369e+00 3.9050203943e+00 3.1329793443e+00 2.5215966901e+07 -1.9499262792e-01 -4.7392811726e-01 -3.8144380812e+06 1.1975312876e+08 6.3268703062e-02
7.1265603318e+00 4.0699780269e+00 3.4552910914e+00 2.5289597608e+07 -2.1662050251e-01 -3.8758428170e-01 -2.8367654893e+06 1.1961719684e+08 6.2122970567e-02
7.1763944267e+00 4.2436397895e+00 3.4473899446e+00 2.5241115447e+07 -2.3287467089e-01 -2.6509864390e-01 -1.9410004621e+06 1.1964236747e+08 6.1029131856e-02
7.2262285215e+00 4.4087089573e+00 3.1506589393e+00 2.5147408154e+07 -2.4365855730e-01 -1.7439182794e-01 -1.3919318341e+06 1.1971812279e+08 6.0731065251e-02
7.2760626164e+00 4.5573863692e+00 2.8261256231e+00 2.5094666406e+07 -2.5097801562e-01 -1.2737652834e-01 -1.1310436664e+06 1.1974041090e+08 6.1238549328e-02
7.3258967113e+00 4.6909195213e+00 2.5380040489e+00 2.5101676849e+07 -2.5691521853e-01 -1.1365540590e-01 -1.1240885420e+06 1.1981848153e+08 6.2235304313e-02
7.3757308061e+00 4.8104913452e+00 2.2793784463e+00 2.5142238072e+07 -2.6236491941e-01 -1.0535338565e-01 -1.1620799117e+06 1.1987849400e+08 6.3558245252e-02
7.4255649010e+00 4.9200151879e+00 2.1202446888e+00 2.5236565255e+07 -2.6745736187e-01 -9.9957821581e-02 -1.1897646061e+06 1.1992953172e+08 6.4988689925e-02
7.4753989959e+00 5.0217476390e+00 1.9686814878e+00 2.5320602192e+07 -2.7240070937e-01 -9.7989195065e-02 -1.2603082026e+06 1.1993704284e+08 6.6444392004e-02
7.5252330907e+00 5.1168549977e+00 1.8485204365e+00 2.5403526913e+07 -2.7719181567e-01 -9.4941336933e-02 -1.3047433831e+06 1.1987162753e+08 6.7898249513e-02
7.5750671856e+00 5.2055303521e+00 1.7179349442e+00 2.5489868114e+07 -2.8185897200e-01 -9.1408095199e-02 -1.3562680583e+06 1.1986897205e+08 6.9376612115e-02
7.6249012804e+00 5.2898634748e+00 1.6799038523e+00 2.5642161414e+07 -2.8632301643e-01 -8.9174580537e-02 -1.3611665841e+06 1.1991433856e+08 7.0789307627e-02
7.6747353753e+00 5.3725059286e+00 1.6258078338e+00 2.5752123237e+07 -2.9075292640e-01 -8.7435368755e-02 -1.3849400554e+06 1.1992123294e+08 7.2029659624e-02
7.7245694702e+00 5.4519056791e+00 1.5701605438e+00 2.5850091268e+07 -2.9502069858e-01 -8.4831158295e-02 -1.3966044383e+06 1.1990461261e+08 7.3228361284e-02
7.7744035650e+00 5.5292932966e+00 1.5318554612e+00 2.5953045917e+07 -2.9923975154e-01 -8.4004976177e-02 -1.4232315380e+06 1.1991112882e+08 7.4332065411e-02
7.8242376599e+00 5.6045734380e+00 1.4932001546e+00 2.6041988841e+07 -3.0341352489e-01 -8.4191673829e-02 -1.4683353893e+06 1.1989707608e+08 7.5373397413e-02
7.8740717548e+00 5.6781092944e+00 1.4585860287e+00 2.6132543976e+07 -3.0760429668e-01 -8.3178182004e-02 -1.4902497737e+06 1.1991002612e+08 7.6348076527e-02
7.9239058496e+00 5.7502679886e+00 1.4375465663e+00 2.6221835452e+07 -3.1167785793e-01 -8.0359722591e-02 -1.4658164626e+06 1.1989681785e+08 7.7249622382e-02
7.9737399445e+00 5.8211735460e+00 1.4099239835e+00 2.6304197953e+07 -3.1557616586e-01 -7.5481299658e-02 -1.4082142521e+06 1.1990548061e+08 7.8088467000e-02
8.0235740394e+00 5.8911714830e+00 1.4017419624e+00 2.6398237112e+07 -3.1916935002e-01 -6.9087267547e-02 -1.3010825951e+06 1.1992273654e+08 7.8853916131e-02
8.0734081342e+00 5.9608123356e+00 1.3903195470e+00 2.6471902761e+07 -3.2252008762e-01 -6.5811059199e-02 -1.2530529140e+06 1.1992692337e+08 7.9522786518e-02
8.1232422291e+00 6.0296806020e+00 1.3768151270e+00 2.6533579661e+07 -3.2575492952e-01 -6.4351800115e-02 -1.2401691274e+06 1.1992037305e+08 8.0141137058e-02
8.1730763240e+00 6.0982839959e+00 1.3752027521e+00 2.6600148707e+07 -3.2896468732e-01 -6.4675268962e-02 -1.2509950038e+06 1.1993686703e+08 8.0680417437e-02
8.2229104188e+00 6.1663381442e+00 1.3522723286e+00 2.6641224384e+07 -3.3220584779e-01 -6.5181449364e-02 -1.2841449030e+06 1.1995114379e+08 8.1176822565e-02
8.2727445137e+00 6.2327106798e+00 1.3078881727e+00 2.6668154464e+07 -3.3541459495e-01 -6.3234676104e-02 -1.2893702573e+06 1.1995840784e+08 8.1723865500e-02
8.3225786085e+00 6.2964763170e+00 1.2512229888e+00 2.6692183410e+07 -3.3851403003e-01 -6.1304541368e-02 -1.3078021078e+06 1.1995159530e+08 8.2387397258e-02
8.3724127034e+00 6.3573428780e+00 1.1922449630e+00 2.6727603152e+07 -3.4150059260e-01 -5.8314083249e-02 -1.3072780541e+06 1.1994504634e+08 8.3177880839e-02
8.4222467983e+00 6.4154102517e+00 1.1377150421e+00 2.6779768900e+07 -3.4433711109e-01 -5.5707540491e-02 -1.3112554595e+06 1.1994815564e+08 8.4076798649e-02
8.4720808931e+00 6.4704415992e+00 1.0699491694e+00 2.6829184846e+07 -3.4703751757e-01 -5.2479906944e-02 -1.3159439386e+06 1.1995194913e+08 8.5098023516e-02
8.5219149880e+00 6.5222358500e+00 1.0121548909e+00 2.6897947250e+07 -3.4957088664e-01 -4.9363346946e-02 -1.3118275811e+06 1.1993765304e+08 8.6251674390e-02
8.5717490829e+00 6.5714430373e+00 9.6281601673e-01 2.6988731530e+07 -3.5195779022e-01 -4.6332755260e-02 -1.2987551838e+06 1.1994940792e+08 8.7480801403e-02
8.6215831777e+00 6.6181773892e+00 9.1326875669e-01 2.7086814065e+07 -3.5418199177e-01 -4.2994892957e-02 -1.2751938164e+06 1.1996962452e+08 8.8779365153e-02
8.6714172726e+00 6.6623786218e+00 8.5978260147e-01 2.7179685777e+07 -3.5624776266e-01 -3.9984165647e-02 -1.2639905210e+06 1.1996709860e+08 9.0157366191e-02
8.7212513675e+00 6.7038943867e+00 8.0814328183e-01 2.7281555773e+07 -3.5817920193e-01 -3.7702382484e-02 -1.2727689181e+06 1.1996490964e+08 9.1632998820e-02
8.7710854623e+00 6.7429584440e+00 7.5932566494e-01 2.7392879735e+07 -3.6000948953e-01 -3.5704450320e-02 -1.2880477491e+06 1.1996459786e+08 9.3189895223e-02
8.8209195572e+00 6.7794670003e+00 7.0505107321e-01 2.7499835705e+07 -3.6172804246e-01 -3.3170909802e-02 -1.2937992784e+06 1.1995388127e+08 9.4845489142e-02
8.8707536520e+00 6.8132002161e+00 6.5076292634e-01 2.7618131620e+07 -3.6331129187e-01 -3.0504439520e-02 -1.2945968363e+06 1.1995612171e+08 9.6628627612e-02
8.9205877469e+00 6.8445211249e+00 6.0731690199e-01 2.7761294147e+07 -3.6478648215e-01 -2.8824839996e-02 -1.3176232363e+06 1.1996147059e+08 9.8510591409e-02
8.9704218418e+00 6.8736310513e+00 5.5930487023e-01 2.7900512877e+07 -3.6618052938e-01 -2.7004842476e-02 -1.3471167432e+06 1.1997381758e+08 1.0048140381e-01
9.0202559366e+00 6.9000786343e+00 5.0184109140e-01 2.8025818862e+07 -3.6746808967e-01 -2.4694001661e-02 -1.3790612794e+06 1.1998491146e+08 1.0260061576e-01
9.0700900315e+00 6.9236502846e+00 4.4421921878e-01 2.8148960139e+07 -3.6864683900e-01 -2.2612516463e-02 -1.4328934851e+06 1.1996695640e+08 1.0490311451e-01
9.1199241264e+00 6.9442770911e+00 3.8450403543e-01 2.8273419802e+07 -3.6971335979e-01 -2.0182664560e-02 -1.4840753158e+06 1.1996417934e+08 1.0741072764e-01
9.1697582212e+00 6.9621797621e+00 3.3698085456e-01 2.8435923471e+07 -3.7066735779e-01 -1.8246114819e-02 -1.5396872481e+06 1.1996105740e+08 1.1011359344e-01
9.2195923161e+00 6.9780020729e+00 2.9820054317e-01 2.8627091138e+07 -3.7153503812e-01 -1.6511417212e-02 -1.5850871374e+06 1.1995891954e+08 1.1295239767e-01
9.2694264110e+00 6.9918290176e+00 2.5673991603e-01 2.8810384832e+07 -3.7230276903e-01 -1.4266153353e-02 -1.6008939106e+06 1.1998304851e+08 1.1593478839e-01
9.3192605058e+00 7.0036080611e+00 2.1649197593e-01 2.8982342077e+07 -3.7295703480e-01 -1.2023183742e-02 -1.6095747779e+06 1.1997824208e+08 1.1908556694e-01
9.3690946007e+00 7.0133980127e+00 1.7678431043e-01 2.9136767991e+07 -3.7350062215e-01 -9.8076591235e-03 -1.6164527707e+06 1.1997153488e+08 1.2241479796e-01
9.4189286956e+00 7.0213008633e+00 1.4201297859e-01 2.9294790202e+07 -3.7393773512e-01 -7.8155219030e-03 -1.6122052839e+06 1.1997201874e+08 1.2591823330e-01
9.4687627904e+00 7.0276704656e+00 1.1468308142e-01 2.9472757900e+07 -3.7428477831e-01 -6.1581383719e-03 -1.5825989249e+06 1.1997665313e+08 1.2951485065e-01
9.5185968853e+00 7.0328278759e+00 9.3820894171e-02 2.9655983989e+07 -3.7455632224e-01 -4.8323815505e-03 -1.5274745690e+06 1.1998507193e+08 1.3300605575e-01
9.5684309801e+00 7.0371411771e+00 8.0020188888e-02 2.9846524094e+07 -3.7477437631e-01 -3.9735570377e-03 -1.4820868022e+06 1.1997865220e+08 1.3617619470e-01
9.6182650750e+00 7.0408159398e+00 6.7649221830e-02 2.9980700423e+07 -3.7495381866e-01 -3.2412655657e-03 -1.4364601586e+06 1.1998028640e+08 1.3894912645e-01
9.6680991699e+00 7.0439252124e+00 5.7877272590e-02 3.0081074354e+07 -3.7509974788e-01 -2.6564934009e-03 -1.3806831583e+06 1.1998310795e+08 1.4131609851e-01
9.7179332647e+00 7.0466463924e+00 5.1846704729e-02 3.0197083841e+07 -3.7522205236e-01 -2.2824588497e-03 -1.3293728427e+06 1.1997007447e+08 1.4339002355e-01
9.7677673596e+00 7.0491185259e+00 4.7524312033e-02 3.0316276270e+07 -3.7532900848e-01 -2.0231164772e-03 -1.2905680361e+06 1.1995464456e+08 1.4527132587e-01
9.8176014545e+00 7.0513979650e+00 4.4244411924e-02 3.0440882311e+07 -3.7542475937e-01 -1.8350481535e-03 -1.2625432783e+06 1.1996016281e+08 1.4700254436e-01
9.8674355493e+00 7.0535613883e+00 4.2890744237e-02 3.0601861797e+07 -3.7551344881e-01 -1.7385178519e-03 -1.2404047536e+06 1.1996297426e+08 1.4864060127e-01
9.9172696442e+00 7.0556828048e+00 4.2108897022e-02 3.0772426075e+07 -3.7559862533e-01 -1.6779920714e-03 -1.2262464853e+06 1.1996337004e+08 1.5023971176e-01
