# TPV104 station: x2_12_x3_12 (along_strike=12000, down_dip=12000)
# Columns (SCEC TPV104 trace layout): t  h-slip  h-slip-rate  h-shear-stress  v-slip  v-slip-rate  v-shear-stress  n-stress  psi
# BP5 convention: h = strike = component 2, v = dip = component 1.  TPV104 is pure strike-slip so v-slip / v-slip-rate / v-shear-stress ≈ 0.
0.0000000000e+00 0.0000000000e+00 1.0000000000e-16 4.0000000000e+07 0.0000000000e+00 0.0000000000e+00 0.0000000000e+00 1.2000000000e+08 5.6359184263e-01
2.8476625637e-04 2.8476625637e-20 1.0000000000e-16 4.0000000000e+07 0.0000000000e+00 0.0000000000e+00 0.0000000000e+00 1.2000000000e+08 5.6359184263e-01
5.0118861120e-02 5.0118861120e-18 1.0000000000e-16 4.0000000000e+07 -2.4633247711e-36 -3.5555045802e-35 -1.4222018321e-11 1.2000000000e+08 5.6359184263e-01
9.9952955984e-02 9.9952955984e-18 1.0000000000e-16 4.0000000000e+07 -1.5683046522e-36 5.7210272000e-36 2.2884108800e-12 1.2000000000e+08 5.6359184263e-01
1.4978705085e-01 1.4978705085e-17 1.0000000000e-16 4.0000000000e+07 -1.2854590935e-36 2.3235177523e-35 9.2940710092e-12 1.2000000000e+08 5.6359184263e-01
1.9962114571e-01 1.9962114571e-17 1.0000000000e-16 4.0000000000e+07 -8.8000589212e-37 -5.3727165478e-36 -2.1490866191e-12 1.2000000000e+08 5.6359184263e-01
2.4945524058e-01 2.4945524058e-17 1.0000000000e-16 4.0000000000e+07 -7.5722870682e-37 1.7267316113e-35 6.9069264451e-12 1.2000000000e+08 5.6359184263e-01
2.9928933544e-01 2.9928933544e-17 1.0000000000e-16 4.0000000000e+07 -3.6395854096e-37 2.0033502627e-36 8.0134010507e-13 1.2000000000e+08 5.6359184263e-01
3.4912343030e-01 3.4912343030e-17 1.0000000000e-16 4.0000000000e+07 -5.0211030815e-37 -1.1180004285e-36 -4.4720017140e-13 1.2000000000e+08 5.6359184263e-01
3.9895752517e-01 3.9895752517e-17 1.0000000000e-16 4.0000000000e+07 -4.3966775507e-37 1.1057261580e-36 4.4229046319e-13 1.2000000000e+08 5.6359184263e-01
4.4879162003e-01 4.4879162003e-17 1.0000000000e-16 4.0000000000e+07 -3.4619848170e-37 -9.2712734485e-37 -3.7085093794e-13 1.2000000000e+08 5.6359184263e-01
4.9862571490e-01 4.9862571490e-17 1.0000000000e-16 4.0000000000e+07 -3.5791052091e-37 -4.1812676180e-37 -1.6725070472e-13 1.2000000000e+08 5.6359184263e-01
5.4845980976e-01 5.4845980976e-17 1.0000000000e-16 4.0000000000e+07 -3.4094022584e-37 -3.1179859418e-37 -1.2471943767e-13 1.2000000000e+08 5.6359184263e-01
5.9829390462e-01 5.9829390462e-17 1.0000000000e-16 4.0000000000e+07 -3.5482153164e-37 -1.8083212691e-37 -7.2332850764e-14 1.2000000000e+08 5.6359184263e-01
6.4812799949e-01 6.4812799949e-17 1.0000000000e-16 4.0000000000e+07 -3.5171001402e-37 6.0224238246e-37 2.4089695298e-13 1.2000000000e+08 5.6359184263e-01
6.9796209435e-01 6.9796209435e-17 1.0000000000e-16 4.0000000000e+07 -3.1600376143e-37 9.1207094210e-37 3.6482837684e-13 1.2000000000e+08 5.6359184263e-01
7.4779618922e-01 7.4779618922e-17 1.0000000000e-16 4.0000000000e+07 -2.8910154303e-37 -9.5635486050e-38 -3.8254194420e-14 1.2000000000e+08 5.6359184263e-01
7.9763028408e-01 7.9763028408e-17 1.0000000000e-16 4.0000000000e+07 -3.2839521410e-37 -1.0323392721e-36 -4.1293570882e-13 1.2000000000e+08 5.6359184263e-01
8.4746437894e-01 8.4746437894e-17 1.0000000000e-16 4.0000000000e+07 -3.4159357120e-37 4.8811211063e-37 1.9524484425e-13 1.2000000000e+08 5.6359184263e-01
8.9729847381e-01 8.9729847381e-17 1.0000000000e-16 4.0000000000e+07 -3.0816252034e-37 5.1479773737e-37 2.0591909495e-13 1.2000000000e+08 5.6359184263e-01
9.4713256867e-01 9.4713256867e-17 1.0000000000e-16 4.0000000000e+07 -3.0364878946e-37 -3.1872277732e-37 -1.2748911093e-13 1.2000000000e+08 5.6359184263e-01
9.9696666354e-01 9.9696666354e-17 1.0000000000e-16 4.0000000000e+07 -3.2824184896e-37 -4.5845062639e-37 -1.8338025056e-13 1.2000000000e+08 5.6359184263e-01
1.0468007584e+00 1.0468007584e-16 1.0000000000e-16 4.0000000000e+07 -3.3327140622e-37 2.9765413005e-37 1.1906165202e-13 1.2000000000e+08 5.6359184263e-01
1.0966348533e+00 1.0966348533e-16 1.0000000000e-16 4.0000000000e+07 -3.1413424556e-37 2.3254525718e-37 9.3018102873e-14 1.2000000000e+08 5.6359184263e-01
1.1464689481e+00 1.1464689481e-16 1.0000000000e-16 4.0000000000e+07 -3.1897761694e-37 -3.3936849966e-37 -1.3574739986e-13 1.2000000000e+08 5.6359184263e-01
1.1963030430e+00 1.1963030430e-16 1.0000000000e-16 4.0000000000e+07 -3.3505854132e-37 -2.3943770681e-37 -9.5775082723e-14 1.2000000000e+08 5.6359184263e-01
1.2461371379e+00 1.2461371379e-16 1.0000000000e-16 4.0000000000e+07 -3.4186711661e-37 -5.6731775232e-38 -2.2692710093e-14 1.2000000000e+08 5.6359184263e-01
1.2959712327e+00 1.2959712327e-16 1.0000000000e-16 4.0000000000e+07 -3.4230649116e-37 2.6041951478e-38 1.0416780591e-14 1.2000000000e+08 5.6359184263e-01
1.3458053276e+00 1.3458053276e-16 1.0000000000e-16 4.0000000000e+07 -3.4126208596e-37 -6.3852761311e-39 -2.5541104524e-15 1.2000000000e+08 5.6359184263e-01
1.3956394224e+00 1.3956394224e-16 1.0000000000e-16 4.0000000000e+07 -3.4316698927e-37 -2.9753697592e-38 -1.1901479037e-14 1.2000000000e+08 5.6359184263e-01
1.4454735173e+00 1.4454735173e-16 1.0000000000e-16 4.0000000000e+07 -3.3766372317e-37 3.0466058402e-37 1.2186423361e-13 1.2000000000e+08 5.6359184263e-01
1.4953076122e+00 1.4953076122e-16 1.0000000000e-16 4.0000000000e+07 -3.1307372642e-37 6.0897151153e-37 2.4358860461e-13 1.2000000000e+08 5.6359184263e-01
1.5451417070e+00 1.5451417070e-16 1.0000000000e-16 4.0000000000e+07 -2.8659061516e-37 3.8571052533e-37 1.5428421013e-13 1.2000000000e+08 5.6359184263e-01
1.5949758019e+00 1.5949758019e-16 1.0000000000e-16 4.0000000000e+07 -2.7110822500e-37 4.0284181832e-37 1.6113672733e-13 1.2000000000e+08 5.6359184263e-01
1.6448098968e+00 1.6448098968e-16 1.0000000000e-16 4.0000000000e+07 -2.1970807070e-37 1.9403414119e-36 7.7613656477e-13 1.2000000000e+08 5.6359184263e-01
1.6946439916e+00 1.6946439916e-16 1.0000000000e-16 4.0000000000e+07 -6.0630532911e-38 4.3993074122e-36 1.7597229649e-12 1.2000000000e+08 5.6359184263e-01
1.7444780865e+00 1.7444780865e-16 1.0000000000e-16 4.0000000000e+07 1.9654889681e-37 5.5695577857e-36 2.2278231143e-12 1.2000000000e+08 5.6359184263e-01
1.7943121814e+00 1.7943121814e-16 1.0000000000e-16 4.0000000000e+07 4.6630196259e-37 5.1455320346e-36 2.0582128139e-12 1.2000000000e+08 5.6359184263e-01
1.8441462762e+00 1.8441462762e-16 1.0000000000e-16 4.0000000000e+07 7.2095015950e-37 5.3791937912e-36 2.1516775165e-12 1.2000000000e+08 5.6359184263e-01
1.8939803711e+00 1.8939803711e-16 1.0000000000e-16 4.0000000000e+07 1.0391346126e-36 7.7034249422e-36 3.0813699769e-12 1.2000000000e+08 5.6359184263e-01
1.9438144660e+00 1.9438144660e-16 1.0000000000e-16 4.0000000000e+07 1.5108303307e-36 1.1336708923e-35 4.5346835694e-12 1.2000000000e+08 5.6359184263e-01
1.9936485608e+00 1.9936485608e-16 1.0000000000e-16 4.0000000000e+07 2.1817140789e-36 1.5907303983e-35 6.3629215932e-12 1.2000000000e+08 5.6359184263e-01
2.0434826557e+00 2.0434826557e-16 1.0000000000e-16 4.0000000000e+07 3.2417062729e-36 2.5534263283e-35 1.0213705313e-11 1.2000000000e+08 5.6359184263e-01
2.0933167505e+00 2.0933167505e-16 1.0000000000e-16 4.0000000000e+07 5.5768374629e-36 1.3512814130e-34 5.4051256520e-11 1.2000000000e+08 5.6359184263e-01
2.1431508454e+00 2.1431508454e-16 1.0000000000e-16 4.0000000000e+07 5.7646030775e-36 -5.2401597464e-34 -2.0960638985e-10 1.2000000000e+08 5.6359184263e-01
2.1929849403e+00 2.1929849403e-16 1.0000000000e-16 4.0000000000e+07 1.4396288100e-34 7.2565230842e-33 2.9026092337e-09 1.2000000000e+08 5.6359184263e-01
2.2428190351e+00 2.2428190351e-16 1.0000000000e-16 4.0000000000e+07 -5.2783142283e-34 -8.4685440181e-33 -3.3874176072e-09 1.2000000000e+08 5.6359184263e-01
2.2926531300e+00 2.2926531300e-16 1.0000000000e-16 4.0000000000e+07 7.4829901717e-33 2.4428162177e-32 9.7712648710e-09 1.2000000000e+08 5.6359184263e-01
2.3424872249e+00 2.3424872249e-16 1.0000000000e-16 4.0000000000e+07 -1.3472216346e-32 2.2733384639e-30 9.0933538558e-07 1.2000000000e+08 5.6359184263e-01
2.3923213197e+00 2.3923213197e-16 1.0000000000e-16 4.0000000000e+07 4.3979531825e-31 -1.9508950618e-32 -7.8035802471e-09 1.2000000000e+08 5.6359184263e-01
2.4421554146e+00 2.4421554146e-16 1.0000000001e-16 4.0000000000e+07 -6.3542656229e-31 4.6862772436e-29 1.8745108973e-05 1.2000000000e+08 5.6359184263e-01
2.4919895095e+00 2.4919895095e-16 1.0000000003e-16 4.0000000000e+07 1.5021079421e-29 4.1792571915e-28 1.6717028762e-04 1.2000000000e+08 5.6359184263e-01
2.5418236043e+00 2.5418236044e-16 1.0000000098e-16 4.0000000012e+07 1.6749784311e-28 1.2961194524e-26 5.1844777604e-03 1.2000000000e+08 5.6359184263e-01
2.5916576992e+00 2.5916577025e-16 1.0000001686e-16 4.0000000208e+07 4.0148652870e-27 2.0102200053e-25 8.0408787073e-02 1.2000000002e+08 5.6359184263e-01
2.6414917940e+00 2.6414918240e-16 1.0000011788e-16 4.0000001417e+07 3.5111460798e-26 1.3633075362e-24 5.4532239099e-01 1.2000000001e+08 5.6359184263e-01
2.6913258889e+00 2.6913260837e-16 1.0000070453e-16 4.0000008545e+07 2.2589417607e-25 8.1218537516e-24 3.2487193064e+00 1.2000000027e+08 5.6359184263e-01
2.7411599838e+00 2.7411610729e-16 1.0000342857e-16 4.0000040931e+07 1.2324015368e-24 3.8207762950e-23 1.5282596844e+01 1.1999999937e+08 5.6359184263e-01
2.7909940786e+00 2.7909983264e-16 1.0000990556e-16 4.0000120246e+07 4.8163598570e-24 1.1448957519e-22 4.5791431849e+01 1.2000000416e+08 5.6359184263e-01
2.8408281735e+00 2.8408407167e-16 1.0002638507e-16 4.0000313762e+07 1.4325432905e-23 2.9650884509e-22 1.1857318276e+02 1.1999999155e+08 5.6359184263e-01
2.8906622684e+00 2.8906961293e-16 1.0005926835e-16 4.0000712482e+07 3.8271871258e-23 6.8023937153e-22 2.7193942118e+02 1.2000000442e+08 5.6359184263e-01
2.9404963632e+00 2.9405620069e-16 1.0005941295e-16 4.0000729797e+07 7.6657473321e-23 7.5100749247e-22 3.0023010225e+02 1.2000005116e+08 5.6359184263e-01
2.9903304581e+00 2.9904346328e-16 1.0015307615e-16 4.0001809521e+07 1.2330699537e-22 1.7613688116e-21 7.0350250239e+02 1.1999992206e+08 5.6359184263e-01
3.0401645530e+00 3.0405325614e-16 1.0115089257e-16 4.0013791264e+07 4.2301889823e-22 1.3106406302e-20 5.1846997360e+03 1.2000017918e+08 5.6359184263e-01
3.0899986478e+00 3.0915734235e-16 1.0401356807e-16 4.0047320111e+07 1.8228408959e-21 4.7289482858e-20 1.8207404024e+04 1.2000030781e+08 5.6359184263e-01
3.1398327427e+00 3.1444974540e-16 1.0857197325e-16 4.0098892917e+07 5.5590417796e-21 1.0567428385e-19 3.9028689128e+04 1.2000065719e+08 5.6359184263e-01
3.1896668376e+00 3.1999331095e-16 1.1395697156e-16 4.0156918834e+07 1.2613364356e-20 1.7867721420e-19 6.2963470248e+04 1.2000055529e+08 5.6359184263e-01
3.2395009324e+00 3.2581583597e-16 1.1975962619e-16 4.0216435614e+07 2.3531655779e-20 2.6055360230e-19 8.7496408469e+04 1.2000044231e+08 5.6359184263e-01
3.2893350273e+00 3.3194011595e-16 1.2609821624e-16 4.0278345031e+07 3.8795242330e-20 3.5383503627e-19 1.1302213545e+05 1.2000068459e+08 5.6359184263e-01
3.3391691221e+00 3.3839928224e-16 1.3325502956e-16 4.0344720851e+07 5.9112348897e-20 4.6431477908e-19 1.4057743420e+05 1.2000132340e+08 5.6359184263e-01
3.3890032170e+00 3.4524248840e-16 1.4153693916e-16 4.0416711428e+07 8.5491924374e-20 5.9786438413e-19 1.7072371658e+05 1.2000057195e+08 5.6359184263e-01
3.4388373119e+00 3.5252813789e-16 1.5100133057e-16 4.0494312051e+07 1.1919661561e-19 7.5881045110e-19 2.0349163202e+05 1.2000078835e+08 5.6359184263e-01
3.4886714067e+00 3.6031754813e-16 1.6181397449e-16 4.0577517783e+07 1.6172205233e-19 9.5302583243e-19 2.3898691559e+05 1.2000197582e+08 5.6359184263e-01
3.5385055016e+00 3.6868711280e-16 1.7427714516e-16 4.0665885247e+07 2.1493288885e-19 1.1884956602e-18 2.7732396058e+05 1.2000068160e+08 5.6359184263e-01
3.5883395965e+00 3.7771757389e-16 1.8837658365e-16 4.0759703021e+07 2.8103002349e-19 1.4712135075e-18 3.1833163381e+05 1.2000289116e+08 5.6359184263e-01
3.6381736913e+00 3.8750444803e-16 2.0470902916e-16 4.0858601034e+07 3.6264078775e-19 1.8131914277e-18 3.6190130669e+05 1.2000133154e+08 5.6359184263e-01
3.6880077862e+00 3.9816246923e-16 2.2327729105e-16 4.0961868228e+07 4.6304037367e-19 2.2264854453e-18 4.0846520035e+05 1.1999985930e+08 5.6359184263e-01
3.7378418811e+00 4.0980206065e-16 2.4418903483e-16 4.1069688430e+07 5.8605496682e-19 2.7228890123e-18 4.5795751411e+05 1.2000245446e+08 5.6359184263e-01
3.7876759759e+00 4.2256025526e-16 2.6829547613e-16 4.1182228553e+07 7.3629077375e-19 3.3222894255e-18 5.0995747083e+05 1.2000288859e+08 5.6359184263e-01
3.8375100708e+00 4.3661135521e-16 2.9610822428e-16 4.1299942181e+07 9.1949261566e-19 4.0496270873e-18 5.6482512421e+05 1.2000298185e+08 5.6359184263e-01
3.8873441656e+00 4.5215206545e-16 3.2816711176e-16 4.1422341205e+07 1.1427264535e-18 4.9325127680e-18 6.2259812013e+05 1.2000249422e+08 5.6359184263e-01
3.9371782605e+00 4.6941199345e-16 3.6534123149e-16 4.1550209099e+07 1.4145464431e-18 6.0092308267e-18 6.8342901335e+05 1.2000252126e+08 5.6359184263e-01
3.9870123554e+00 4.8872054803e-16 4.1114324959e-16 4.1690604524e+07 1.7472573108e-18 7.4024203027e-18 7.5061764401e+05 1.2000184458e+08 5.6359184263e-01
4.0368464502e+00 5.1057560653e-16 4.6674529207e-16 4.1841499240e+07 2.1595941949e-18 9.1893962307e-18 8.2378573910e+05 1.2000183276e+08 5.6359184263e-01
4.0866805451e+00 5.3526028147e-16 5.2286051655e-16 4.1977301348e+07 2.6656431108e-18 1.1098581370e-17 8.9103781975e+05 1.2000432559e+08 5.6359184263e-01
4.1365146400e+00 5.6271352158e-16 5.8142391723e-16 4.2103650980e+07 3.2675361536e-18 1.3148743252e-17 9.5216257931e+05 1.2000495057e+08 5.6359184263e-01
4.1863487348e+00 5.9411250494e-16 6.9444464230e-16 4.2316624776e+07 4.0090349548e-18 1.7203098369e-17 1.0482866658e+06 1.2001051354e+08 5.6359184263e-01
4.2361828297e+00 6.3431131105e-16 9.4399746551e-16 4.2679804692e+07 5.0787096224e-18 2.6854294302e-17 1.2141304165e+06 1.2000742391e+08 5.6359184263e-01
4.2860169246e+00 6.8972815280e-16 1.2643082784e-15 4.3021698047e+07 6.7701382123e-18 4.0621958520e-17 1.3822780911e+06 1.1999650719e+08 5.6359184263e-01
4.3358510194e+00 7.5440258364e-16 1.2347286491e-15 4.2987295130e+07 8.8860129946e-18 4.0094620747e-17 1.3959012747e+06 1.1998102332e+08 5.6359184263e-01
4.3856851143e+00 8.0439964174e-16 7.3848923407e-16 4.2372787707e+07 1.0414083355e-17 2.0169614078e-17 1.1572853551e+06 1.1996835164e+08 5.6359184263e-01
4.4355192092e+00 8.2941947016e-16 3.1261707767e-16 4.1349433458e+07 1.1000678592e-17 5.5762699798e-18 7.3756560643e+05 1.1996533418e+08 5.6359184263e-01
4.4853533040e+00 8.3969420077e-16 1.3206803232e-16 4.0324971013e+07 1.1138393018e-17 1.0365670247e-18 3.1650002269e+05 1.1997738779e+08 5.6359184263e-01
4.5351873989e+00 8.4452210235e-16 7.3317512102e-17 3.9624159338e+07 1.1159460701e-17 6.6756154692e-20 3.6078099686e+04 1.1998976500e+08 5.6359184263e-01
4.5850214937e+00 8.4766355595e-16 5.6776861508e-17 3.9321709894e+07 1.1157021810e-17 -1.1082248379e-19 -7.6751857030e+04 1.2000314975e+08 5.6359184263e-01
4.6348555886e+00 8.5043071658e-16 5.5902987852e-17 3.9305871988e+07 1.1151133686e-17 -1.1130301441e-19 -7.8258107563e+04 1.2001163401e+08 5.6359184263e-01
4.6846896835e+00 8.5334728482e-16 6.1873076631e-17 3.9427069494e+07 1.1146808911e-17 -5.6972333057e-20 -3.6304193310e+04 1.2000970303e+08 5.6359184263e-01
4.7345237783e+00 8.5665607838e-16 7.1361158368e-17 3.9598565697e+07 1.1145932528e-17 2.6063068281e-20 1.4462491153e+04 1.2001051044e+08 5.6359184263e-01
4.7843578732e+00 8.6052056553e-16 8.4344020102e-17 3.9798822187e+07 1.1150053103e-17 1.4684660636e-19 6.9291479920e+04 1.2000964994e+08 5.6359184263e-01
4.8341919681e+00 8.6514499435e-16 1.0205092458e-16 4.0027639819e+07 1.1161690211e-17 3.3250359276e-19 1.3041855431e+05 1.2001044503e+08 5.6359184263e-01
4.8840260629e+00 8.7080436501e-16 1.2615844262e-16 4.0282332112e+07 1.1184790368e-17 6.1018528245e-19 1.9483187718e+05 1.2001175946e+08 5.6359184263e-01
4.9338601578e+00 8.7784961247e-16 1.5762805347e-16 4.0549112479e+07 1.1224511710e-17 1.0032574543e-18 2.5808349759e+05 1.2001132904e+08 5.6359184263e-01
4.9836942527e+00 8.8666023373e-16 1.9725908010e-16 4.0818254232e+07 1.1287467878e-17 1.5503858252e-18 3.2081688072e+05 1.2001252630e+08 5.6359184263e-01
5.0335283475e+00 8.9768061913e-16 2.4637525714e-16 4.1083059354e+07 1.1382652467e-17 2.3048115623e-18 3.8432718980e+05 1.2000812538e+08 5.6359184263e-01
5.0833624424e+00 9.1139989421e-16 3.0572114688e-16 4.1341907467e+07 1.1521944309e-17 3.3307612050e-18 4.5041052258e+05 1.2000953787e+08 5.6359184263e-01
5.1331965372e+00 9.2837864984e-16 3.7752660845e-16 4.1593227993e+07 1.1720879781e-17 4.7130379970e-18 5.1924939743e+05 1.2000637725e+08 5.6359184263e-01
5.1830306321e+00 9.4927517346e-16 4.6298960404e-16 4.1836760070e+07 1.1999287491e-17 6.5197694344e-18 5.8914072187e+05 1.2000501265e+08 5.6359184263e-01
5.2328647270e+00 9.7473117740e-16 5.5900190576e-16 4.2062199213e+07 1.2376370684e-17 8.6276981281e-18 6.4919270163e+05 1.2000538199e+08 5.6359184263e-01
5.2826988218e+00 1.0050977911e-15 6.6039804159e-16 4.2262688832e+07 1.2861306254e-17 1.0842194947e-17 6.9385473981e+05 1.2000856137e+08 5.6359184263e-01
5.3325329167e+00 1.0408449759e-15 7.7815821150e-16 4.2457085452e+07 1.3463085619e-17 1.3403012415e-17 7.3128167900e+05 1.2000308945e+08 5.6359184263e-01
5.3823670116e+00 1.0833201699e-15 9.3288240621e-16 4.2674320651e+07 1.4213825370e-17 1.6900066148e-17 7.7308655090e+05 1.2000392233e+08 5.6359184263e-01
5.4322011064e+00 1.1346267340e-15 1.1317852940e-15 4.2905818604e+07 1.5169433445e-17 2.1617170749e-17 8.1950385093e+05 1.2000494316e+08 5.6359184263e-01
5.4820352013e+00 1.1966891653e-15 1.3638709321e-15 4.3130406902e+07 1.6384113905e-17 2.7251623985e-17 8.6179242009e+05 1.2000912995e+08 5.6359184263e-01
5.5318692962e+00 1.2716214839e-15 1.6552779596e-15 4.3362188633e+07 1.7910670002e-17 3.4311595248e-17 8.9883747731e+05 1.2000935486e+08 5.6359184263e-01
5.5817033910e+00 1.3643013800e-15 2.0978193758e-15 4.3648434926e+07 1.9866284446e-17 4.4934261510e-17 9.3492805533e+05 1.2001646975e+08 5.6359184263e-01
5.6315374859e+00 1.4844675039e-15 2.7562954607e-15 4.3970689268e+07 2.2475551929e-17 6.0543766785e-17 9.6584389970e+05 1.2000338083e+08 5.6359184263e-01
5.6813715808e+00 1.6434221567e-15 3.6714902602e-15 4.4318278230e+07 2.6004516604e-17 8.2394149438e-17 9.9457347849e+05 1.2001439042e+08 5.6359184263e-01
5.7312056756e+00 1.8620211712e-15 5.3259446306e-15 4.4768329572e+07 3.1063324500e-17 1.2816671670e-16 1.0773318559e+06 1.2002876772e+08 5.6359184263e-01
5.7810397705e+00 2.2043265916e-15 8.7038447724e-15 4.5355368204e+07 3.9847899176e-17 2.3483121502e-16 1.2236955623e+06 1.2003126033e+08 5.6359184263e-01
5.8308738653e+00 2.7746428540e-15 1.4836821479e-14 4.5995359857e+07 5.6047302005e-17 4.3917639878e-16 1.3614827496e+06 1.2004002680e+08 5.6359184263e-01
5.8807079602e+00 3.7945197984e-15 2.7554372822e-14 4.6746672037e+07 8.7298890741e-17 8.5868004567e-16 1.4567718430e+06 1.2006748540e+08 5.6359184263e-01
5.9305420551e+00 5.8513733705e-15 6.0854325303e-14 4.7682478911e+07 1.5279863865e-16 1.9907069671e-15 1.5598208099e+06 1.2003537990e+08 5.6359184263e-01
5.9803761499e+00 1.0925146954e-14 1.6083558546e-13 4.8870130536e+07 3.2689546934e-16 5.6779932054e-15 1.7252666339e+06 1.2009889274e+08 5.6359184263e-01
6.0302102448e+00 2.8583833057e-14 7.3743596739e-13 5.0721610246e+07 9.8808839090e-16 2.9001232248e-14 1.9947348160e+06 1.2017276142e+08 5.6359184263e-01
6.0800443397e+00 1.6586914764e-13 7.4875839142e-12 5.3501933040e+07 6.9217491717e-15 3.3873958848e-13 2.4204366841e+06 1.2019553179e+08 5.6359184263e-01
6.1298784345e+00 8.9797759195e-12 1.3650282101e-09 5.9327675955e+07 5.9749396429e-13 1.0005462425e-10 4.3486341760e+06 1.1953481011e+08 5.6359184264e-01
6.1797125294e+00 2.1106199108e-04 8.7228627154e-02 7.9155773649e+07 1.3842096054e-05 5.4036400132e-03 4.9035427900e+06 1.1708969332e+08 5.6353226375e-01
6.2295466243e+00 1.7143463127e-01 6.7815428557e+00 6.3595159588e+07 6.7408556759e-03 2.6832063466e-01 2.5162258715e+06 1.1665420670e+08 3.8663938284e-01
6.2793807191e+00 5.4669893895e-01 6.7702695569e+00 4.0628766380e+07 1.6155630582e-02 -3.3803036034e-02 -2.0285391039e+05 1.2046155292e+08 1.7936321594e-01
6.3292148140e+00 8.4713643994e-01 5.4734551123e+00 3.2049211215e+07 1.4330036364e-02 -1.9438273962e-02 -1.1381866391e+05 1.2037691386e+08 1.1085431227e-01
6.3790489088e+00 1.0966642256e+00 4.7160117717e+00 2.8854535458e+07 1.3271794352e-02 7.0078011344e-03 4.2876662762e+04 1.2145022661e+08 8.3816816126e-02
6.4288830037e+00 1.3080943898e+00 3.9869818919e+00 2.7107717156e+07 1.3621199799e-02 -1.0755162249e-02 -7.3124961212e+04 1.2089527833e+08 7.2195558138e-02
6.4787170986e+00 1.4995836493e+00 3.6301728188e+00 2.6239898101e+07 1.0844188049e-02 -7.3071292973e-02 -5.2817961498e+05 1.2061676514e+08 6.6520549429e-02
6.5285511934e+00 1.6668065447e+00 3.1471066627e+00 2.5726621269e+07 7.7417075514e-03 -6.2612461914e-02 -5.1183746437e+05 1.2029377889e+08 6.4278396710e-02
6.5783852883e+00 1.8174524835e+00 2.8506510595e+00 2.5472783990e+07 4.6475339458e-03 -5.0221581843e-02 -4.4876888795e+05 1.2004540148e+08 6.3593143294e-02
6.6282193832e+00 1.9529373716e+00 2.6663653526e+00 2.5389514593e+07 2.5134730910e-03 -4.4249232787e-02 -4.2134756232e+05 1.1989753634e+08 6.3827495080e-02
6.6780534780e+00 2.0813622021e+00 2.4768448504e+00 2.5397465324e+07 2.1315592147e-04 -4.6036324570e-02 -4.7205458052e+05 1.2007436721e+08 6.4328216914e-02
6.7278875729e+00 2.2016638157e+00 2.3611306405e+00 2.5410123158e+07 -1.9728838989e-03 -4.0749564749e-02 -4.3854052001e+05 1.1998186948e+08 6.5070993293e-02
6.7777216678e+00 2.3136563772e+00 2.1236167700e+00 2.5374491439e+07 -3.8259943537e-03 -3.6664050273e-02 -4.3808828547e+05 1.1987166579e+08 6.6030834881e-02
6.8275557626e+00 2.4167208733e+00 2.0477324679e+00 2.5488868680e+07 -5.4640804531e-03 -2.7069374653e-02 -3.3694232357e+05 1.1995554926e+08 6.7187306598e-02
6.8773898575e+00 2.5172898288e+00 1.9668112478e+00 2.5563075739e+07 -6.7550369407e-03 -2.6468228524e-02 -3.4401335218e+05 1.1995533785e+08 6.8210062154e-02
6.9272239524e+00 2.6128359105e+00 1.8877153034e+00 2.5622962937e+07 -7.9792222975e-03 -2.0409854967e-02 -2.7703380717e+05 1.1986705579e+08 6.9270487549e-02
6.9770580472e+00 2.7055337194e+00 1.8215820959e+00 2.5705615888e+07 -8.8884329984e-03 -1.7298116120e-02 -2.4410578560e+05 1.1989684552e+08 7.0260506100e-02
7.0268921421e+00 2.7940947937e+00 1.7292510304e+00 2.5769655213e+07 -9.5682996965e-03 -1.0561678805e-02 -1.5739231406e+05 1.1991381241e+08 7.1279340312e-02
7.0767262369e+00 2.8780093705e+00 1.6515893113e+00 2.5849842169e+07 -1.0039987897e-02 -8.1540462280e-03 -1.2762301535e+05 1.1993782826e+08 7.2363170391e-02
7.1265603318e+00 2.9596030164e+00 1.6241545083e+00 2.5937840833e+07 -1.0315696407e-02 -2.3732124183e-03 -3.7900338702e+04 1.1987378710e+08 7.3376959187e-02
7.1763944267e+00 3.0392169253e+00 1.5655059008e+00 2.6014183477e+07 -1.0219120094e-02 6.2896493176e-03 1.0451579344e+05 1.1990477348e+08 7.4327014774e-02
7.2262285215e+00 3.1157979537e+00 1.5009049940e+00 2.6076160886e+07 -9.7899708909e-03 9.9807121553e-03 1.7340115261e+05 1.1988943784e+08 7.5296253167e-02
7.2760626164e+00 3.1883616778e+00 1.4212879224e+00 2.6138217903e+07 -9.2279660116e-03 1.3583180098e-02 2.4980168733e+05 1.1989387429e+08 7.6356250445e-02
7.3258967113e+00 3.2576301839e+00 1.3517713491e+00 2.6216811123e+07 -8.3364561416e-03 2.1995993183e-02 4.2659936472e+05 1.1993470842e+08 7.7457241768e-02
7.3757308061e+00 3.3226912928e+00 1.2645891225e+00 2.6281394592e+07 -7.1074702359e-03 2.6642854013e-02 5.5370661260e+05 1.1994181746e+08 7.8668903277e-02
7.4255649010e+00 3.3834676925e+00 1.1621960899e+00 2.6334592334e+07 -5.7212387447e-03 2.8644772422e-02 6.4907153861e+05 1.1992971377e+08 7.9997213311e-02
7.4753989959e+00 3.4380513471e+00 1.0315098635e+00 2.6376714912e+07 -4.2919196233e-03 2.8388681497e-02 7.2592631931e+05 1.1991741092e+08 8.1581307218e-02
7.5252330907e+00 3.4862247913e+00 9.0457473922e-01 2.6439165337e+07 -2.9025617999e-03 2.7471354733e-02 8.0294049603e+05 1.1991806531e+08 8.3433063745e-02
7.5750671856e+00 3.5288477023e+00 8.1452883550e-01 2.6561761808e+07 -1.5324629531e-03 2.7936069623e-02 9.1099442385e+05 1.1993913823e+08 8.5493089990e-02
7.6249012804e+00 3.5681292121e+00 7.6888513130e-01 2.6738172448e+07 -8.7677167173e-05 2.9932352726e-02 1.0409050408e+06 1.1992381854e+08 8.7605937103e-02
7.6747353753e+00 3.6057912264e+00 7.4265947177e-01 2.6933348591e+07 1.4300111451e-03 3.0892346631e-02 1.1203443465e+06 1.1989741633e+08 8.9653777189e-02
7.7245694702e+00 3.6419960755e+00 7.0964581014e-01 2.7115511835e+07 2.9831987144e-03 3.1344605705e-02 1.1976749736e+06 1.1990201598e+08 9.1644091975e-02
7.7744035650e+00 3.6770088247e+00 7.0545134877e-01 2.7336973217e+07 4.5854948535e-03 3.3616470160e-02 1.3026731695e+06 1.1991129586e+08 9.3568493956e-02
7.8242376599e+00 3.7128184540e+00 7.2960462232e-01 2.7573144553e+07 6.3671413423e-03 3.7708934612e-02 1.4250922667e+06 1.1990750667e+08 9.5253345373e-02
7.8740717548e+00 3.7494708512e+00 7.4156454753e-01 2.7768612354e+07 8.3225632088e-03 4.0630276834e-02 1.5214405961e+06 1.1993259699e+08 9.6710026999e-02
7.9239058496e+00 3.7870389932e+00 7.6948966576e-01 2.7960421298e+07 1.0415896362e-02 4.3416376162e-02 1.5775912565e+06 1.1994166338e+08 9.7943124636e-02
7.9737399445e+00 3.8263476479e+00 8.0953575449e-01 2.8132171117e+07 1.2651220945e-02 4.6221390759e-02 1.6062392141e+06 1.1994031311e+08 9.8879427191e-02
8.0235740394e+00 3.8679255742e+00 8.5815801885e-01 2.8271316783e+07 1.5026430414e-02 4.9198648042e-02 1.6208093772e+06 1.1992994186e+08 9.9479653567e-02
8.0734081342e+00 3.9115661028e+00 8.9046173488e-01 2.8351590962e+07 1.7556851492e-02 5.2283820449e-02 1.6646751154e+06 1.1993262010e+08 9.9792172735e-02
8.1232422291e+00 3.9567959869e+00 9.2917584151e-01 2.8417287198e+07 2.0249177768e-02 5.6048333498e-02 1.7141444265e+06 1.1995409512e+08 9.9893080173e-02
8.1730763240e+00 4.0046573974e+00 9.9313173654e-01 2.8465343186e+07 2.3180367695e-02 6.1824506190e-02 1.7720265311e+06 1.1993885260e+08 9.9683801042e-02
8.2229104188e+00 4.0556993022e+00 1.0533621751e+00 2.8465884030e+07 2.6414509865e-02 6.7777646519e-02 1.8316118342e+06 1.1993371745e+08 9.9138080008e-02
8.2727445137e+00 4.1094816836e+00 1.1017640923e+00 2.8422872607e+07 2.9923878598e-02 7.2928689437e-02 1.8813853743e+06 1.1993668818e+08 9.8349847182e-02
8.3225786085e+00 4.1651286399e+00 1.1276951290e+00 2.8336135227e+07 3.3659347462e-02 7.6532521533e-02 1.9230692974e+06 1.1991795497e+08 9.7454588861e-02
8.3724127034e+00 4.2215624401e+00 1.1343011549e+00 2.8240104150e+07 3.7506145057e-02 7.7513732026e-02 1.9298189514e+06 1.1992336233e+08 9.6590562189e-02
8.4222467983e+00 4.2779842400e+00 1.1286727928e+00 2.8142116706e+07 4.1376909986e-02 7.7831523457e-02 1.9406366756e+06 1.1991797120e+08 9.5842255092e-02
8.4720808931e+00 4.3339730572e+00 1.1187395979e+00 2.8057706802e+07 4.5246305400e-02 7.7176600930e-02 1.9355696759e+06 1.1991176445e+08 9.5238442450e-02
8.5219149880e+00 4.3894041830e+00 1.1029064769e+00 2.7990077787e+07 4.9025005069e-02 7.3899946794e-02 1.8754675057e+06 1.1991890863e+08 9.4772568493e-02
8.5717490829e+00 4.4436575316e+00 1.0741551640e+00 2.7931562940e+07 5.2571468998e-02 6.8323110727e-02 1.7766253251e+06 1.1992352174e+08 9.4490445429e-02
8.6215831777e+00 4.4964073102e+00 1.0420932761e+00 2.7890849858e+07 5.5812749765e-02 6.1468924343e-02 1.6451699469e+06 1.1991933574e+08 9.4399582467e-02
8.6714172726e+00 4.5474331163e+00 1.0050313474e+00 2.7871782528e+07 5.8661017204e-02 5.2580568744e-02 1.4581775793e+06 1.1993149209e+08 9.4497501486e-02
8.7212513675e+00 4.5964350522e+00 9.6058563160e-01 2.7869555548e+07 6.1029090080e-02 4.2382842833e-02 1.2296571526e+06 1.1995875808e+08 9.4791733895e-02
8.7710854623e+00 4.6429902936e+00 9.0466783813e-01 2.7868225175e+07 6.2863756681e-02 3.0990267352e-02 9.5465287082e+05 1.1995486467e+08 9.5303421854e-02
8.8209195572e+00 4.6861304888e+00 8.2469699002e-01 2.7864062211e+07 6.4076983826e-02 1.7545182472e-02 5.9279961226e+05 1.1995768451e+08 9.6110620329e-02
8.8707536520e+00 4.7254020413e+00 7.5761871272e-01 2.7897979164e+07 6.4612976322e-02 4.2541844666e-03 1.5665287514e+05 1.1993823275e+08 9.7234073476e-02
8.9205877469e+00 4.7623437508e+00 7.3379822899e-01 2.8003692013e+07 6.4518366918e-02 -7.7913521193e-03 -2.9733871859e+05 1.1991250888e+08 9.8494177051e-02
8.9704218418e+00 4.7995611365e+00 7.7047134454e-01 2.8181028515e+07 6.3852786212e-02 -1.8628510925e-02 -6.8136291023e+05 1.1987528962e+08 9.9609748796e-02
9.0202559366e+00 4.8401143390e+00 8.6390833209e-01 2.8386790872e+07 6.2692706327e-02 -2.7378781811e-02 -8.9962757011e+05 1.1986111616e+08 1.0025420108e-01
9.0700900315e+00 4.8860995217e+00 9.8149245657e-01 2.8539756588e+07 6.1193855550e-02 -3.1801336665e-02 -9.2471664098e+05 1.1987860612e+08 1.0022137874e-01
9.1199241264e+00 4.9377077330e+00 1.0838917703e+00 2.8591626897e+07 5.9630633537e-02 -2.9844120691e-02 -7.8724830950e+05 1.1991518994e+08 9.9552743350e-02
9.1697582212e+00 4.9934656559e+00 1.1453198698e+00 2.8548906063e+07 5.8317550698e-02 -2.2140982460e-02 -5.5189894548e+05 1.1996622160e+08 9.8498687921e-02
9.2195923161e+00 5.0509552487e+00 1.1520942444e+00 2.8440383533e+07 5.7469215455e-02 -1.1916580938e-02 -2.9417049337e+05 1.2002296021e+08 9.7393258703e-02
9.2694264110e+00 5.1073487649e+00 1.1031863341e+00 2.8298298352e+07 5.7102739116e-02 -3.3723293908e-03 -8.6505044789e+04 1.2006145798e+08 9.6558840541e-02
9.3192605058e+00 5.1602646674e+00 1.0167648341e+00 2.8161379651e+07 5.7076695095e-02 1.7328598184e-03 4.7995093449e+04 1.2007627756e+08 9.6207591832e-02
9.3690946007e+00 5.2083976766e+00 9.1428326350e-01 2.8056466957e+07 5.7226364494e-02 3.8266954473e-03 1.1742920237e+05 1.2007456221e+08 9.6404366261e-02
9.4189286956e+00 5.2513721789e+00 8.1239461383e-01 2.7997863920e+07 5.7423267516e-02 3.8239551644e-03 1.3178641821e+05 1.2006541776e+08 9.7118871762e-02
9.4687627904e+00 5.2895355288e+00 7.2162202386e-01 2.7989831077e+07 5.7592842215e-02 2.9285249483e-03 1.1358982390e+05 1.2005164987e+08 9.8265114422e-02
9.5185968853e+00 5.3233823109e+00 6.3745903920e-01 2.8017550528e+07 5.7714024977e-02 1.9601080556e-03 8.6150518093e+04 1.2003759502e+08 9.9764574009e-02
9.5684309801e+00 5.3529908110e+00 5.5025880423e-01 2.8057737250e+07 5.7790576748e-02 1.1449689749e-03 5.8382052972e+04 1.2002350049e+08 1.0159922244e-01
9.6182650750e+00 5.3780929615e+00 4.5694045282e-01 2.8096693143e+07 5.7831415007e-02 5.4265245187e-04 3.3367016051e+04 1.2001623934e+08 1.0379817061e-01
9.6680991699e+00 5.3984892812e+00 3.6262761669e-01 2.8129199274e+07 5.7849660842e-02 2.4177128942e-04 1.8754315627e+04 1.2001211514e+08 1.0639101485e-01
9.7179332647e+00 5.4143141575e+00 2.7457184564e-01 2.8152620259e+07 5.7859373369e-02 1.7271654808e-04 1.7709111359e+04 1.2000785573e+08 1.0937832001e-01
9.7677673596e+00 5.4260364129e+00 1.9872445827e-01 2.8166110319e+07 5.7867834984e-02 1.6554064634e-04 2.3462819563e+04 1.2000612943e+08 1.1272900874e-01
9.8176014545e+00 5.4343574402e+00 1.3816977622e-01 2.8167581585e+07 5.7875277574e-02 1.2679157493e-04 2.5847997506e+04 1.2000568291e+08 1.1637790387e-01
9.8674355493e+00 5.4400506277e+00 9.3276446352e-02 2.8140283524e+07 5.7880092607e-02 6.7280423782e-05 2.0297623622e+04 1.2000398415e+08 1.2008134273e-01
9.9172696442e+00 5.4439179222e+00 6.4527887501e-02 2.8061808203e+07 5.7882440422e-02 3.4453775428e-05 1.4983215403e+04 1.2000182103e+08 1.2311108202e-01
