# TPV104 station: x2_-9_x3_7.5 (along_strike=-9000, down_dip=7500)
# Columns (SCEC TPV104 trace layout): t  h-slip  h-slip-rate  h-shear-stress  v-slip  v-slip-rate  v-shear-stress  n-stress  psi
# BP5 convention: h = strike = component 2, v = dip = component 1.  TPV104 is pure strike-slip so v-slip / v-slip-rate / v-shear-stress ≈ 0.
0.0000000000e+00 0.0000000000e+00 1.0000000000e-16 4.0000000000e+07 0.0000000000e+00 0.0000000000e+00 0.0000000000e+00 1.2000000000e+08 5.6359184263e-01
2.8476625637e-04 2.8476625637e-20 1.0000000000e-16 4.0000000000e+07 0.0000000000e+00 0.0000000000e+00 0.0000000000e+00 1.2000000000e+08 5.6359184263e-01
5.0118861120e-02 5.0118861120e-18 1.0000000000e-16 4.0000000000e+07 6.4145091643e-37 1.0773368360e-35 4.3093473441e-12 1.2000000000e+08 5.6359184263e-01
9.9952955984e-02 9.9952955984e-18 1.0000000000e-16 4.0000000000e+07 1.1441376124e-36 2.0217139502e-35 8.0868558008e-12 1.2000000000e+08 5.6359184263e-01
1.4978705085e-01 1.4978705085e-17 1.0000000000e-16 4.0000000000e+07 1.5189444536e-36 1.2627921342e-35 5.0511685369e-12 1.2000000000e+08 5.6359184263e-01
1.9962114571e-01 1.9962114571e-17 1.0000000000e-16 4.0000000000e+07 1.4713653426e-36 -9.7492430552e-38 -3.8996972221e-14 1.2000000000e+08 5.6359184263e-01
2.4945524058e-01 2.4945524058e-17 1.0000000000e-16 4.0000000000e+07 1.3034860795e-36 1.3881016684e-36 5.5524066736e-13 1.2000000000e+08 5.6359184263e-01
2.9928933544e-01 2.9928933544e-17 1.0000000000e-16 4.0000000000e+07 1.0837915525e-36 -2.7440116921e-36 -1.0976046769e-12 1.2000000000e+08 5.6359184263e-01
3.4912343030e-01 3.4912343030e-17 1.0000000000e-16 4.0000000000e+07 1.0246507322e-36 -4.8328659283e-36 -1.9331463713e-12 1.2000000000e+08 5.6359184263e-01
3.9895752517e-01 3.9895752517e-17 1.0000000000e-16 4.0000000000e+07 7.6471455164e-37 -2.0169869193e-36 -8.0679476770e-13 1.2000000000e+08 5.6359184263e-01
4.4879162003e-01 4.4879162003e-17 1.0000000000e-16 4.0000000000e+07 7.5431026192e-37 -4.5108537404e-37 -1.8043414962e-13 1.2000000000e+08 5.6359184263e-01
4.9862571490e-01 4.9862571490e-17 1.0000000000e-16 4.0000000000e+07 6.2233303870e-37 -2.0549609636e-36 -8.2198438546e-13 1.2000000000e+08 5.6359184263e-01
5.4845980976e-01 5.4845980976e-17 1.0000000000e-16 4.0000000000e+07 5.7965208014e-37 2.8287981757e-37 1.1315192703e-13 1.2000000000e+08 5.6359184263e-01
5.9829390462e-01 5.9829390462e-17 1.0000000000e-16 4.0000000000e+07 5.3722836639e-37 -1.9500881743e-36 -7.8003526972e-13 1.2000000000e+08 5.6359184263e-01
6.4812799949e-01 6.4812799949e-17 1.0000000000e-16 4.0000000000e+07 4.2948011498e-37 -1.5160096352e-36 -6.0640385409e-13 1.2000000000e+08 5.6359184263e-01
6.9796209435e-01 6.9796209435e-17 1.0000000000e-16 4.0000000000e+07 4.0085969360e-37 -1.6012049606e-37 -6.4048198423e-14 1.2000000000e+08 5.6359184263e-01
7.4779618922e-01 7.4779618922e-17 1.0000000000e-16 4.0000000000e+07 3.8692284370e-37 -5.1595337894e-37 -2.0638135158e-13 1.2000000000e+08 5.6359184263e-01
7.9763028408e-01 7.9763028408e-17 1.0000000000e-16 4.0000000000e+07 3.4957447239e-37 -1.1167523058e-36 -4.4670092230e-13 1.2000000000e+08 5.6359184263e-01
8.4746437894e-01 8.4746437894e-17 1.0000000000e-16 4.0000000000e+07 2.8200624058e-37 -1.3380240117e-36 -5.3520960470e-13 1.2000000000e+08 5.6359184263e-01
8.9729847381e-01 8.9729847381e-17 1.0000000000e-16 4.0000000000e+07 2.3646633824e-37 -4.7674685794e-37 -1.9069874318e-13 1.2000000000e+08 5.6359184263e-01
9.4713256867e-01 9.4713256867e-17 1.0000000000e-16 4.0000000000e+07 2.1611018912e-37 -5.1183427300e-37 -2.0473370920e-13 1.2000000000e+08 5.6359184263e-01
9.9696666354e-01 9.9696666354e-17 1.0000000000e-16 4.0000000000e+07 1.8926373879e-37 -4.2173597180e-37 -1.6869438872e-13 1.2000000000e+08 5.6359184263e-01
1.0468007584e+00 1.0468007584e-16 1.0000000000e-16 4.0000000000e+07 1.7982747616e-37 -5.5197817249e-38 -2.2079126900e-14 1.2000000000e+08 5.6359184263e-01
1.0966348533e+00 1.0966348533e-16 1.0000000000e-16 4.0000000000e+07 1.6818352311e-37 -5.6224925613e-37 -2.2489970245e-13 1.2000000000e+08 5.6359184263e-01
1.1464689481e+00 1.1464689481e-16 1.0000000000e-16 4.0000000000e+07 1.2152417028e-37 -1.1597603953e-36 -4.6390415810e-13 1.2000000000e+08 5.6359184263e-01
1.1963030430e+00 1.1963030430e-16 1.0000000000e-16 4.0000000000e+07 7.1713627327e-38 -7.2110723686e-37 -2.8844289474e-13 1.2000000000e+08 5.6359184263e-01
1.2461371379e+00 1.2461371379e-16 1.0000000000e-16 4.0000000000e+07 4.5937843954e-38 -4.3596093739e-37 -1.7438437495e-13 1.2000000000e+08 5.6359184263e-01
1.2959712327e+00 1.2959712327e-16 1.0000000000e-16 4.0000000000e+07 2.1461322074e-38 -5.2368179243e-37 -2.0947271697e-13 1.2000000000e+08 5.6359184263e-01
1.3458053276e+00 1.3458053276e-16 1.0000000000e-16 4.0000000000e+07 -4.2820780514e-39 -6.0459226926e-37 -2.4183690770e-13 1.2000000000e+08 5.6359184263e-01
1.3956394224e+00 1.3956394224e-16 1.0000000000e-16 4.0000000000e+07 -7.8603016158e-38 -3.2369722938e-36 -1.2947889175e-12 1.2000000000e+08 5.6359184263e-01
1.4454735173e+00 1.4454735173e-16 1.0000000000e-16 4.0000000000e+07 -5.3792852324e-37 -1.9788894634e-35 -7.9155578537e-12 1.2000000000e+08 5.6359184263e-01
1.4953076122e+00 1.4953076122e-16 1.0000000000e-16 4.0000000000e+07 -3.4751735433e-36 -1.3308480467e-34 -5.3233921867e-11 1.2000000000e+08 5.6359184263e-01
1.5451417070e+00 1.5451417070e-16 1.0000000000e-16 4.0000000000e+07 -2.5707153267e-35 -1.0685258952e-33 -4.2741035809e-10 1.2000000000e+08 5.6359184263e-01
1.5949758019e+00 1.5949758019e-16 1.0000000000e-16 4.0000000000e+07 -2.2223067539e-34 -1.0017515981e-32 -4.0070063923e-09 1.2000000000e+08 5.6359184263e-01
1.6448098968e+00 1.6448098968e-16 1.0000000000e-16 4.0000000000e+07 -2.1448956293e-33 -9.5740174111e-32 -3.8296069644e-08 1.2000000000e+08 5.6359184263e-01
1.6946439916e+00 1.6946439916e-16 1.0000000000e-16 4.0000000000e+07 -2.1484386648e-32 -9.6388495370e-31 -3.8555398148e-07 1.2000000000e+08 5.6359184263e-01
1.7444780865e+00 1.7444780865e-16 1.0000000000e-16 4.0000000000e+07 -2.1276083032e-31 -1.0662759638e-29 -4.2651038549e-06 1.2000000000e+08 5.6359184263e-01
1.7943121814e+00 1.7943121814e-16 1.0000000004e-16 4.0000000000e+07 -2.5844354137e-30 -1.2567377791e-28 -5.0269511143e-05 1.2000000000e+08 5.6359184263e-01
1.8441462762e+00 1.8441462763e-16 1.0000000051e-16 4.0000000005e+07 -3.0945836491e-29 -1.4967002645e-27 -5.9868010279e-04 1.2000000000e+08 5.6359184263e-01
1.8939803711e+00 1.8939803723e-16 1.0000000543e-16 4.0000000060e+07 -2.9253257984e-28 -1.2305499423e-26 -4.9221995093e-03 1.1999999998e+08 5.6359184263e-01
1.9438144660e+00 1.9438144765e-16 1.0000004438e-16 4.0000000509e+07 -2.1933862059e-27 -8.2790880295e-26 -3.3116337843e-02 1.1999999993e+08 5.6359184263e-01
1.9936485608e+00 1.9936486383e-16 1.0000028859e-16 4.0000003374e+07 -1.2389562924e-26 -3.9565164684e-25 -1.5826021536e-01 1.1999999973e+08 5.6359184263e-01
2.0434826557e+00 2.0434831024e-16 1.0000147636e-16 4.0000017454e+07 -5.6591774062e-26 -1.6208832119e-24 -6.4834399582e-01 1.1999999921e+08 5.6359184263e-01
2.0933167505e+00 2.0933188939e-16 1.0000633275e-16 4.0000075497e+07 -2.0858949264e-25 -4.8282819028e-24 -1.9311941086e+00 1.1999999852e+08 5.6359184263e-01
2.1431508454e+00 2.1431592988e-16 1.0002123041e-16 4.0000252641e+07 -5.4620312484e-25 -8.4561373062e-24 -3.3817583249e+00 1.1999999371e+08 5.6359184263e-01
2.1929849403e+00 2.1930111270e-16 1.0005331354e-16 4.0000637985e+07 -1.0917809045e-24 -1.5043319132e-23 -6.0142172345e+00 1.1999999518e+08 5.6359184263e-01
2.2428190351e+00 2.2428866102e-16 1.0012164577e-16 4.0001450810e+07 -2.1509249976e-24 -2.1717323589e-23 -8.6766896863e+00 1.1999997584e+08 5.6359184263e-01
2.2926531300e+00 2.2928083164e-16 1.0022583979e-16 4.0002633616e+07 -1.8529408953e-24 2.6662256702e-23 1.0641571958e+01 1.1999977980e+08 5.6359184263e-01
2.3424872249e+00 2.3427754349e-16 1.0035483872e-16 4.0004332099e+07 -1.0623575362e-23 -6.1701791622e-22 -2.4596113099e+02 1.2000024469e+08 5.6359184263e-01
2.3923213197e+00 2.3930866330e-16 1.0211266379e-16 4.0025029508e+07 -8.8327385671e-23 -2.5650336874e-21 -1.0054144629e+03 1.1999982504e+08 5.6359184263e-01
2.4421554146e+00 2.4454495765e-16 1.0911806634e-16 4.0103692038e+07 -2.4295405915e-22 -3.1681407772e-21 -1.1643731081e+03 1.1999694712e+08 5.6359184263e-01
2.4919895095e+00 2.5029896163e-16 1.2271339701e-16 4.0244401217e+07 -3.5934352976e-22 -1.2356116506e-21 -4.0522430495e+02 1.1999637309e+08 5.6359184263e-01
2.5418236043e+00 2.5685734669e-16 1.4101308984e-16 4.0411883899e+07 -3.6021311729e-22 1.0922798222e-21 3.1302828276e+02 1.1999841095e+08 5.6359184263e-01
2.5916576992e+00 2.6442259803e-16 1.6324687451e-16 4.0588357319e+07 -2.5603051329e-22 3.1189573341e-21 7.7547184361e+02 1.2000072495e+08 5.6359184263e-01
2.6414917940e+00 2.7323799829e-16 1.9169789285e-16 4.0779813231e+07 -4.5391627295e-23 5.1698316736e-21 1.0997761475e+03 1.1999680050e+08 5.6359184263e-01
2.6913258889e+00 2.8369309314e-16 2.2946998724e-16 4.0995109199e+07 2.1816220418e-22 5.0447410955e-21 9.0124950362e+02 1.1999527788e+08 5.6359184263e-01
2.7411599838e+00 2.9634368945e-16 2.8080510631e-16 4.1238023092e+07 5.0120844964e-22 7.4846719824e-21 1.0991718780e+03 1.1999718994e+08 5.6359184263e-01
2.7909940786e+00 3.1204880510e-16 3.5321022066e-16 4.1512174312e+07 1.0514549775e-21 1.4743360299e-20 1.7327611346e+03 1.1999393698e+08 5.6359184263e-01
2.8408281735e+00 3.3207220693e-16 4.5596856870e-16 4.1820200179e+07 1.9882899803e-21 2.3549012819e-20 2.1598515725e+03 1.1999855326e+08 5.6359184263e-01
2.8906622684e+00 3.5829536724e-16 6.0528512064e-16 4.2158602222e+07 3.5035793629e-21 3.7111200735e-20 2.5848253929e+03 1.1999421350e+08 5.6359184263e-01
2.9404963632e+00 3.9374457233e-16 8.3315528255e-16 4.2540726347e+07 5.5980663073e-21 4.8535478683e-20 2.4782109170e+03 1.1999059778e+08 5.6359184263e-01
2.9903304581e+00 4.4352356741e-16 1.1861345544e-15 4.2966312229e+07 8.9638067928e-21 9.3227894883e-20 3.3770695113e+03 1.1999544931e+08 5.6359184263e-01
3.0401645530e+00 5.1437791925e-16 1.6795460306e-15 4.3385338419e+07 1.4896108890e-20 1.3517000207e-19 3.4916555886e+03 1.2000002268e+08 5.6359184263e-01
3.0899986478e+00 6.1594331664e-16 2.4945029737e-15 4.3856185194e+07 2.1754623964e-20 1.5925374343e-19 2.7998610298e+03 1.1998953699e+08 5.6359184263e-01
3.1398327427e+00 7.8596779903e-16 4.7204333916e-15 4.4612935773e+07 4.0497395221e-20 8.0969038080e-19 7.6524043363e+03 1.1996653087e+08 5.6359184263e-01
3.1896668376e+00 1.1443953592e-15 1.0148433118e-14 4.5533438052e+07 1.3734686658e-19 3.3048847373e-18 1.4828177188e+04 1.1997247957e+08 5.6359184263e-01
3.2395009324e+00 1.7601334778e-15 1.2836070429e-14 4.5835638457e+07 3.0585002755e-19 1.9128975140e-18 6.8306635851e+03 1.2002572992e+08 5.6359184263e-01
3.2893350273e+00 2.2375060794e-15 5.7124051938e-15 4.4886089894e+07 2.6870427927e-19 -2.3276516973e-18 -1.8289876117e+04 1.2008513762e+08 5.6359184263e-01
3.3391691221e+00 2.3872891532e-15 1.2557472406e-15 4.3065325773e+07 1.7602410178e-19 -1.1428848192e-18 -3.9194756292e+04 1.2008076153e+08 5.6359184263e-01
3.3890032170e+00 2.4198049199e-15 3.1793484462e-16 4.1395485900e+07 1.4309666272e-19 -3.5169063582e-19 -4.5790529106e+04 1.2002174238e+08 5.6359184263e-01
3.4388373119e+00 2.4305019613e-15 1.5734262572e-16 4.0531311469e+07 1.3142320720e-19 -1.6353057943e-19 -4.2125322489e+04 1.1996278413e+08 5.6359184263e-01
3.4886714067e+00 2.4376590190e-15 1.4043675429e-16 4.0388766962e+07 1.2455348354e-19 -1.2158445473e-19 -3.4966958851e+04 1.1994439800e+08 5.6359184263e-01
3.5385055016e+00 2.4450535832e-15 1.5862304462e-16 4.0540172890e+07 1.1898908555e-19 -1.0401544095e-19 -2.6583804199e+04 1.1996019746e+08 5.6359184263e-01
3.5883395965e+00 2.4535488886e-15 1.8212690358e-16 4.0713408473e+07 1.1383655412e-19 -1.0712910691e-19 -2.3948087862e+04 1.1998224456e+08 5.6359184263e-01
3.6381736913e+00 2.4632686387e-15 2.0959674146e-16 4.0882284980e+07 1.0770953037e-19 -1.4630615034e-19 -2.8537322150e+04 1.1998320207e+08 5.6359184263e-01
3.6880077862e+00 2.4747710997e-15 2.5649207661e-16 4.1123066518e+07 9.8190049250e-20 -2.4695437239e-19 -3.9593897857e+04 1.1997891166e+08 5.6359184263e-01
3.7378418811e+00 2.4895114997e-15 3.4370422975e-16 4.1472455949e+07 8.2349958523e-20 -3.8217991223e-19 -4.6115055336e+04 1.1997381181e+08 5.6359184263e-01
3.7876759759e+00 2.5103299795e-15 5.0782603890e-16 4.1940195908e+07 6.1922039401e-20 -4.1531062067e-19 -3.4299558233e+04 1.1997210111e+08 5.6359184263e-01
3.8375100708e+00 2.5426304157e-15 8.2271150330e-16 4.2520213210e+07 4.0914349855e-20 -4.5439691922e-19 -2.3484604032e+04 1.1997544359e+08 5.6359184263e-01
3.8873441656e+00 2.5978110448e-15 1.4648417474e-15 4.3214221152e+07 1.2816572907e-20 -7.3887501107e-19 -2.1797513751e+04 1.1998064208e+08 5.6359184263e-01
3.9371782605e+00 2.6997639649e-15 2.7608009971e-15 4.3972990470e+07 -4.4593717318e-20 -1.7656775942e-18 -2.8123042589e+04 1.1997618670e+08 5.6359184263e-01
3.9870123554e+00 2.8931767801e-15 5.2719185030e-15 4.4749814983e+07 -2.0057109466e-19 -5.1318221845e-18 -4.3560630376e+04 1.1997817675e+08 5.6359184263e-01
4.0368464502e+00 3.2662539609e-15 1.0179551390e-14 4.5540377272e+07 -6.2485765630e-19 -1.1667658630e-17 -5.2197739910e+04 1.1998115505e+08 5.6359184263e-01
4.0866805451e+00 3.9825516000e-15 1.9668881722e-14 4.6337922036e+07 -1.1961828190e-18 -8.5791039083e-18 -2.0211512462e+04 1.1999994532e+08 5.6359184263e-01
4.1365146400e+00 5.4721275447e-15 4.4266700890e-14 4.7307347554e+07 -1.1268662070e-18 1.4734860569e-17 1.5746987150e+04 1.1998977514e+08 5.6359184263e-01
4.1863487348e+00 9.1184548396e-15 1.1280634621e-13 4.8431368988e+07 -1.5399299340e-18 -7.5982765681e-17 -3.2621829225e+04 1.1999373284e+08 5.6359184263e-01
4.2361828297e+00 1.9059336804e-14 3.3039126863e-13 4.9756903470e+07 -1.3999487079e-17 -4.3274966814e-16 -6.5172071747e+04 1.2008087101e+08 5.6359184263e-01
4.2860169246e+00 5.4400186666e-14 1.4182432445e-12 5.1540086684e+07 8.6165904485e-18 2.8214266611e-15 1.0253288725e+05 1.2015964133e+08 5.6359184263e-01
4.3358510194e+00 3.5282114089e-13 1.8406143064e-11 5.4786501517e+07 4.2009413136e-16 3.1531213093e-14 9.3853712205e+04 1.2052566975e+08 5.6359184263e-01
4.3856851143e+00 2.2511747894e-11 2.7718945899e-09 6.1051191078e+07 3.5649990317e-13 5.5454599834e-11 1.2213918173e+06 1.2098673244e+08 5.6359184264e-01
4.4355192092e+00 9.3153823571e-06 3.9819870022e-03 7.8470198492e+07 3.4626906980e-07 1.4639738432e-04 2.8849495993e+06 1.2146033347e+08 5.6359030963e-01
4.4853533040e+00 1.2867639523e-01 5.5830653305e+00 6.8929793512e+07 2.5499552344e-03 3.8465526045e-02 4.7490412715e+05 1.1847113205e+08 4.2499813379e-01
4.5351873989e+00 4.3851674039e-01 5.9911880435e+00 4.5302754848e+07 1.4632441125e-04 -9.8071470838e-02 -7.4157375276e+05 1.1953174568e+08 2.2225510603e-01
4.5850214937e+00 6.9060801964e-01 4.7943390337e+00 3.5118253638e+07 -1.9379967901e-03 4.8225331377e-02 3.5324773804e+05 1.1824331268e+08 1.4287844305e-01
4.6348555886e+00 9.2604128462e-01 4.3327432283e+00 3.0345717745e+07 3.4213970144e-03 1.0880521673e-01 7.6205125068e+05 1.1852581248e+08 1.0313792167e-01
4.6846896835e+00 1.1209537314e+00 3.4741920585e+00 2.8092010918e+07 6.5036470825e-03 6.5877453200e-02 5.3267928294e+05 1.1904038728e+08 8.5354264811e-02
4.7345237783e+00 1.2860726814e+00 3.1330341192e+00 2.7053165995e+07 1.0167893198e-02 6.0832143700e-02 5.2527422897e+05 1.1948935302e+08 7.6837413209e-02
4.7843578732e+00 1.4289646174e+00 2.7136831105e+00 2.6512845902e+07 1.2461737302e-02 5.5649289612e-02 5.4369687984e+05 1.2003738167e+08 7.2761592713e-02
4.8341919681e+00 1.5607296298e+00 2.5439211624e+00 2.6231636494e+07 1.5206326623e-02 4.0344950490e-02 4.1601685276e+05 1.2029058104e+08 7.0594414563e-02
4.8840260629e+00 1.6774081638e+00 2.2104683952e+00 2.6049440623e+07 1.6676307449e-02 2.6483171139e-02 3.1209303675e+05 1.2059338668e+08 6.9937254472e-02
4.9338601578e+00 1.7878786746e+00 2.1926234292e+00 2.6022670046e+07 1.8252599384e-02 3.4708174097e-02 4.1192634833e+05 1.2060847240e+08 6.9780897842e-02
4.9836942527e+00 1.8914927227e+00 1.9645280162e+00 2.5911637648e+07 1.9818758500e-02 2.5769246742e-02 3.3988997791e+05 1.2054690339e+08 7.0064086058e-02
5.0335283475e+00 1.9860134045e+00 1.8589778868e+00 2.5914028555e+07 2.0811008685e-02 1.4982223692e-02 2.0885120545e+05 1.2045547675e+08 7.0789281046e-02
5.0833624424e+00 2.0749339665e+00 1.6863069191e+00 2.5893989634e+07 2.1407530326e-02 9.9758869414e-03 1.5318416246e+05 1.2040457200e+08 7.1687573869e-02
5.1331965372e+00 2.1565106446e+00 1.6256994209e+00 2.6010601874e+07 2.1761852174e-02 4.2775150006e-03 6.8438690607e+04 1.2051086881e+08 7.2828446355e-02
5.1830306321e+00 2.2373043496e+00 1.5981687263e+00 2.6083944887e+07 2.2066628948e-02 9.9108828899e-03 1.6175696522e+05 1.2040301766e+08 7.3804384182e-02
5.2328647270e+00 2.3137841055e+00 1.4830784504e+00 2.6102048561e+07 2.2677075072e-02 1.2021684582e-02 2.1158057732e+05 1.2030974287e+08 7.4874072548e-02
5.2826988218e+00 2.3862003611e+00 1.4140134402e+00 2.6188474418e+07 2.3125454600e-02 5.1820706219e-03 9.5975413001e+04 1.2033806446e+08 7.6012860330e-02
5.3325329167e+00 2.4553545937e+00 1.3808110575e+00 2.6299271023e+07 2.3204954509e-02 -3.5667408773e-04 -6.7933034350e+03 1.2033535540e+08 7.7174229819e-02
5.3823670116e+00 2.5239056918e+00 1.3510823808e+00 2.6385169320e+07 2.3267081223e-02 3.0045378912e-03 5.8675356971e+04 1.2028823599e+08 7.8191734344e-02
5.4322011064e+00 2.5890243151e+00 1.2768590889e+00 2.6447434612e+07 2.3449560569e-02 3.9773485232e-03 8.2382359895e+04 1.2028059673e+08 7.9289416019e-02
5.4820352013e+00 2.6526521888e+00 1.2721638858e+00 2.6561061745e+07 2.3636082864e-02 3.0104930967e-03 6.2855025139e+04 1.2025098554e+08 8.0324052092e-02
5.5318692962e+00 2.7145134103e+00 1.2182161592e+00 2.6637359489e+07 2.3723263462e-02 8.8211590986e-04 1.9288234214e+04 1.2027955147e+08 8.1339022540e-02
5.5817033910e+00 2.7756008551e+00 1.2259628712e+00 2.6748226361e+07 2.3789879795e-02 2.2105817554e-03 4.8230776456e+04 1.2024392741e+08 8.2262569004e-02
5.6315374859e+00 2.8350013473e+00 1.1568279302e+00 2.6783847374e+07 2.3936854016e-02 3.3082227473e-03 7.6594738792e+04 1.2021747989e+08 8.3189621658e-02
5.6813715808e+00 2.8922979690e+00 1.1548302154e+00 2.6895199065e+07 2.4085515525e-02 2.3711490742e-03 5.5222426220e+04 1.2020794905e+08 8.4149733518e-02
5.7312056756e+00 2.9496337069e+00 1.1375916767e+00 2.6973690838e+07 2.4161898952e-02 1.0689411016e-03 2.5345901686e+04 1.2019333915e+08 8.4979763690e-02
5.7810397705e+00 3.0058253519e+00 1.1159814951e+00 2.7051210366e+07 2.4279210147e-02 4.4857079538e-03 1.0873283296e+05 1.2020687734e+08 8.5792694701e-02
5.8308738653e+00 3.0594352688e+00 1.0245283965e+00 2.7055785316e+07 2.4659100334e-02 1.0906558890e-02 2.8802082681e+05 1.2019603364e+08 8.6718131463e-02
5.8807079602e+00 3.1077896681e+00 9.1513183773e-01 2.7063412278e+07 2.5366383206e-02 1.7190840489e-02 5.0838882920e+05 1.2017813538e+08 8.7971997387e-02
5.9305420551e+00 3.1498410151e+00 7.7051162149e-01 2.7048343096e+07 2.6325986804e-02 2.0795977791e-02 7.3003018592e+05 1.2017010343e+08 8.9624825815e-02
5.9803761499e+00 3.1858852625e+00 6.9556870296e-01 2.7163535978e+07 2.7422054761e-02 2.3132584137e-02 9.0337989447e+05 1.2017750448e+08 9.1634727593e-02
6.0302102448e+00 3.2199553593e+00 6.7425942483e-01 2.7370299012e+07 2.8586878339e-02 2.2937698428e-02 9.3111292405e+05 1.2019067790e+08 9.3647497499e-02
6.0800443397e+00 3.2538111816e+00 6.9117311877e-01 2.7627564805e+07 2.9662529830e-02 1.9849228485e-02 7.9341315712e+05 1.2018505063e+08 9.5514306124e-02
6.1298784345e+00 3.2889907460e+00 7.2453305197e-01 2.7880184316e+07 3.0514700265e-02 1.4100807805e-02 5.4260205184e+05 1.2018314557e+08 9.7098136539e-02
6.1797125294e+00 3.3270725650e+00 8.0918399626e-01 2.8155595442e+07 3.1065880467e-02 7.9919345148e-03 2.7807973963e+05 1.2018589410e+08 9.8245030189e-02
6.2295466243e+00 3.3689131800e+00 8.5774068784e-01 2.8294747291e+07 3.1283999949e-02 6.0472533183e-04 1.9948395462e+04 1.2014518744e+08 9.8887014521e-02
6.2793807191e+00 3.4121914617e+00 8.8190405689e-01 2.8378411127e+07 3.1121486602e-02 -7.0701765779e-03 -2.2750816952e+05 1.2014650861e+08 9.9309112326e-02
6.3292148140e+00 3.4570566735e+00 9.1852691477e-01 2.8451282552e+07 3.0575917066e-02 -1.4726062165e-02 -4.5613835457e+05 1.2015584327e+08 9.9510875517e-02
6.3790489088e+00 3.5037733568e+00 9.5697672719e-01 2.8497483029e+07 2.9668923785e-02 -2.1436299326e-02 -6.3834423438e+05 1.2017012763e+08 9.9483659414e-02
6.4288830037e+00 3.5523544733e+00 9.9190215989e-01 2.8502897673e+07 2.8447416980e-02 -2.7549413853e-02 -7.9164876916e+05 1.2014472079e+08 9.9250045021e-02
6.4787170986e+00 3.6028804563e+00 1.0364270989e+00 2.8500968951e+07 2.6925488814e-02 -3.3312051988e-02 -9.1605647942e+05 1.2014441043e+08 9.8823999576e-02
6.5285511934e+00 3.6553236796e+00 1.0656446331e+00 2.8460950087e+07 2.5151643276e-02 -3.7670753627e-02 -1.0061003504e+06 1.2014509524e+08 9.8235383693e-02
6.5783852883e+00 3.7093290510e+00 1.1049906593e+00 2.8418286690e+07 2.3178010638e-02 -4.1406807384e-02 -1.0649054029e+06 1.2013936198e+08 9.7545489755e-02
6.6282193832e+00 3.7653931581e+00 1.1411701466e+00 2.8353862218e+07 2.1050940291e-02 -4.3557298523e-02 -1.0822379508e+06 1.2012616271e+08 9.6718046837e-02
6.6780534780e+00 3.8228970623e+00 1.1668624135e+00 2.8278026772e+07 1.8869495080e-02 -4.3796679336e-02 -1.0613793507e+06 1.2013303105e+08 9.5844634640e-02
6.7278875729e+00 3.8817052373e+00 1.1931854797e+00 2.8196647141e+07 1.6690713025e-02 -4.3684593961e-02 -1.0323282527e+06 1.2012562257e+08 9.4950371567e-02
6.7777216678e+00 3.9419962695e+00 1.2279828795e+00 2.8121759681e+07 1.4519520498e-02 -4.3226202862e-02 -9.8991354775e+05 1.2012748352e+08 9.4023795766e-02
6.8275557626e+00 4.0040691962e+00 1.2630258796e+00 2.8038264489e+07 1.2418177305e-02 -4.0832865989e-02 -9.0646020399e+05 1.2011711966e+08 9.3045203758e-02
6.8773898575e+00 4.0681606799e+00 1.3114016457e+00 2.7961403348e+07 1.0452644399e-02 -3.8249441584e-02 -8.1554576930e+05 1.2011838850e+08 9.2004466397e-02
6.9272239524e+00 4.1347487406e+00 1.3594418632e+00 2.7869552922e+07 8.5965406079e-03 -3.6130455534e-02 -7.4070077571e+05 1.2011347329e+08 9.0872793580e-02
6.9770580472e+00 4.2036229768e+00 1.4042881731e+00 2.7770521896e+07 6.8814656814e-03 -3.2379237689e-02 -6.4031610209e+05 1.2011792188e+08 8.9695399258e-02
7.0268921421e+00 4.2748419187e+00 1.4563565733e+00 2.7668739079e+07 5.4011644371e-03 -2.6847998145e-02 -5.1007443444e+05 1.2010654996e+08 8.8484144430e-02
7.0767262369e+00 4.3489083482e+00 1.5141325463e+00 2.7562560428e+07 4.2053249627e-03 -2.1387029948e-02 -3.8931948644e+05 1.2009896057e+08 8.7209708136e-02
7.1265603318e+00 4.4255140784e+00 1.5583018739e+00 2.7444244204e+07 3.2765427336e-03 -1.5235640189e-02 -2.6832453774e+05 1.2009910091e+08 8.5925465087e-02
7.1763944267e+00 4.5040457430e+00 1.5899747141e+00 2.7323788931e+07 2.8433502316e-03 2.1201553133e-05 3.6434967026e+02 1.2010553614e+08 8.4699165326e-02
7.2262285215e+00 4.5837897076e+00 1.6139458411e+00 2.7212286054e+07 3.5237127775e-03 2.9205832785e-02 4.9243131704e+05 1.2014138896e+08 8.3589607040e-02
7.2760626164e+00 4.6661129971e+00 1.7068357540e+00 2.7138793513e+07 5.9125607418e-03 6.7327705335e-02 1.0705146576e+06 1.2018826026e+08 8.2461481333e-02
7.3258967113e+00 4.7558104288e+00 1.9106404038e+00 2.7074179200e+07 1.0264637536e-02 1.0650683820e-01 1.5092244558e+06 1.2019924075e+08 8.0938362860e-02
7.3757308061e+00 4.8581813742e+00 2.2058755140e+00 2.6967458085e+07 1.6363690904e-02 1.3501511301e-01 1.6505983125e+06 1.2017359206e+08 7.8724368639e-02
7.4255649010e+00 4.9759301680e+00 2.5112197420e+00 2.6772396271e+07 2.3302749261e-02 1.3849702267e-01 1.4765323446e+06 1.2009295239e+08 7.5874057161e-02
7.4753989959e+00 5.1069008859e+00 2.7193014922e+00 2.6500595802e+07 2.9692894316e-02 1.1430662303e-01 1.1139601928e+06 1.1999681018e+08 7.2855018908e-02
7.5252330907e+00 5.2443930531e+00 2.7744424522e+00 2.6211114918e+07 3.4471701676e-02 7.7162670012e-02 7.2898236166e+05 1.1991829286e+08 7.0283226610e-02
7.5750671856e+00 5.3814464204e+00 2.7113504878e+00 2.5971750267e+07 3.7444991133e-02 4.4049183671e-02 4.2194264552e+05 1.1990278272e+08 6.8496576297e-02
7.6249012804e+00 5.5136977251e+00 2.5923792888e+00 2.5808794860e+07 3.9073909183e-02 2.3737952120e-02 2.3632650489e+05 1.1994318853e+08 6.7499145806e-02
7.6747353753e+00 5.6393443090e+00 2.4457065225e+00 2.5705053145e+07 3.9989663731e-02 1.4280774452e-02 1.5009489604e+05 1.1998645866e+08 6.7137486720e-02
7.7245694702e+00 5.7570603151e+00 2.2798691800e+00 2.5648296442e+07 4.0568680910e-02 9.4627522864e-03 1.0645500098e+05 1.2002963896e+08 6.7290588343e-02
7.7744035650e+00 5.8668980616e+00 2.1344078486e+00 2.5637750712e+07 4.0973487609e-02 7.1898300252e-03 8.6361690421e+04 1.2005643165e+08 6.7815391719e-02
7.8242376599e+00 5.9702372471e+00 2.0172521262e+00 2.5661240978e+07 4.1318815528e-02 6.8747354328e-03 8.7452748374e+04 1.2006818422e+08 6.8555583090e-02
7.8740717548e+00 6.0681920067e+00 1.9174106232e+00 2.5706190122e+07 4.1656246256e-02 6.4967224841e-03 8.7099748656e+04 1.2008075959e+08 6.9415629272e-02
7.9239058496e+00 6.1618007928e+00 1.8464252757e+00 2.5773821078e+07 4.1954923454e-02 5.4964078810e-03 7.6723079542e+04 1.2009738632e+08 7.0326124269e-02
7.9737399445e+00 6.2527210707e+00 1.8043281272e+00 2.5850724965e+07 4.2208826331e-02 4.7457670626e-03 6.7992909513e+04 1.2009732414e+08 7.1196639403e-02
8.0235740394e+00 6.3414378282e+00 1.7528149242e+00 2.5911851692e+07 4.2431221779e-02 4.2392057640e-03 6.2668151403e+04 1.2008433376e+08 7.2018404080e-02
8.0734081342e+00 6.4270953524e+00 1.6839892058e+00 2.5962663689e+07 4.2643188601e-02 4.4202393505e-03 6.8148410504e+04 1.2007511197e+08 7.2859085535e-02
8.1232422291e+00 6.5093980892e+00 1.6228038505e+00 2.6023958538e+07 4.2882452069e-02 5.2328566381e-03 8.3916268836e+04 1.2007486642e+08 7.3740591202e-02
8.1730763240e+00 6.5891361925e+00 1.5794631757e+00 2.6099257467e+07 4.3172051473e-02 6.4709807357e-03 1.0692733764e+05 1.2008737435e+08 7.4616264550e-02
8.2229104188e+00 6.6668787358e+00 1.5411677846e+00 2.6173398128e+07 4.3531258061e-02 7.8953430298e-03 1.3408530761e+05 1.2009821383e+08 7.5460239754e-02
8.2727445137e+00 6.7428206918e+00 1.5079544122e+00 2.6243889786e+07 4.3952472627e-02 8.9618795905e-03 1.5596929081e+05 1.2009483004e+08 7.6271957364e-02
8.3225786085e+00 6.8172024517e+00 1.4769737993e+00 2.6310531459e+07 4.4428480219e-02 1.0243530515e-02 1.8247631202e+05 1.2008862767e+08 7.7046932958e-02
8.3724127034e+00 6.8899895512e+00 1.4445185008e+00 2.6372311729e+07 4.4986973730e-02 1.2286221501e-02 2.2430731293e+05 1.2008168446e+08 7.7798734478e-02
8.4222467983e+00 6.9611483501e+00 1.4104980998e+00 2.6430975667e+07 4.5664847643e-02 1.4987584398e-02 2.8084864389e+05 1.2007712869e+08 7.8538208271e-02
8.4720808931e+00 7.0304097789e+00 1.3681705719e+00 2.6483902460e+07 4.6484251767e-02 1.7852130431e-02 3.4556662067e+05 1.2007633241e+08 7.9291368148e-02
8.5219149880e+00 7.0974775988e+00 1.3243691174e+00 2.6538156939e+07 4.7440354705e-02 2.0460920834e-02 4.1000286179e+05 1.2007297267e+08 8.0082238252e-02
8.5717490829e+00 7.1624365459e+00 1.2824450074e+00 2.6597420741e+07 4.8518023562e-02 2.2678263018e-02 4.7033853278e+05 1.2007326743e+08 8.0905002021e-02
8.6215831777e+00 7.2251727642e+00 1.2343746606e+00 2.6655477388e+07 4.9691417010e-02 2.4349937911e-02 5.2582027166e+05 1.2007800403e+08 8.1770290819e-02
8.6714172726e+00 7.2853372113e+00 1.1793378435e+00 2.6710852448e+07 5.0945373914e-02 2.5989278543e-02 5.8863182273e+05 1.2007414612e+08 8.2705523366e-02
8.7212513675e+00 7.3425656444e+00 1.1165210999e+00 2.6766834877e+07 5.2283092091e-02 2.7676511208e-02 6.6350076640e+05 1.2007189184e+08 8.3737755213e-02
8.7710854623e+00 7.3965164625e+00 1.0487223771e+00 2.6828652166e+07 5.3700781975e-02 2.9142043782e-02 7.4551833079e+05 1.2007471930e+08 8.4891495595e-02
8.8209195572e+00 7.4470556799e+00 9.7972248671e-01 2.6899002505e+07 5.5175931191e-02 2.9887721374e-02 8.2058940467e+05 1.2007509002e+08 8.6175205550e-02
8.8707536520e+00 7.4940897322e+00 9.0766451572e-01 2.6976802069e+07 5.6661121019e-02 2.9535616494e-02 8.7783147446e+05 1.2007788872e+08 8.7596727951e-02
8.9205877469e+00 7.5374652927e+00 8.3361420549e-01 2.7063082111e+07 5.8102782818e-02 2.8189825368e-02 9.1517581345e+05 1.2008070837e+08 8.9171403948e-02
8.9704218418e+00 7.5771688237e+00 7.6011933649e-01 2.7158634304e+07 5.9460103514e-02 2.6222808078e-02 9.3692611254e+05 1.2007619620e+08 9.0905003156e-02
9.0202559366e+00 7.6131555472e+00 6.8410515569e-01 2.7259560199e+07 6.0709309022e-02 2.3871631175e-02 9.5121365721e+05 1.2007317996e+08 9.2809386401e-02
9.0700900315e+00 7.6453459539e+00 6.0898080205e-01 2.7370871921e+07 6.1836972354e-02 2.1421052166e-02 9.6277727193e+05 1.2007380097e+08 9.4902277256e-02
9.1199241264e+00 7.6739006025e+00 5.3770797414e-01 2.7493266709e+07 6.2846501510e-02 1.9121703537e-02 9.7770187640e+05 1.2006810057e+08 9.7181881357e-02
9.1697582212e+00 7.6989243793e+00 4.6711696801e-01 2.7619669943e+07 6.3741825516e-02 1.6811950567e-02 9.9405621620e+05 1.2006411174e+08 9.9654844481e-02
9.2195923161e+00 7.7204660373e+00 3.9813235442e-01 2.7748900828e+07 6.4520076110e-02 1.4421888878e-02 1.0051721740e+06 1.2006265528e+08 1.0233572910e-01
9.2694264110e+00 7.7386222448e+00 3.3142311033e-01 2.7876029499e+07 6.5177975950e-02 1.2002013371e-02 1.0094904922e+06 1.2005946557e+08 1.0523653948e-01
9.3192605058e+00 7.7535471590e+00 2.6864272603e-01 2.7998604788e+07 6.5717329877e-02 9.6798897215e-03 1.0088618840e+06 1.2005594527e+08 1.0836499155e-01
9.3690946007e+00 7.7654421012e+00 2.0964905541e-01 2.8104363727e+07 6.6144320399e-02 7.4910224895e-03 1.0042040033e+06 1.2005612989e+08 1.1172450378e-01
9.4189286956e+00 7.7745036207e+00 1.5544423542e-01 2.8177793235e+07 6.6466069374e-02 5.4705979787e-03 9.9166995995e+05 1.2006114591e+08 1.1531516390e-01
9.4687627904e+00 7.7810708759e+00 1.1026976352e-01 2.8217754052e+07 6.6694237313e-02 3.7655304093e-03 9.6358972371e+05 1.2006767324e+08 1.1906097922e-01
9.5185968853e+00 7.7857081185e+00 7.8444640830e-02 2.8224460970e+07 6.6849470755e-02 2.5636756129e-03 9.2241307388e+05 1.2007141032e+08 1.2250016892e-01
9.5684309801e+00 7.7890886990e+00 5.8920490619e-02 2.8205783357e+07 6.6957340908e-02 1.8299526131e-03 8.7601522689e+05 1.2007260183e+08 1.2518852386e-01
9.6182650750e+00 7.7916946330e+00 4.6646081804e-02 2.8179813975e+07 6.7036227083e-02 1.3736354529e-03 8.2984015026e+05 1.2007851232e+08 1.2728289839e-01
9.6680991699e+00 7.7938081279e+00 3.8800159033e-02 2.8165266452e+07 6.7096974938e-02 1.0887730974e-03 7.9034687375e+05 1.2008076313e+08 1.2898821698e-01
9.7179332647e+00 7.7956051590e+00 3.3698851869e-02 2.8171458873e+07 6.7146469864e-02 9.1233356705e-04 7.6268971011e+05 1.2008110958e+08 1.3044145904e-01
9.7677673596e+00 7.7971927657e+00 3.0246087099e-02 2.8196248586e+07 6.7188878809e-02 7.9759443808e-04 7.4353984940e+05 1.2007963494e+08 1.3172681779e-01
9.8176014545e+00 7.7986355761e+00 2.7808228456e-02 2.8234517402e+07 6.7226485402e-02 7.1648849281e-04 7.2747197293e+05 1.2007274923e+08 1.3289535032e-01
9.8674355493e+00 7.7999746970e+00 2.6030778671e-02 2.8283809870e+07 6.7260623352e-02 6.5676221433e-04 7.1360668210e+05 1.2006430076e+08 1.3397962242e-01
9.9172696442e+00 7.8012368506e+00 2.4701194403e-02 2.8343227675e+07 6.7292172062e-02 6.1184683075e-04 7.0205973620e+05 1.2006184569e+08 1.3500085989e-01
