# TPV104 station: x2_-12_x3_12 (along_strike=-12000, down_dip=12000)
# Columns (SCEC TPV104 trace layout): t  h-slip  h-slip-rate  h-shear-stress  v-slip  v-slip-rate  v-shear-stress  n-stress  psi
# BP5 convention: h = strike = component 2, v = dip = component 1.  TPV104 is pure strike-slip so v-slip / v-slip-rate / v-shear-stress ≈ 0.
0.0000000000e+00 0.0000000000e+00 1.0000000000e-16 4.0000000000e+07 0.0000000000e+00 0.0000000000e+00 0.0000000000e+00 1.2000000000e+08 5.6359184263e-01
2.8476625637e-04 2.8476625637e-20 1.0000000000e-16 4.0000000000e+07 0.0000000000e+00 0.0000000000e+00 0.0000000000e+00 1.2000000000e+08 5.6359184263e-01
5.0118861120e-02 5.0118861120e-18 1.0000000000e-16 4.0000000000e+07 -2.4994588188e-36 -8.0931388002e-35 -3.2372555201e-11 1.2000000000e+08 5.6359184263e-01
9.9952955984e-02 9.9952955984e-18 1.0000000000e-16 4.0000000000e+07 -7.9166723169e-37 6.4532642900e-35 2.5813057160e-11 1.2000000000e+08 5.6359184263e-01
1.4978705085e-01 1.4978705085e-17 1.0000000000e-16 4.0000000000e+07 -2.9194557261e-37 1.4066978607e-35 5.6267914428e-12 1.2000000000e+08 5.6359184263e-01
1.9962114571e-01 1.9962114571e-17 1.0000000000e-16 4.0000000000e+07 1.2752919086e-37 1.0350623682e-35 4.1402494729e-12 1.2000000000e+08 5.6359184263e-01
2.4945524058e-01 2.4945524058e-17 1.0000000000e-16 4.0000000000e+07 4.8724438878e-37 -8.6929080334e-37 -3.4771632134e-13 1.2000000000e+08 5.6359184263e-01
2.9928933544e-01 2.9928933544e-17 1.0000000000e-16 4.0000000000e+07 4.3126429869e-37 -4.7624396185e-36 -1.9049758474e-12 1.2000000000e+08 5.6359184263e-01
3.4912343030e-01 3.4912343030e-17 1.0000000000e-16 4.0000000000e+07 4.8591799511e-37 -4.8769276318e-37 -1.9507710527e-13 1.2000000000e+08 5.6359184263e-01
3.9895752517e-01 3.9895752517e-17 1.0000000000e-16 4.0000000000e+07 4.6094860881e-37 1.3789793102e-37 5.5159172409e-14 1.2000000000e+08 5.6359184263e-01
4.4879162003e-01 4.4879162003e-17 1.0000000000e-16 4.0000000000e+07 5.2768079764e-37 2.1157673949e-36 8.4630695794e-13 1.2000000000e+08 5.6359184263e-01
4.9862571490e-01 4.9862571490e-17 1.0000000000e-16 4.0000000000e+07 4.9146333791e-37 -1.8789498223e-36 -7.5157992892e-13 1.2000000000e+08 5.6359184263e-01
5.4845980976e-01 5.4845980976e-17 1.0000000000e-16 4.0000000000e+07 4.1662411018e-37 -1.1198663586e-36 -4.4794654342e-13 1.2000000000e+08 5.6359184263e-01
5.9829390462e-01 5.9829390462e-17 1.0000000000e-16 4.0000000000e+07 3.6262676613e-37 -5.2139832340e-37 -2.0855932936e-13 1.2000000000e+08 5.6359184263e-01
6.4812799949e-01 6.4812799949e-17 1.0000000000e-16 4.0000000000e+07 4.0785593158e-37 1.6553530173e-36 6.6214120693e-13 1.2000000000e+08 5.6359184263e-01
6.9796209435e-01 6.9796209435e-17 1.0000000000e-16 4.0000000000e+07 4.2121296271e-37 -1.4231925116e-36 -5.6927700464e-13 1.2000000000e+08 5.6359184263e-01
7.4779618922e-01 7.4779618922e-17 1.0000000000e-16 4.0000000000e+07 3.2745753903e-37 -1.5417750942e-36 -6.1671003769e-13 1.2000000000e+08 5.6359184263e-01
7.9763028408e-01 7.9763028408e-17 1.0000000000e-16 4.0000000000e+07 3.0146572257e-37 3.1571466060e-37 1.2628586424e-13 1.2000000000e+08 5.6359184263e-01
8.4746437894e-01 8.4746437894e-17 1.0000000000e-16 4.0000000000e+07 3.1687470452e-37 -1.2737695908e-37 -5.0950783631e-14 1.2000000000e+08 5.6359184263e-01
8.9729847381e-01 8.9729847381e-17 1.0000000000e-16 4.0000000000e+07 2.8665432887e-37 -7.9900025237e-37 -3.1960010095e-13 1.2000000000e+08 5.6359184263e-01
9.4713256867e-01 9.4713256867e-17 1.0000000000e-16 4.0000000000e+07 2.6470109899e-37 -2.1767279489e-38 -8.7069117957e-15 1.2000000000e+08 5.6359184263e-01
9.9696666354e-01 9.9696666354e-17 1.0000000000e-16 4.0000000000e+07 2.7241877487e-37 1.0662358843e-37 4.2649435374e-14 1.2000000000e+08 5.6359184263e-01
1.0468007584e+00 1.0468007584e-16 1.0000000000e-16 4.0000000000e+07 2.5877392018e-37 -6.5126299024e-37 -2.6050519610e-13 1.2000000000e+08 5.6359184263e-01
1.0966348533e+00 1.0966348533e-16 1.0000000000e-16 4.0000000000e+07 2.2080371707e-37 -6.6789484393e-37 -2.6715793757e-13 1.2000000000e+08 5.6359184263e-01
1.1464689481e+00 1.1464689481e-16 1.0000000000e-16 4.0000000000e+07 2.0448699172e-37 1.6532477206e-38 6.6129908822e-15 1.2000000000e+08 5.6359184263e-01
1.1963030430e+00 1.1963030430e-16 1.0000000000e-16 4.0000000000e+07 2.1388183729e-37 2.4199838928e-37 9.6799355712e-14 1.2000000000e+08 5.6359184263e-01
1.2461371379e+00 1.2461371379e-16 1.0000000000e-16 4.0000000000e+07 2.2198266042e-37 7.8344467902e-38 3.1337787161e-14 1.2000000000e+08 5.6359184263e-01
1.2959712327e+00 1.2959712327e-16 1.0000000000e-16 4.0000000000e+07 2.2381297132e-37 1.0097602439e-38 4.0390409754e-15 1.2000000000e+08 5.6359184263e-01
1.3458053276e+00 1.3458053276e-16 1.0000000000e-16 4.0000000000e+07 2.2234307820e-37 -8.9762751230e-38 -3.5905100492e-14 1.2000000000e+08 5.6359184263e-01
1.3956394224e+00 1.3956394224e-16 1.0000000000e-16 4.0000000000e+07 2.1398836903e-37 -2.2602689180e-37 -9.0410756722e-14 1.2000000000e+08 5.6359184263e-01
1.4454735173e+00 1.4454735173e-16 1.0000000000e-16 4.0000000000e+07 2.0399516569e-37 -1.1602859245e-37 -4.6411436978e-14 1.2000000000e+08 5.6359184263e-01
1.4953076122e+00 1.4953076122e-16 1.0000000000e-16 4.0000000000e+07 2.0818987987e-37 3.0531793868e-37 1.2212717547e-13 1.2000000000e+08 5.6359184263e-01
1.5451417070e+00 1.5451417070e-16 1.0000000000e-16 4.0000000000e+07 2.2836828687e-37 3.5654848488e-37 1.4261939395e-13 1.2000000000e+08 5.6359184263e-01
1.5949758019e+00 1.5949758019e-16 1.0000000000e-16 4.0000000000e+07 2.2693674275e-37 -5.2619804167e-37 -2.1047921667e-13 1.2000000000e+08 5.6359184263e-01
1.6448098968e+00 1.6448098968e-16 1.0000000000e-16 4.0000000000e+07 1.7585106783e-37 -1.4086024948e-36 -5.6344099791e-13 1.2000000000e+08 5.6359184263e-01
1.6946439916e+00 1.6946439916e-16 1.0000000000e-16 4.0000000000e+07 9.9328646956e-38 -1.5844502522e-36 -6.3378010087e-13 1.2000000000e+08 5.6359184263e-01
1.7444780865e+00 1.7444780865e-16 1.0000000000e-16 4.0000000000e+07 1.4640273270e-38 -1.9485740609e-36 -7.7942962434e-13 1.2000000000e+08 5.6359184263e-01
1.7943121814e+00 1.7943121814e-16 1.0000000000e-16 4.0000000000e+07 -1.1410534946e-37 -3.4129440823e-36 -1.3651776329e-12 1.2000000000e+08 5.6359184263e-01
1.8441462762e+00 1.8441462762e-16 1.0000000000e-16 4.0000000000e+07 -3.4325951705e-37 -5.8972609720e-36 -2.3589043888e-12 1.2000000000e+08 5.6359184263e-01
1.8939803711e+00 1.8939803711e-16 1.0000000000e-16 4.0000000000e+07 -7.1039694851e-37 -8.8550194016e-36 -3.5420077607e-12 1.2000000000e+08 5.6359184263e-01
1.9438144660e+00 1.9438144660e-16 1.0000000000e-16 4.0000000000e+07 -1.2303528276e-36 -1.2102845671e-35 -4.8411382683e-12 1.2000000000e+08 5.6359184263e-01
1.9936485608e+00 1.9936485608e-16 1.0000000000e-16 4.0000000000e+07 -1.9357323403e-36 -1.6488001974e-35 -6.5952007894e-12 1.2000000000e+08 5.6359184263e-01
2.0434826557e+00 2.0434826557e-16 1.0000000000e-16 4.0000000000e+07 -3.0600326672e-36 -2.7974066403e-35 -1.1189626561e-11 1.2000000000e+08 5.6359184263e-01
2.0933167505e+00 2.0933167505e-16 1.0000000000e-16 4.0000000000e+07 -5.1132595366e-36 -1.3200321496e-34 -5.2801285986e-11 1.2000000000e+08 5.6359184263e-01
2.1431508454e+00 2.1431508454e-16 1.0000000000e-16 4.0000000000e+07 -6.3641788525e-36 6.9164319529e-34 2.7665727812e-10 1.2000000000e+08 5.6359184263e-01
2.1929849403e+00 2.1929849403e-16 1.0000000000e-16 4.0000000000e+07 -1.3817389521e-34 -8.9474027908e-33 -3.5789611163e-09 1.2000000000e+08 5.6359184263e-01
2.2428190351e+00 2.2428190351e-16 1.0000000000e-16 4.0000000000e+07 5.9596159973e-34 2.5059195944e-32 1.0023678377e-08 1.2000000000e+08 5.6359184263e-01
2.2926531300e+00 2.2926531300e-16 1.0000000000e-16 4.0000000000e+07 -7.5067616748e-33 -1.0254167829e-31 -4.1016671317e-08 1.2000000000e+08 5.6359184263e-01
2.3424872249e+00 2.3424872249e-16 1.0000000000e-16 4.0000000000e+07 2.7714329369e-32 -1.0513746518e-30 -4.2054986072e-07 1.2000000000e+08 5.6359184263e-01
2.3923213197e+00 2.3923213197e-16 1.0000000000e-16 4.0000000000e+07 -4.2661909150e-31 -4.5560303937e-30 -1.8224121575e-06 1.2000000000e+08 5.6359184263e-01
2.4421554146e+00 2.4421554146e-16 1.0000000000e-16 4.0000000000e+07 6.2265461808e-31 -3.0126310268e-29 -1.2050524107e-05 1.2000000000e+08 5.6359184263e-01
2.4919895095e+00 2.4919895095e-16 1.0000000006e-16 4.0000000001e+07 -1.5493769526e-29 -4.9828227717e-28 -1.9931291075e-04 1.2000000000e+08 5.6359184263e-01
2.5418236043e+00 2.5418236045e-16 1.0000000101e-16 4.0000000010e+07 -1.4322369621e-28 -1.0720310272e-26 -4.2881240666e-03 1.1999999999e+08 5.6359184263e-01
2.5916576992e+00 2.5916577023e-16 1.0000001576e-16 4.0000000177e+07 -3.5311823974e-27 -1.8052056768e-25 -7.2208216009e-02 1.1999999996e+08 5.6359184263e-01
2.6414917940e+00 2.6414918218e-16 1.0000010781e-16 4.0000001232e+07 -3.1786288770e-26 -1.2379438696e-24 -4.9517702926e-01 1.1999999982e+08 5.6359184263e-01
2.6913258889e+00 2.6913260650e-16 1.0000062772e-16 4.0000007354e+07 -2.0547673537e-25 -7.4370864512e-24 -2.9748164538e+00 1.1999999946e+08 5.6359184263e-01
2.7411599838e+00 2.7411609465e-16 1.0000301609e-16 4.0000035542e+07 -1.1376351045e-24 -3.5565558049e-23 -1.4225806798e+01 1.1999999805e+08 5.6359184263e-01
2.7909940786e+00 2.7909978985e-16 1.0000914816e-16 4.0000109291e+07 -4.5012535891e-24 -1.0816328120e-22 -4.3261473065e+01 1.1999999855e+08 5.6359184263e-01
2.8408281735e+00 2.8408395720e-16 1.0002361758e-16 4.0000281875e+07 -1.3519169684e-23 -2.8083756710e-22 -1.1230929371e+02 1.1999999549e+08 5.6359184263e-01
2.8906622684e+00 2.8906928710e-16 1.0005506484e-16 4.0000654986e+07 -3.6207089971e-23 -6.4848368803e-22 -2.5925496435e+02 1.1999998317e+08 5.6359184263e-01
2.9404963632e+00 2.9405589217e-16 1.0006474683e-16 4.0000776675e+07 -7.3576228130e-23 -7.4713049456e-22 -2.9866462472e+02 1.1999999990e+08 5.6359184263e-01
2.9903304581e+00 2.9904316431e-16 1.0013627607e-16 4.0001598522e+07 -1.1840996956e-22 -1.6220744324e-21 -6.4797267049e+02 1.1999989299e+08 5.6359184263e-01
3.0401645530e+00 3.0404930631e-16 1.0099670031e-16 4.0011670914e+07 -3.9274131565e-22 -1.2041423733e-20 -4.7704279667e+03 1.1999931020e+08 5.6359184263e-01
3.0899986478e+00 3.0913950510e-16 1.0360334085e-16 4.0042093401e+07 -1.6904151196e-21 -4.4095501338e-20 -1.7042656817e+04 1.1999885417e+08 5.6359184263e-01
3.1398327427e+00 3.1440560329e-16 1.0794623173e-16 4.0091785077e+07 -5.2051074182e-21 -1.0007071547e-19 -3.7166777874e+04 1.2000013802e+08 5.6359184263e-01
3.1896668376e+00 3.1991479538e-16 1.1321196009e-16 4.0149194514e+07 -1.1930851974e-20 -1.7112734061e-19 -6.0688154141e+04 1.2000098351e+08 5.6359184263e-01
3.2395009324e+00 3.2569688458e-16 1.1887234430e-16 4.0207556054e+07 -2.2420543422e-20 -2.5088380271e-19 -8.4859305331e+04 1.2000055792e+08 5.6359184263e-01
3.2893350273e+00 3.3177294350e-16 1.2505639359e-16 4.0268404286e+07 -3.7158089793e-20 -3.4263330858e-19 -1.1032859813e+05 1.2000070747e+08 5.6359184263e-01
3.3391691221e+00 3.3817674166e-16 1.3207276111e-16 4.0334200221e+07 -5.6899113416e-20 -4.5227345806e-19 -1.3812150256e+05 1.2000181578e+08 5.6359184263e-01
3.3890032170e+00 3.4495640964e-16 1.4015521172e-16 4.0404831972e+07 -8.2620642398e-20 -5.8321442746e-19 -1.6813274837e+05 1.2000022294e+08 5.6359184263e-01
3.4388373119e+00 3.5216685289e-16 1.4936266488e-16 4.0480928204e+07 -1.1551258677e-19 -7.4084677909e-19 -2.0078756159e+05 1.1999988976e+08 5.6359184263e-01
3.4886714067e+00 3.5986665101e-16 1.5982690872e-16 4.0562806615e+07 -1.5704673483e-19 -9.3094057107e-19 -2.3626536143e+05 1.2000227461e+08 5.6359184263e-01
3.5385055016e+00 3.6812537281e-16 1.7182688097e-16 4.0649445766e+07 -2.0900668558e-19 -1.1600286048e-18 -2.7443040106e+05 1.2000225548e+08 5.6359184263e-01
3.5883395965e+00 3.7702389154e-16 1.8550993227e-16 4.0740553486e+07 -2.7348641541e-19 -1.4345275654e-18 -3.1504214514e+05 1.2000061794e+08 5.6359184263e-01
3.6381736913e+00 3.8665014587e-16 2.0107800480e-16 4.0837426180e+07 -3.5301228488e-19 -1.7657220981e-18 -3.5860484047e+05 1.2000213656e+08 5.6359184263e-01
3.6880077862e+00 3.9710687818e-16 2.1887088113e-16 4.0938886060e+07 -4.5071024385e-19 -2.1651764128e-18 -4.0498722355e+05 1.2000250997e+08 5.6359184263e-01
3.7378418811e+00 4.0851034566e-16 2.3910796799e-16 4.1044554399e+07 -5.7027821020e-19 -2.6456019325e-18 -4.5413606812e+05 1.2000262897e+08 5.6359184263e-01
3.7876759759e+00 4.2099328660e-16 2.6227973698e-16 4.1155051770e+07 -7.1619210103e-19 -3.2254271256e-18 -5.0611084891e+05 1.2000286659e+08 5.6359184263e-01
3.8375100708e+00 4.3471667515e-16 2.8895422891e-16 4.1270172150e+07 -8.9395378390e-19 -3.9267863592e-18 -5.6084712672e+05 1.2000161159e+08 5.6359184263e-01
3.8873441656e+00 4.4986462407e-16 3.1945408649e-16 4.1389547032e+07 -1.1101696750e-18 -4.7719775525e-18 -6.1827347873e+05 1.2000086597e+08 5.6359184263e-01
3.9371782605e+00 4.6663856333e-16 3.5447631109e-16 4.1514853148e+07 -1.3728559094e-18 -5.8013110765e-18 -6.7942643802e+05 1.2000487354e+08 5.6359184263e-01
3.9870123554e+00 4.8533609107e-16 3.9733130632e-16 4.1650590943e+07 -1.6934101659e-18 -7.1143551740e-18 -7.4576831088e+05 1.2000447777e+08 5.6359184263e-01
4.0368464502e+00 5.0641766443e-16 4.4965537818e-16 4.1797222732e+07 -2.0885082418e-18 -8.7861542846e-18 -8.1670733946e+05 1.2000286630e+08 5.6359184263e-01
4.0866805451e+00 5.3020102348e-16 5.0412476338e-16 4.1934641439e+07 -2.5724702568e-18 -1.0630886132e-17 -8.8430966007e+05 1.2000719118e+08 5.6359184263e-01
4.1365146400e+00 5.5669234648e-16 5.6094809207e-16 4.2059804416e+07 -3.1507647751e-18 -1.2659267932e-17 -9.4919002450e+05 1.2000244797e+08 5.6359184263e-01
4.1863487348e+00 5.8681615482e-16 6.6030618914e-16 4.2248729877e+07 -3.8612417592e-18 -1.6326926247e-17 -1.0446545983e+06 1.1998931394e+08 5.6359184263e-01
4.2361828297e+00 6.2443335253e-16 8.7071772100e-16 4.2577963548e+07 -4.8553735305e-18 -2.4484457887e-17 -1.1972862505e+06 1.1999251378e+08 5.6359184263e-01
4.2860169246e+00 6.7518115454e-16 1.1590840842e-15 4.2930942083e+07 -6.3776955738e-18 -3.6470640148e-17 -1.3508242941e+06 1.2003168094e+08 5.6359184263e-01
4.3358510194e+00 7.3568536107e-16 1.1894059082e-15 4.2978854459e+07 -8.3174667987e-18 -3.7987181014e-17 -1.3726563092e+06 1.2008073255e+08 5.6359184263e-01
4.3856851143e+00 7.8570886666e-16 7.7262162672e-16 4.2466987209e+07 -9.8345433344e-18 -2.1322258620e-17 -1.1719735156e+06 1.2008241167e+08 5.6359184263e-01
4.4355192092e+00 8.1264831648e-16 3.4610971136e-16 4.1491536631e+07 -1.0485611968e-17 -6.6467200985e-18 -7.9680697013e+05 1.2002621225e+08 5.6359184263e-01
4.4853533040e+00 8.2407511394e-16 1.4614241823e-16 4.0435882363e+07 -1.0658087081e-17 -1.4366191839e-18 -3.9749557331e+05 1.1994804456e+08 5.6359184263e-01
4.5351873989e+00 8.2932750946e-16 7.7825442501e-17 3.9668267911e+07 -1.0691559374e-17 -2.1613121185e-19 -1.1016385567e+05 1.1990707631e+08 5.6359184263e-01
4.5850214937e+00 8.3258716884e-16 5.7561255977e-17 3.9309725833e+07 -1.0694292683e-17 3.9513125173e-20 2.6984298570e+04 1.1991616913e+08 5.6359184263e-01
4.6348555886e+00 8.3534288492e-16 5.4826915556e-17 3.9261945201e+07 -1.0690956003e-17 7.6771129520e-20 5.4976353305e+04 1.1994858070e+08 5.6359184263e-01
4.6846896835e+00 8.3817358386e-16 5.9603628530e-17 3.9373000681e+07 -1.0687745467e-17 4.4932063838e-20 2.9681249678e+04 1.1998158211e+08 5.6359184263e-01
4.7345237783e+00 8.4135187092e-16 6.8466109218e-17 3.9544379241e+07 -1.0687052724e-17 -2.1661349999e-20 -1.2511075173e+04 1.1999690101e+08 5.6359184263e-01
4.7843578732e+00 8.4505633484e-16 8.0727972294e-17 3.9741682158e+07 -1.0690446602e-17 -1.1998059508e-19 -5.9065408670e+04 1.1999585373e+08 5.6359184263e-01
4.8341919681e+00 8.4946899949e-16 9.7069564881e-17 3.9962855981e+07 -1.0699793150e-17 -2.6362173607e-19 -1.0853121146e+05 1.1999606556e+08 5.6359184263e-01
4.8840260629e+00 8.5483320326e-16 1.1924592177e-16 4.0210562599e+07 -1.0717957025e-17 -4.7958849922e-19 -1.6172061135e+05 1.1999897583e+08 5.6359184263e-01
4.9338601578e+00 8.6149595919e-16 1.4948358168e-16 4.0481926289e+07 -1.0749734335e-17 -8.2067233917e-19 -2.2224779984e+05 1.2000029234e+08 5.6359184263e-01
4.9836942527e+00 8.6990429028e-16 1.8950027094e-16 4.0766196929e+07 -1.0803237954e-17 -1.3633334695e-18 -2.9328676113e+05 1.2000046080e+08 5.6359184263e-01
5.0335283475e+00 8.8057041786e-16 2.3989759308e-16 4.1050249157e+07 -1.0890271870e-17 -2.1738965042e-18 -3.7198786363e+05 1.2000536403e+08 5.6359184263e-01
5.0833624424e+00 8.9397835139e-16 2.9918802844e-16 4.1316648143e+07 -1.1024691390e-17 -3.2504768758e-18 -4.4887761744e+05 1.2001142392e+08 5.6359184263e-01
5.1331965372e+00 9.1051366362e-16 3.6505737229e-16 4.1552915966e+07 -1.1217886891e-17 -4.5360911369e-18 -5.1632381136e+05 1.2000626610e+08 5.6359184263e-01
5.1830306321e+00 9.3052836679e-16 4.3978664608e-16 4.1776600291e+07 -1.1482150778e-17 -6.1172222007e-18 -5.8109255715e+05 1.2000913971e+08 5.6359184263e-01
5.2328647270e+00 9.5458994076e-16 5.2724888438e-16 4.1993329915e+07 -1.1833784231e-17 -8.0287169492e-18 -6.3945618403e+05 1.2000873296e+08 5.6359184263e-01
5.2826988218e+00 9.8321722435e-16 6.2177924658e-16 4.2191077696e+07 -1.2284660185e-17 -1.0051522976e-17 -6.8205008320e+05 1.2001005538e+08 5.6359184263e-01
5.3325329167e+00 1.0166682825e-15 7.2175525176e-16 4.2367414118e+07 -1.2837054513e-17 -1.2152750379e-17 -7.1337285972e+05 1.2000405076e+08 5.6359184263e-01
5.3823670116e+00 1.0555614468e-15 8.4491530874e-16 4.2554324215e+07 -1.3508142022e-17 -1.4960216232e-17 -7.5347420655e+05 1.1999979343e+08 5.6359184263e-01
5.4322011064e+00 1.1017311456e-15 1.0157071297e-15 4.2773752990e+07 -1.4353608565e-17 -1.9202326644e-17 -8.0865394433e+05 1.1999825445e+08 5.6359184263e-01
5.4820352013e+00 1.1577100853e-15 1.2384928009e-15 4.3013798413e+07 -1.5447221677e-17 -2.4886169212e-17 -8.6431561409e+05 1.2000686964e+08 5.6359184263e-01
5.5318692962e+00 1.2262285073e-15 1.5226147728e-15 4.3261296377e+07 -1.6859874010e-17 -3.2075133875e-17 -9.1133482851e+05 1.2000835100e+08 5.6359184263e-01
5.5817033910e+00 1.3110455628e-15 1.8948348760e-15 4.3523739957e+07 -1.8682056382e-17 -4.1369677884e-17 -9.5024802692e+05 1.2001038160e+08 5.6359184263e-01
5.6315374859e+00 1.4169804201e-15 2.3732824243e-15 4.3794074465e+07 -2.1019219459e-17 -5.2709275309e-17 -9.7264190063e+05 1.2001191019e+08 5.6359184263e-01
5.6813715808e+00 1.5513667535e-15 3.0784744580e-15 4.4102429861e+07 -2.4034207740e-17 -6.9819761370e-17 -1.0002425457e+06 1.2000282771e+08 5.6359184263e-01
5.7312056756e+00 1.7327818984e-15 4.3199998398e-15 4.4507287089e+07 -2.8226777040e-17 -1.0199458293e-16 -1.0508107297e+06 1.2000093585e+08 5.6359184263e-01
5.7810397705e+00 2.0001921146e-15 6.6413937761e-15 4.5020089264e+07 -3.4736530607e-17 -1.6639449817e-16 -1.1279402206e+06 1.1999667463e+08 5.6359184263e-01
5.8308738653e+00 2.4343839979e-15 1.1322232413e-14 4.5666100987e+07 -4.6104313382e-17 -3.0765305810e-16 -1.2408609104e+06 1.2001915147e+08 5.6359184263e-01
5.8807079602e+00 3.2030579945e-15 2.0373029593e-14 4.6368508441e+07 -6.7899115782e-17 -5.9674788523e-16 -1.3581833387e+06 1.2001998546e+08 5.6359184263e-01
5.9305420551e+00 4.6120892164e-15 3.8904601618e-14 4.7134523145e+07 -1.1083970037e-16 -1.2234629330e-15 -1.4822756059e+06 1.2000202118e+08 5.6359184263e-01
5.9803761499e+00 7.6907001786e-15 9.5749889860e-14 4.8221944662e+07 -2.1304808430e-16 -3.3336508915e-15 -1.6789066708e+06 1.2003295185e+08 5.6359184263e-01
6.0302102448e+00 1.7171351181e-14 3.4876733156e-13 4.9764608623e+07 -5.6725141253e-16 -1.3391783295e-14 -1.9108350872e+06 1.2002894265e+08 5.6359184263e-01
6.0800443397e+00 5.5351814844e-14 1.6246563124e-12 5.1664590382e+07 -1.9615435506e-15 -5.8816209965e-14 -1.8703742893e+06 1.2014614426e+08 5.6359184263e-01
6.1298784345e+00 5.9266878811e-13 4.7202786848e-11 5.5790604742e+07 -2.4326827767e-14 -2.0153415537e-12 -2.3820018171e+06 1.2035041057e+08 5.6359184263e-01
6.1797125294e+00 1.7802710818e-09 5.9044956975e-07 6.7948242212e+07 -9.8659243053e-11 -3.5256680896e-08 -4.0572973812e+06 1.2191344901e+08 5.6359184290e-01
6.2295466243e+00 4.1961737120e-02 3.6119779715e+00 7.9330193464e+07 -2.6885726058e-03 -2.2506182355e-01 -4.9430528492e+06 1.1913030453e+08 5.1500751755e-01
6.2793807191e+00 3.6155978170e-01 7.7742618942e+00 4.8564477503e+07 -1.7458355120e-02 -2.0133994503e-01 -1.2577360223e+06 1.1635162677e+08 2.5769021585e-01
6.3292148140e+00 7.2510471596e-01 6.6150123974e+00 3.4349071957e+07 -2.3733150565e-02 -7.2327063247e-02 -3.7556505576e+05 1.1878634691e+08 1.3173991175e-01
6.3790489088e+00 1.0136703473e+00 5.1316861398e+00 2.9068997067e+07 -2.2840725039e-02 1.0812910261e-01 6.1250912099e+05 1.1889647024e+08 8.9894151577e-02
6.4288830037e+00 1.2415204573e+00 4.1939414429e+00 2.7019121177e+07 -1.8194781977e-02 7.6518472436e-02 4.9296393552e+05 1.1907799618e+08 7.4391070432e-02
6.4787170986e+00 1.4355045484e+00 3.5862822340e+00 2.6010677116e+07 -1.4500925869e-02 7.9434806680e-02 5.7612674450e+05 1.1896894248e+08 6.7735570313e-02
6.5285511934e+00 1.6056751381e+00 3.3048540047e+00 2.5653748215e+07 -1.0680005607e-02 6.9896484157e-02 5.4256763026e+05 1.1933358296e+08 6.4900765008e-02
6.5783852883e+00 1.7606495521e+00 2.9448803845e+00 2.5458843307e+07 -7.6580670074e-03 5.6816313856e-02 4.9118383189e+05 1.1967527817e+08 6.3812081426e-02
6.6282193832e+00 1.9024773863e+00 2.7194216602e+00 2.5363475849e+07 -4.8502219304e-03 5.9752218520e-02 5.5729641841e+05 1.1975353963e+08 6.3688016887e-02
6.6780534780e+00 2.0331260106e+00 2.5401730883e+00 2.5303125029e+07 -2.0017355403e-03 5.3588630446e-02 5.3380607114e+05 1.1960808845e+08 6.4120998728e-02
6.7278875729e+00 2.1535347672e+00 2.3221214375e+00 2.5320342471e+07 1.5631611691e-04 3.7128310318e-02 4.0484598155e+05 1.1973539353e+08 6.4920279063e-02
6.7777216678e+00 2.2685435243e+00 2.2929614401e+00 2.5417867159e+07 2.0222182166e-03 3.5213129402e-02 3.9034352245e+05 1.1979163456e+08 6.5758654304e-02
6.8275557626e+00 2.3779841577e+00 2.0946819353e+00 2.5410536354e+07 3.3828056093e-03 2.3546225330e-02 2.8563869515e+05 1.1974558017e+08 6.6674136519e-02
6.8773898575e+00 2.4796044928e+00 2.0045759189e+00 2.5487074265e+07 4.8579764528e-03 3.6642133966e-02 4.6588447003e+05 1.1975451832e+08 6.7758094992e-02
6.9272239524e+00 2.5776731573e+00 1.9237601957e+00 2.5567742138e+07 6.5025812438e-03 2.5817638229e-02 3.4312941828e+05 1.1977915578e+08 6.8783650138e-02
6.9770580472e+00 2.6712106941e+00 1.8394958110e+00 2.5638705930e+07 7.5160638093e-03 1.5917153110e-02 2.2185166468e+05 1.1976966439e+08 6.9830327312e-02
7.0268921421e+00 2.7612188900e+00 1.7670257336e+00 2.5718715518e+07 8.0986432525e-03 9.2218661729e-03 1.3422246667e+05 1.1979287507e+08 7.0853792024e-02
7.0767262369e+00 2.8472364935e+00 1.6904522013e+00 2.5787649871e+07 8.5636460198e-03 8.7732383711e-03 1.3383472137e+05 1.1977806893e+08 7.1898931716e-02
7.1265603318e+00 2.9304861359e+00 1.6488830517e+00 2.5872595368e+07 8.8495903025e-03 2.3971255343e-03 3.7613255186e+04 1.1975140234e+08 7.2902229959e-02
7.1763944267e+00 3.0104140022e+00 1.5580573167e+00 2.5935266888e+07 8.7820559578e-03 -5.0176263493e-03 -8.3522908380e+04 1.1979155901e+08 7.3920965874e-02
7.2262285215e+00 3.0868745560e+00 1.5109238132e+00 2.6019187993e+07 8.3803126777e-03 -1.1139051634e-02 -1.9182243075e+05 1.1977263878e+08 7.4967348966e-02
7.2760626164e+00 3.1602464788e+00 1.4364979269e+00 2.6079229559e+07 7.6411223889e-03 -1.7993507843e-02 -3.2666724596e+05 1.1974760004e+08 7.6030329371e-02
7.3258967113e+00 3.2300655949e+00 1.3599400380e+00 2.6153490390e+07 6.6599392469e-03 -2.1482782393e-02 -4.1314302629e+05 1.1978085419e+08 7.7147641846e-02
7.3757308061e+00 3.2960443078e+00 1.2937245435e+00 2.6244501235e+07 5.4461997822e-03 -2.7107983047e-02 -5.4991265190e+05 1.1982651535e+08 7.8343237238e-02
7.4255649010e+00 3.3582419128e+00 1.1899690814e+00 2.6290597261e+07 4.0470614299e-03 -2.8192598368e-02 -6.2287353595e+05 1.1980345505e+08 7.9620091075e-02
7.4753989959e+00 3.4142097146e+00 1.0607171373e+00 2.6333506781e+07 2.6365333734e-03 -2.8863755664e-02 -7.1657549289e+05 1.1979966898e+08 8.1155452788e-02
7.5252330907e+00 3.4642623298e+00 9.4724556772e-01 2.6406717419e+07 1.1650407194e-03 -2.9589387067e-02 -8.2487436155e+05 1.1980200312e+08 8.2919869987e-02
7.5750671856e+00 3.5085307810e+00 8.3732997032e-01 2.6499725110e+07 -2.5367772097e-04 -2.7397810815e-02 -8.6708284782e+05 1.1981835331e+08 8.4910997239e-02
7.6249012804e+00 3.5484996220e+00 7.7096519289e-01 2.6645843756e+07 -1.6128609012e-03 -2.7700802281e-02 -9.5738595764e+05 1.1979360183e+08 8.7026584572e-02
7.6747353753e+00 3.5857485301e+00 7.2642542508e-01 2.6821857443e+07 -3.0520039694e-03 -3.0052392320e-02 -1.1096266111e+06 1.1978062967e+08 8.9161060225e-02
7.7245694702e+00 3.6207932715e+00 6.8402959710e-01 2.7004578238e+07 -4.5775932566e-03 -3.0922435476e-02 -1.2207766033e+06 1.1979739619e+08 9.1293329312e-02
7.7744035650e+00 3.6548741851e+00 6.9073751742e-01 2.7253536224e+07 -6.1499003534e-03 -3.2550496530e-02 -1.2843028124e+06 1.1977850028e+08 9.3330012835e-02
7.8242376599e+00 3.6898363539e+00 7.1228536625e-01 2.7501250824e+07 -7.8506656323e-03 -3.5767829875e-02 -1.3809915343e+06 1.1978307735e+08 9.5115942923e-02
7.8740717548e+00 3.7258231745e+00 7.3106348619e-01 2.7712914419e+07 -9.7104853452e-03 -3.8741456538e-02 -1.4685984046e+06 1.1978554300e+08 9.6650584677e-02
7.9239058496e+00 3.7626434712e+00 7.4724890345e-01 2.7897432615e+07 -1.1700420433e-02 -4.1071771215e-02 -1.5333538324e+06 1.1980071719e+08 9.7967111867e-02
7.9737399445e+00 3.8006497795e+00 7.8218465960e-01 2.8077126583e+07 -1.3817220980e-02 -4.4035671891e-02 -1.5806946846e+06 1.1979404012e+08 9.9040408972e-02
8.0235740394e+00 3.8406029453e+00 8.1690836642e-01 2.8217308802e+07 -1.6083951873e-02 -4.6654403781e-02 -1.6115169982e+06 1.1978549041e+08 9.9803739671e-02
8.0734081342e+00 3.8818490939e+00 8.3914379734e-01 2.8313308144e+07 -1.8452701259e-02 -4.8402789556e-02 -1.6331445219e+06 1.1978204034e+08 1.0035107047e-01
8.1232422291e+00 3.9244865746e+00 8.7598467234e-01 2.8408914255e+07 -2.0920262354e-02 -5.0919990669e-02 -1.6513778088e+06 1.1980153079e+08 1.0068667125e-01
8.1730763240e+00 3.9696161196e+00 9.3703074228e-01 2.8491330654e+07 -2.3570122566e-02 -5.5756545742e-02 -1.6953319770e+06 1.1980969936e+08 1.0070212678e-01
8.2229104188e+00 4.0178897318e+00 9.9931629115e-01 2.8524635590e+07 -2.6501388076e-02 -6.1967327899e-02 -1.7688047943e+06 1.1981745600e+08 1.0035434237e-01
8.2727445137e+00 4.0690295421e+00 1.0484166511e+00 2.8507106189e+07 -2.9748410385e-02 -6.8165776162e-02 -1.8534701996e+06 1.1984401561e+08 9.9717480605e-02
8.3225786085e+00 4.1218788543e+00 1.0680575901e+00 2.8437060189e+07 -3.3269043349e-02 -7.2756152442e-02 -1.9371343880e+06 1.1985879498e+08 9.8963558126e-02
8.3724127034e+00 4.1752122444e+00 1.0716553813e+00 2.8351058672e+07 -3.6969490464e-02 -7.5490730597e-02 -1.9971365513e+06 1.1985823105e+08 9.8248652231e-02
8.4222467983e+00 4.2287192046e+00 1.0754069499e+00 2.8276600191e+07 -4.0773077728e-02 -7.6891355396e-02 -2.0217705631e+06 1.1986075233e+08 9.7603237541e-02
8.4720808931e+00 4.2822547773e+00 1.0716169981e+00 2.8209764481e+07 -4.4596700125e-02 -7.6189063794e-02 -2.0056377879e+06 1.1987986156e+08 9.7036006648e-02
8.5219149880e+00 4.3353575873e+00 1.0570726252e+00 2.8145718030e+07 -4.8334747541e-02 -7.3531740226e-02 -1.9578632323e+06 1.1989307888e+08 9.6587713062e-02
8.5717490829e+00 4.3873442514e+00 1.0289277591e+00 2.8086679237e+07 -5.1894129444e-02 -6.9167576337e-02 -1.8880698989e+06 1.1989984124e+08 9.6316043085e-02
8.6215831777e+00 4.4380876094e+00 1.0095875714e+00 2.8057858443e+07 -5.5221390662e-02 -6.4276807394e-02 -1.7863428732e+06 1.1990171315e+08 9.6209891665e-02
8.6714172726e+00 4.4880337737e+00 9.9541248790e-01 2.8049083360e+07 -5.8277270876e-02 -5.8170332349e-02 -1.6391440945e+06 1.1990442204e+08 9.6201784292e-02
8.7212513675e+00 4.5371945541e+00 9.7428050871e-01 2.8048053857e+07 -6.0982334354e-02 -4.9894541808e-02 -1.4363879635e+06 1.1992501314e+08 9.6279586493e-02
8.7710854623e+00 4.5846867130e+00 9.2744117933e-01 2.8033424039e+07 -6.3188733939e-02 -3.8220529665e-02 -1.1552779184e+06 1.1993560653e+08 9.6527496552e-02
8.8209195572e+00 4.6291438715e+00 8.5249501198e-01 2.8010823243e+07 -6.4750133041e-02 -2.4239376772e-02 -7.9644442343e+05 1.1994263293e+08 9.7070454859e-02
8.8707536520e+00 4.6693804398e+00 7.6462303406e-01 2.8002112511e+07 -6.5589940556e-02 -9.7112619118e-03 -3.5564694832e+05 1.1994879459e+08 9.8003589611e-02
8.9205877469e+00 4.7059430726e+00 7.1147352348e-01 2.8059536531e+07 -6.5752943375e-02 2.5982263329e-03 1.0247047050e+05 1.1992317127e+08 9.9237258301e-02
8.9704218418e+00 4.7411944860e+00 7.1349713520e-01 2.8200834690e+07 -6.5377373132e-02 1.1980752507e-02 4.7353689911e+05 1.1987952360e+08 1.0050226387e-01
9.0202559366e+00 4.7781703986e+00 7.8078690614e-01 2.8410553011e+07 -6.4591468788e-02 1.9219503964e-02 6.9934156417e+05 1.1983928772e+08 1.0146427961e-01
9.0700900315e+00 4.8198994701e+00 8.9919278357e-01 2.8609349112e+07 -6.3497427370e-02 2.4117639520e-02 7.6734375699e+05 1.1980269692e+08 1.0179330866e-01
9.1199241264e+00 4.8680742147e+00 1.0318223434e+00 2.8720643532e+07 -6.2262491807e-02 2.4523753724e-02 6.8261556194e+05 1.1979657358e+08 1.0133690944e-01
9.1697582212e+00 4.9221662122e+00 1.1287646760e+00 2.8704114559e+07 -6.1144794783e-02 1.9574441651e-02 4.9777161487e+05 1.1980842076e+08 1.0024429115e-01
9.2195923161e+00 4.9794871199e+00 1.1603316725e+00 2.8586610851e+07 -6.0365659359e-02 1.1529933507e-02 2.8405819656e+05 1.1982908955e+08 9.8923286230e-02
9.2694264110e+00 5.0367702056e+00 1.1294492289e+00 2.8423421119e+07 -5.9986026190e-02 4.1564245135e-03 1.0459948200e+05 1.1984757068e+08 9.7786855899e-02
9.3192605058e+00 5.0913220798e+00 1.0556296786e+00 2.8265413502e+07 -5.9897608996e-02 1.6731831008e-06 4.4800949772e+01 1.1986886712e+08 9.7103933111e-02
9.3690946007e+00 5.1417140834e+00 9.6637488015e-01 2.8143661464e+07 -5.9937720094e-02 -1.2449154502e-03 -3.6255577106e+04 1.1987815984e+08 9.6956628169e-02
9.4189286956e+00 5.1875815485e+00 8.7473858672e-01 2.8067124302e+07 -5.9999374610e-02 -1.1186681574e-03 -3.5893921570e+04 1.1988243870e+08 9.7308776472e-02
9.4687627904e+00 5.2288322520e+00 7.8083893027e-01 2.8025971062e+07 -6.0045480135e-02 -7.4768469896e-04 -2.6835995138e+04 1.1987739369e+08 9.8113314448e-02
9.5185968853e+00 5.2653399301e+00 6.8458648828e-01 2.8012536589e+07 -6.0077045986e-02 -5.5258600207e-04 -2.2611219863e+04 1.1986405853e+08 9.9345146770e-02
9.5684309801e+00 5.2970205175e+00 5.8748276923e-01 2.8023949341e+07 -6.0102398576e-02 -4.7429826067e-04 -2.2624851529e+04 1.1985510028e+08 1.0098984235e-01
9.6182650750e+00 5.3239024315e+00 4.9250781673e-01 2.8055893330e+07 -6.0125190053e-02 -4.5068208523e-04 -2.5673274777e+04 1.1984878548e+08 1.0303432330e-01
9.6680991699e+00 5.3461477401e+00 4.0147200608e-01 2.8100931311e+07 -6.0148155979e-02 -4.7787785238e-04 -3.3448939157e+04 1.1984526301e+08 1.0546295379e-01
9.7179332647e+00 5.3639647799e+00 3.1494980349e-01 2.8145290528e+07 -6.0173658156e-02 -5.5353553078e-04 -4.9466353555e+04 1.1984410325e+08 1.0826490668e-01
9.7677673596e+00 5.3776273098e+00 2.3526420770e-01 2.8173533498e+07 -6.0203498394e-02 -6.3379531247e-04 -7.5898725274e+04 1.1983950699e+08 1.1142911409e-01
9.8176014545e+00 5.3875679080e+00 1.6616489648e-01 2.8174979136e+07 -6.0234787116e-02 -5.9629106474e-04 -1.0110732570e+05 1.1983569131e+08 1.1492835445e-01
9.8674355493e+00 5.3944083066e+00 1.1135236860e-01 2.8142781032e+07 -6.0260777665e-02 -4.3560869134e-04 -1.1009411089e+05 1.1983632091e+08 1.1866198962e-01
9.9172696442e+00 5.3989537671e+00 7.4397657436e-02 2.8066993423e+07 -6.0278095627e-02 -2.6840798832e-04 -1.0125863505e+05 1.1983827897e+08 1.2205369647e-01
