# TPV104 station: x2_0_x3_7.5 (along_strike=0, down_dip=7500)
# Columns (SCEC TPV104 trace layout): t  h-slip  h-slip-rate  h-shear-stress  v-slip  v-slip-rate  v-shear-stress  n-stress  psi
# BP5 convention: h = strike = component 2, v = dip = component 1.  TPV104 is pure strike-slip so v-slip / v-slip-rate / v-shear-stress ≈ 0.
0.0000000000e+00 0.0000000000e+00 1.0000000000e-16 4.0000000000e+07 0.0000000000e+00 0.0000000000e+00 0.0000000000e+00 1.2000000000e+08 5.6359184263e-01
2.8476625637e-04 2.8476625637e-20 1.0000000000e-16 4.0000000000e+07 0.0000000000e+00 0.0000000000e+00 0.0000000000e+00 1.2000000000e+08 5.6359184263e-01
5.0118861120e-02 5.0134943377e-18 1.0036724639e-16 4.0004398884e+07 -3.9741448670e-37 2.1154946939e-36 8.4319433495e-13 1.2000000000e+08 5.6359184263e-01
9.9952955984e-02 1.0917520432e-17 1.6929816410e-16 4.0631789511e+07 7.3530228511e-37 -2.6368980922e-35 -6.3285912647e-12 1.2000000000e+08 5.6359184263e-01
1.4978705085e-01 3.8748632597e-17 1.5819134811e-15 4.3313464326e+07 -5.3241342523e-36 -8.0017749519e-34 -2.1909200349e-11 1.2000000000e+08 5.6359184263e-01
1.9962114571e-01 7.5439826153e-16 5.4791337425e-14 4.7567340638e+07 -4.2787791583e-33 -6.4440030651e-31 -5.5943896111e-10 1.2000000000e+08 5.6359184263e-01
2.4945524058e-01 3.7841925269e-14 3.0304289002e-12 5.2382853439e+07 -1.1974752318e-29 -1.8940752479e-27 -3.2740271882e-08 1.2000000000e+08 5.6359184263e-01
2.9928933544e-01 2.0636331977e-12 1.6027266340e-10 5.7144660260e+07 -3.4003342714e-26 -5.1769532116e-24 -1.8458246477e-06 1.2000000000e+08 5.6359184263e-01
3.4912343030e-01 8.9349974789e-11 6.4009567875e-09 6.1569451758e+07 -5.8358649941e-23 -8.1583040244e-21 -7.8473003760e-05 1.2000000000e+08 5.6359184266e-01
3.9895752517e-01 2.7454761547e-09 1.7694145413e-07 6.5552697549e+07 -4.8716032494e-20 -6.0875952289e-18 -2.2553125880e-03 1.2000000003e+08 5.6359184314e-01
4.4879162003e-01 5.8260340983e-08 3.3306800837e-06 6.9074833820e+07 -1.8612880237e-17 -2.0430354348e-15 -4.2370425739e-02 1.2000000056e+08 5.6359184742e-01
4.9862571490e-01 8.6199476793e-07 4.3317357137e-05 7.2153288901e+07 -3.2896507413e-15 -3.1273278567e-13 -5.2091587587e-01 1.2000000739e+08 5.6359183587e-01
5.4845980976e-01 9.1052499231e-06 3.9919471483e-04 7.4818311072e+07 -2.7878716224e-13 -2.2592917965e-11 -4.2344347295e+00 1.2000006900e+08 5.6359106057e-01
5.9829390462e-01 7.0429647653e-05 2.6673045377e-03 7.7096633648e+07 -1.1620025552e-11 -7.7852036294e-10 -2.2502604544e+01 1.2000046476e+08 5.6358108115e-01
6.4812799949e-01 4.0543789154e-04 1.2993245732e-02 7.8989075863e+07 -2.2148719012e-10 -1.0825483816e-08 -6.5810728130e+01 1.2000226331e+08 5.6350714551e-01
6.9796209435e-01 1.7348490256e-03 4.5212182688e-02 8.0446728195e+07 -7.3927629829e-10 3.2590474439e-08 5.7988729653e+01 1.2000762937e+08 5.6315191691e-01
7.4779618922e-01 5.5159714714e-03 1.1285032966e-01 8.1398917533e+07 2.9349721334e-08 1.8880285037e-06 1.3618345373e+03 1.2001727921e+08 5.6187422590e-01
7.9763028408e-01 1.4082511160e-02 2.4783978794e-01 8.1650725289e+07 3.7169369444e-07 1.5403130899e-05 5.0745557043e+03 1.2003678765e+08 5.5594901832e-01
8.4746437894e-01 3.3315042322e-02 5.7249068070e-01 8.0478263768e+07 2.6930189538e-06 1.0739767925e-04 1.5097501234e+04 1.2008868384e+08 5.3741254061e-01
8.9729847381e-01 7.9866658142e-02 1.4239838214e+00 7.5896465508e+07 2.0474204774e-05 8.2939225459e-04 4.4205516731e+04 1.2021886189e+08 4.8921692866e-01
9.4713256867e-01 1.9368950006e-01 3.3339127459e+00 6.4550753174e+07 1.4287886943e-04 5.1369217274e-03 9.9460361374e+04 1.2047372089e+08 3.8483988689e-01
9.9696666354e-01 4.2473254348e-01 5.8910144837e+00 4.7790807224e+07 6.7305071607e-04 1.6950931248e-02 1.3751429228e+05 1.2067661737e+08 2.3933955911e-01
1.0468007584e+00 7.6276419842e-01 7.3963897273e+00 3.4779295003e+07 1.6640701198e-03 1.7897964933e-02 8.4159789480e+04 1.2056864832e+08 1.2985563954e-01
1.0966348533e+00 1.1378159036e+00 7.4807037392e+00 2.8582968800e+07 2.0568678506e-03 -1.2596478490e-03 -4.8129796906e+03 1.2041806467e+08 7.8911533463e-02
1.1464689481e+00 1.4989746205e+00 6.9921054954e+00 2.6163252060e+07 1.8417856130e-03 -6.4137568107e-03 -2.3999171094e+04 1.2031312526e+08 5.9794064592e-02
1.1963030430e+00 1.8361929151e+00 6.5740633834e+00 2.5247946339e+07 1.3904520852e-03 -8.8462939679e-03 -3.3974536352e+04 1.2025521977e+08 5.2944248529e-02
1.2461371379e+00 2.1554221231e+00 6.2394200893e+00 2.4878516157e+07 1.4743417168e-03 1.2628638120e-02 5.0354323483e+04 1.2017387595e+08 5.0550275207e-02
1.2959712327e+00 2.4585199868e+00 5.9416466101e+00 2.4744820506e+07 1.8819542155e-03 -2.8433392321e-03 -1.1841484954e+04 1.2017387796e+08 4.9932577817e-02
1.3458053276e+00 2.7501203942e+00 5.7877122839e+00 2.4718939043e+07 1.4372451731e-03 -9.2027741652e-03 -3.9304444046e+04 1.2019039559e+08 4.9953314178e-02
1.3956394224e+00 3.0348026026e+00 5.6038741042e+00 2.4679385520e+07 1.4249657909e-03 7.9067753492e-03 3.4821331357e+04 1.2006605203e+08 5.0160824408e-02
1.4454735173e+00 3.3068893201e+00 5.3167179137e+00 2.4667077300e+07 1.7190596612e-03 3.4347967530e-03 1.5935845834e+04 1.2004135566e+08 5.0627820688e-02
1.4953076122e+00 3.5646548560e+00 5.0553800549e+00 2.4679283147e+07 1.8898307439e-03 -9.6319466977e-04 -4.7021101722e+03 1.2001646667e+08 5.1276646000e-02
1.5451417070e+00 3.8133892961e+00 4.9218461409e+00 2.4712445197e+07 1.5997001064e-03 -5.4281566593e-03 -2.7254615468e+04 1.1998481515e+08 5.1874470841e-02
1.5949758019e+00 4.0528847880e+00 4.6636670616e+00 2.4715862702e+07 1.2162062679e-03 -8.4633767498e-03 -4.4853042676e+04 1.1995920227e+08 5.2486824449e-02
1.6448098968e+00 4.2760634394e+00 4.2918489655e+00 2.4722096174e+07 1.2614520545e-03 5.8319141575e-03 3.3593247069e+04 1.1997735766e+08 5.3339860838e-02
1.6946439916e+00 4.4821371870e+00 3.9945113482e+00 2.4757342661e+07 1.3021302754e-03 -2.4213450537e-03 -1.5007109499e+04 1.1996610452e+08 5.4371224516e-02
1.7444780865e+00 4.6723866827e+00 3.6413183472e+00 2.4794359884e+07 1.3034083736e-03 2.7922916727e-03 1.9013191936e+04 1.2001645027e+08 5.5519917492e-02
1.7943121814e+00 4.8469379993e+00 3.3668284372e+00 2.4844418316e+07 1.3649311015e-03 -2.7649130702e-03 -2.0402779115e+04 1.1998670776e+08 5.6772270395e-02
1.8441462762e+00 5.0070559040e+00 3.0663267191e+00 2.4878580362e+07 1.1477867102e-03 -4.1118360734e-03 -3.3361299548e+04 1.1992059549e+08 5.8106979982e-02
1.8939803711e+00 5.1531235806e+00 2.7955070171e+00 2.4938573226e+07 9.5438830650e-04 -2.6250348936e-03 -2.3417800247e+04 1.1992108165e+08 5.9531457643e-02
1.9438144660e+00 5.2861081479e+00 2.5535436888e+00 2.5027128580e+07 1.0303927107e-03 5.0748163385e-03 4.9737970640e+04 1.2000082932e+08 6.1037138440e-02
1.9936485608e+00 5.4082154360e+00 2.3538394550e+00 2.5105738826e+07 1.2762711376e-03 2.5677072424e-03 2.7386824227e+04 1.1996597877e+08 6.2567107060e-02
2.0434826557e+00 5.5201685134e+00 2.1290563253e+00 2.5171754833e+07 1.1802818652e-03 -5.5583319047e-03 -6.5715954210e+04 1.1995616316e+08 6.4139469603e-02
2.0933167505e+00 5.6204088120e+00 1.9075543964e+00 2.5252786020e+07 9.3442799288e-04 -2.4335020261e-03 -3.2215440913e+04 1.1998526928e+08 6.5862695735e-02
2.1431508454e+00 5.7110663551e+00 1.7276563374e+00 2.5353667910e+07 9.8635666095e-04 3.4417695685e-03 5.0508588294e+04 1.2000451656e+08 6.7660765161e-02
2.1929849403e+00 5.7920192303e+00 1.5305845663e+00 2.5427509077e+07 1.1290669204e-03 1.2069644844e-03 2.0051228176e+04 1.1995035138e+08 6.9583431709e-02
2.2428190351e+00 5.8649950031e+00 1.3987804644e+00 2.5552637509e+07 1.0871779899e-03 -2.3807961338e-03 -4.3491900367e+04 1.1992509100e+08 7.1572258995e-02
2.2926531300e+00 5.9300471220e+00 1.2079415066e+00 2.5633789866e+07 9.6989540497e-04 -1.7822961225e-03 -3.7822199200e+04 1.1994940609e+08 7.3673653689e-02
2.3424872249e+00 5.9863337364e+00 1.0613672444e+00 2.5753381344e+07 9.2891009673e-04 3.1577079077e-04 7.6619715133e+03 1.1994700570e+08 7.5969062039e-02
2.3923213197e+00 6.0358336844e+00 9.2530639165e-01 2.5882786665e+07 9.7464612699e-04 7.6292964061e-04 2.1340763780e+04 1.1996983820e+08 7.8379572300e-02
2.4421554146e+00 6.0790019089e+00 8.1179284731e-01 2.6034185935e+07 9.6625355980e-04 -8.4874450635e-04 -2.7219225154e+04 1.1998789555e+08 8.0918332090e-02
2.4919895095e+00 6.1165319637e+00 6.9434059901e-01 2.6156315299e+07 9.2737885561e-04 -5.1047933607e-04 -1.9230127818e+04 1.1994240387e+08 8.3582548125e-02
2.5418236043e+00 6.1488118208e+00 6.1062117218e-01 2.6332713372e+07 9.2243723687e-04 2.8084625156e-04 1.2111345268e+04 1.1991718297e+08 8.6384691814e-02
2.5916576992e+00 6.1778836605e+00 5.5829621691e-01 2.6557745967e+07 9.4119688445e-04 3.2254447857e-04 1.5343206824e+04 1.1988687111e+08 8.9213125107e-02
2.6414917940e+00 6.2047505508e+00 5.2509665447e-01 2.6829738378e+07 9.4881013188e-04 -6.5068984950e-05 -3.3246904697e+03 1.1992588586e+08 9.2021807588e-02
2.6913258889e+00 6.2304338711e+00 5.0435275882e-01 2.7115181433e+07 9.2884330960e-04 -6.9481998857e-04 -3.7355144240e+04 1.1995480254e+08 9.4750259794e-02
2.7411599838e+00 6.2549149538e+00 4.7755400472e-01 2.7367796417e+07 8.9281247214e-04 -5.9629207419e-04 -3.4172470402e+04 1.1994503966e+08 9.7420490401e-02
2.7909940786e+00 6.2777487254e+00 4.3728010415e-01 2.7579986182e+07 8.7611579445e-04 -1.6073335709e-04 -1.0137721167e+04 1.1993292561e+08 1.0009392679e-01
2.8408281735e+00 6.2988156170e+00 4.1450465222e-01 2.7838013067e+07 8.6564177317e-04 -2.9320144886e-04 -1.9691324864e+04 1.1992269404e+08 1.0279995560e-01
2.8906622684e+00 6.3194380684e+00 4.1344965565e-01 2.8144146847e+07 8.5099687063e-04 -1.9241382755e-04 -1.3097901870e+04 1.1990385793e+08 1.0541429849e-01
2.9404963632e+00 6.3398242597e+00 4.0132100701e-01 2.8412763745e+07 8.5390431469e-04 2.4857411780e-04 1.7598574604e+04 1.1991760036e+08 1.0792484842e-01
2.9903304581e+00 6.3590132241e+00 3.6571426503e-01 2.8607586948e+07 8.6194221499e-04 -2.4286062583e-05 -1.8997499233e+03 1.1992966636e+08 1.1045508534e-01
3.0401645530e+00 6.3763431976e+00 3.3411972114e-01 2.8819858209e+07 8.5051525349e-04 -3.8127408752e-04 -3.2887209122e+04 1.1994524045e+08 1.1309800561e-01
3.0899986478e+00 6.3925770891e+00 3.1747674376e-01 2.9079420960e+07 8.2956794734e-04 -4.3080644481e-04 -3.9459904410e+04 1.1994670591e+08 1.1577006945e-01
3.1398327427e+00 6.4079728864e+00 3.0154381572e-01 2.9337579559e+07 8.0743256511e-04 -4.4930770629e-04 -4.3713715528e+04 1.1994103225e+08 1.1844888713e-01
3.1896668376e+00 6.4227036635e+00 2.8922978899e-01 2.9606810583e+07 7.8853000610e-04 -2.6357455341e-04 -2.6980629846e+04 1.1993640268e+08 1.2111982527e-01
3.2395009324e+00 6.4366761504e+00 2.7052475077e-01 2.9844527178e+07 7.8404317558e-04 7.2022688638e-05 7.9456060207e+03 1.1991966826e+08 1.2380531494e-01
3.2893350273e+00 6.4495801575e+00 2.4687803898e-01 3.0063518896e+07 7.9070982719e-04 1.2456280158e-04 1.5168607765e+04 1.1991296332e+08 1.2656072406e-01
3.3391691221e+00 6.4612509676e+00 2.2202478533e-01 3.0282767817e+07 7.9118561184e-04 -1.1758447004e-04 -1.6037773440e+04 1.1992672165e+08 1.2942185023e-01
3.3890032170e+00 6.4718099865e+00 2.0317265305e-01 3.0537103043e+07 7.8139070503e-04 -2.3563691125e-04 -3.5416521523e+04 1.1995045808e+08 1.3238010230e-01
3.4388373119e+00 6.4815709616e+00 1.8888154569e-01 3.0811486118e+07 7.7118399387e-04 -1.4193570565e-04 -2.3153400234e+04 1.1995188699e+08 1.3539403857e-01
3.4886714067e+00 6.4906359390e+00 1.7454888537e-01 3.1081980221e+07 7.6879076889e-04 2.9664920977e-05 5.2824427102e+03 1.1994444870e+08 1.3845451934e-01
3.5385055016e+00 6.4988537336e+00 1.5442614393e-01 3.1309453604e+07 7.7077179271e-04 1.7737632063e-05 3.5962535487e+03 1.1993651269e+08 1.4159378058e-01
3.5883395965e+00 6.5060302510e+00 1.3450811917e-01 3.1533512529e+07 7.6920255311e-04 -7.7752851571e-05 -1.8228048494e+04 1.1993653881e+08 1.4484336680e-01
3.6381736913e+00 6.5123270225e+00 1.1873362746e-01 3.1781060864e+07 7.6389863025e-04 -1.2255234251e-04 -3.2803204446e+04 1.1993700048e+08 1.4815400155e-01
3.6880077862e+00 6.5178858684e+00 1.0466511027e-01 3.2027207744e+07 7.5818584756e-04 -9.9068649161e-05 -3.0314707541e+04 1.1994558302e+08 1.5144797080e-01
3.7378418811e+00 6.5227860964e+00 9.2448064396e-02 3.2259794852e+07 7.5413063203e-04 -6.6252011182e-05 -2.3118669960e+04 1.1994931610e+08 1.5461882467e-01
3.7876759759e+00 6.5271357944e+00 8.2530511485e-02 3.2479028618e+07 7.5148739820e-04 -4.0619743727e-05 -1.5985479737e+04 1.1995230052e+08 1.5757317963e-01
3.8375100708e+00 6.5310353583e+00 7.4226565883e-02 3.2676149072e+07 7.4991873166e-04 -2.2987563859e-05 -1.0119625696e+04 1.1995150891e+08 1.6027729449e-01
3.8873441656e+00 6.5345643046e+00 6.7934718478e-02 3.2867511627e+07 7.4929256482e-04 -3.0984628264e-06 -1.4990680061e+03 1.1995816244e+08 1.6274195077e-01
3.9371782605e+00 6.5378500001e+00 6.4167767499e-02 3.3071208737e+07 7.4932807608e-04 2.0651391353e-06 1.0643450766e+03 1.1994703195e+08 1.6503527763e-01
3.9870123554e+00 6.5409600474e+00 6.0651408265e-02 3.3262304247e+07 7.4931666608e-04 -4.3619691601e-06 -2.3921809810e+03 1.1994372218e+08 1.6719894011e-01
4.0368464502e+00 6.5438993466e+00 5.7418923078e-02 3.3441794168e+07 7.4885352467e-04 -1.2664508078e-05 -7.3760330163e+03 1.1994609709e+08 1.6923688632e-01
4.0866805451e+00 6.5466943453e+00 5.4932715887e-02 3.3621328989e+07 7.4819227990e-04 -1.3413494691e-05 -8.2096708786e+03 1.1994970906e+08 1.7116735620e-01
4.1365146400e+00 6.5493854234e+00 5.3082354076e-02 3.3803592061e+07 7.4753616273e-04 -1.2479746696e-05 -7.9472787836e+03 1.1995456718e+08 1.7301767166e-01
4.1863487348e+00 6.5519783676e+00 5.0970342836e-02 3.3969479981e+07 7.4700974328e-04 -8.6274914336e-06 -5.7498415986e+03 1.1996027708e+08 1.7479266434e-01
4.2361828297e+00 6.5544768495e+00 4.9552194315e-02 3.4140382716e+07 7.4650240733e-04 -1.4627653123e-05 -1.0078134435e+04 1.1996171942e+08 1.7649576510e-01
4.2860169246e+00 6.5569399102e+00 4.9439772403e-02 3.4336655265e+07 7.4540511762e-04 -2.8508265739e-05 -1.9799413413e+04 1.1995705516e+08 1.7816568898e-01
4.3358510194e+00 6.5594078666e+00 4.9529822335e-02 3.4537148430e+07 7.4384248107e-04 -3.2043002784e-05 -2.2343587986e+04 1.1995304391e+08 1.7982846382e-01
4.3856851143e+00 6.5618566481e+00 4.8498482537e-02 3.4708500558e+07 7.4246407366e-04 -2.0647434742e-05 -1.4776575735e+04 1.1995228580e+08 1.8146893469e-01
4.4355192092e+00 6.5642272710e+00 4.6705104157e-02 3.4855548503e+07 7.4195946462e-04 5.0785628413e-07 3.7900802628e+02 1.1996088174e+08 1.8305038995e-01
4.4853533040e+00 6.5665324911e+00 4.6086359185e-02 3.5022234747e+07 7.4239816705e-04 1.4358765687e-05 1.0911603161e+04 1.1995737630e+08 1.8458164336e-01
4.5351873989e+00 6.5688387871e+00 4.6522453743e-02 3.5216504399e+07 7.4302375521e-04 6.9752279138e-06 5.2800986352e+03 1.1995827627e+08 1.8610476596e-01
4.5850214937e+00 6.5711644485e+00 4.6681929265e-02 3.5405260607e+07 7.4283898181e-04 -1.4901346836e-05 -1.1301719454e+04 1.1996354166e+08 1.8763109521e-01
4.6348555886e+00 6.5734713418e+00 4.5684167986e-02 3.5558335082e+07 7.4166583324e-04 -2.9486781688e-05 -2.2951077145e+04 1.1995784546e+08 1.8913705241e-01
4.6846896835e+00 6.5757045485e+00 4.3941685688e-02 3.5685352454e+07 7.4014728174e-04 -2.9317938672e-05 -2.3809304499e+04 1.1995588468e+08 1.9058930222e-01
4.7345237783e+00 6.5778541334e+00 4.2373542016e-02 3.5809649727e+07 7.3896674864e-04 -1.5924680726e-05 -1.3457861007e+04 1.1995830552e+08 1.9198250234e-01
4.7843578732e+00 6.5799316878e+00 4.1079555972e-02 3.5935631386e+07 7.3869877829e-04 5.1153207714e-06 4.4747874535e+03 1.1996555664e+08 1.9332446053e-01
4.8341919681e+00 6.5819558322e+00 4.0230556352e-02 3.6067673595e+07 7.3933342710e-04 1.7051320756e-05 1.5286924347e+04 1.1996822663e+08 1.9462711378e-01
4.8840260629e+00 6.5839461439e+00 3.9658479255e-02 3.6202383336e+07 7.3997108722e-04 4.6617005061e-06 4.2554498279e+03 1.1996436206e+08 1.9590277485e-01
4.9338601578e+00 6.5859009702e+00 3.8645525759e-02 3.6320308857e+07 7.3959331469e-04 -1.9596893214e-05 -1.8417790940e+04 1.1996181432e+08 1.9715077408e-01
4.9836942527e+00 6.5877779099e+00 3.6493766589e-02 3.6394447242e+07 7.3819741195e-04 -3.3104570071e-05 -3.3014474567e+04 1.1995997755e+08 1.9834601374e-01
5.0335283475e+00 6.5895234012e+00 3.3531852720e-02 3.6426218165e+07 7.3663074294e-04 -2.7109966117e-05 -2.9450014243e+04 1.1995989088e+08 1.9945697608e-01
5.0833624424e+00 6.5911255059e+00 3.0927365096e-02 3.6451145566e+07 7.3567821499e-04 -1.0077660138e-05 -1.1877580114e+04 1.1995812673e+08 2.0047723675e-01
5.1331965372e+00 6.5926248350e+00 2.9480999148e-02 3.6509427356e+07 7.3566890060e-04 9.0531335053e-06 1.1211449056e+04 1.1996204068e+08 2.0143184228e-01
5.1830306321e+00 6.5940855908e+00 2.9327575733e-02 3.6614359168e+07 7.3645191027e-04 2.0334298415e-05 2.5386595618e+04 1.1996162772e+08 2.0235979022e-01
5.2328647270e+00 6.5955593910e+00 2.9871595925e-02 3.6748318133e+07 7.3747096572e-04 1.8489491876e-05 2.2745946727e+04 1.1996186075e+08 2.0329213730e-01
5.2826988218e+00 6.5970673954e+00 3.0712845886e-02 3.6897245816e+07 7.3817172527e-04 9.4714090587e-06 1.1378590885e+04 1.1996754926e+08 2.0424136150e-01
5.3325329167e+00 6.5986307292e+00 3.2130392886e-02 3.7069679791e+07 7.3846686086e-04 3.3188919221e-06 3.8290929479e+03 1.1997066415e+08 2.0521966724e-01
5.3823670116e+00 6.6002784443e+00 3.4019539299e-02 3.7259788789e+07 7.3856576866e-04 9.4703725208e-07 1.0372394428e+03 1.1996666648e+08 2.0624360898e-01
5.4322011064e+00 6.6020178223e+00 3.5661527269e-02 3.7444774793e+07 7.3859270420e-04 6.3505032299e-07 6.6680588712e+02 1.1996582600e+08 2.0731664548e-01
5.4820352013e+00 6.6038173954e+00 3.6395308981e-02 3.7602361659e+07 7.3866810930e-04 2.4829616847e-06 2.5653092628e+03 1.1996846375e+08 2.0841977038e-01
5.5318692962e+00 6.6056324918e+00 3.6358290097e-02 3.7733339205e+07 7.3880881663e-04 2.2883423195e-06 2.3748860776e+03 1.1996649197e+08 2.0952684814e-01
5.5817033910e+00 6.6074356211e+00 3.5991086322e-02 3.7851382601e+07 7.3876066451e-04 -5.5849057066e-06 -5.8735766072e+03 1.1996275016e+08 2.1062208365e-01
5.6315374859e+00 6.6092199703e+00 3.5634281568e-02 3.7967930362e+07 7.3817944596e-04 -1.7261204748e-05 -1.8391621523e+04 1.1995951911e+08 2.1170171980e-01
5.6813715808e+00 6.6109893111e+00 3.5420377877e-02 3.8090350609e+07 7.3721168496e-04 -1.8739702169e-05 -2.0152292796e+04 1.1996493359e+08 2.1276805552e-01
5.7312056756e+00 6.6127556599e+00 3.5499206160e-02 3.8221041460e+07 7.3661009832e-04 -3.3276950628e-06 -3.5828398637e+03 1.1996763709e+08 2.1382799843e-01
5.7810397705e+00 6.6145241811e+00 3.5390518791e-02 3.8343791336e+07 7.3690655728e-04 1.3436243555e-05 1.4557472929e+04 1.1996663901e+08 2.1488448981e-01
5.8308738653e+00 6.6162755083e+00 3.4882765650e-02 3.8453740661e+07 7.3769242898e-04 1.5212794250e-05 1.6770139464e+04 1.1997363157e+08 2.1592671762e-01
5.8807079602e+00 6.6180046673e+00 3.4571823747e-02 3.8565462251e+07 7.3817892921e-04 3.0142878764e-06 3.3624898172e+03 1.1997188175e+08 2.1695205961e-01
5.9305420551e+00 6.6197253020e+00 3.4515963109e-02 3.8684713687e+07 7.3801971566e-04 -7.6194848984e-06 -8.5397469804e+03 1.1996962811e+08 2.1796825523e-01
5.9803761499e+00 6.6214473656e+00 3.4599683206e-02 3.8809682320e+07 7.3761798690e-04 -6.9848483143e-06 -7.8347464199e+03 1.1997141119e+08 2.1898087712e-01
6.0302102448e+00 6.6231713858e+00 3.4553153585e-02 3.8929593379e+07 7.3738898628e-04 -2.2810740254e-06 -2.5699907263e+03 1.1997273106e+08 2.1999022341e-01
6.0800443397e+00 6.6248890763e+00 3.4392998038e-02 3.9043968363e+07 7.3733774427e-04 -7.4850541718e-07 -8.4972591794e+02 1.1997206911e+08 2.2099176861e-01
6.1298784345e+00 6.6266037106e+00 3.4494596424e-02 3.9164651374e+07 7.3722156799e-04 -4.3797914054e-06 -4.9727499743e+03 1.1996502544e+08 2.2198735865e-01
6.1797125294e+00 6.6283354010e+00 3.5077165142e-02 3.9303176392e+07 7.3690456225e-04 -7.9618667622e-06 -8.9210930387e+03 1.1996016928e+08 2.2298792715e-01
6.2295466243e+00 6.6301073684e+00 3.6113298501e-02 3.9462319293e+07 7.3647318420e-04 -8.8690534706e-06 -9.6915384196e+03 1.1996663307e+08 2.2400586041e-01
6.2793807191e+00 6.6319439509e+00 3.7658103462e-02 3.9640836911e+07 7.3604912837e-04 -8.1469736657e-06 -8.5759192501e+03 1.1997440663e+08 2.2505384713e-01
6.3292148140e+00 6.6338607685e+00 3.9150245255e-02 3.9818200656e+07 7.3564967252e-04 -7.8749180369e-06 -8.0092746420e+03 1.1997592362e+08 2.2613960693e-01
6.3790489088e+00 6.6358279360e+00 3.9665971700e-02 3.9966715822e+07 7.3531455798e-04 -5.0637953574e-06 -5.1021886357e+03 1.1997591057e+08 2.2724669045e-01
6.4288830037e+00 6.6378163855e+00 4.0148298902e-02 4.0104115641e+07 7.3566229729e-04 2.4775489606e-05 2.4748224144e+04 1.1994421961e+08 2.2835947281e-01
6.4787170986e+00 6.6398827647e+00 4.4825627925e-02 4.0400218931e+07 7.3655476844e-04 4.0283133640e-05 3.6306182281e+04 1.2002251314e+08 2.2950715540e-01
6.5285511934e+00 6.6497521736e+00 8.4223346328e-01 4.4350810003e+07 7.3943311694e-04 -2.8357378008e-03 -1.4932589823e+05 1.2130767473e+08 2.2909517435e-01
6.5783852883e+00 6.8147546229e+00 5.8463276963e+00 3.9266674810e+07 -4.0288282648e-04 -3.0499729582e-02 -2.0485046776e+05 1.1986777411e+08 1.7126838141e-01
6.6282193832e+00 7.1692929986e+00 7.6504178010e+00 3.0590516292e+07 -8.9205266814e-04 3.2775521744e-03 1.3105429768e+04 1.1911265245e+08 9.8032626815e-02
6.6780534780e+00 7.5386686206e+00 7.0240863825e+00 2.6857952699e+07 2.7576886810e-04 3.4766142154e-02 1.3293506808e+05 1.1953747994e+08 6.6937140689e-02
6.7278875729e+00 7.8614085114e+00 5.9302641876e+00 2.5425829586e+07 7.6457029118e-04 -1.0602915102e-02 -4.5459680036e+04 1.1952100191e+08 5.6745940173e-02
6.7777216678e+00 8.1313302781e+00 4.9524208126e+00 2.4955626279e+07 7.3372360263e-04 8.1499970652e-03 4.1068456949e+04 1.1983330527e+08 5.4094236401e-02
6.8275557626e+00 8.3611313212e+00 4.3310728484e+00 2.4831574493e+07 9.4124789037e-04 -4.2741059610e-04 -2.4504963153e+03 1.2003699741e+08 5.4055700871e-02
6.8773898575e+00 8.5649069508e+00 3.8576486056e+00 2.4793886121e+07 8.0086208814e-04 -3.2233634024e-03 -2.0717207111e+04 1.2004576126e+08 5.4887537521e-02
6.9272239524e+00 8.7475233839e+00 3.4975740075e+00 2.4829589593e+07 8.9186356889e-04 7.9155774389e-03 5.6193389699e+04 1.2008516773e+08 5.6098527420e-02
6.9770580472e+00 8.9144168111e+00 3.2099048690e+00 2.4886927679e+07 1.3068716412e-03 4.2113045368e-03 3.2650946279e+04 1.2009481700e+08 5.7417661574e-02
7.0268921421e+00 9.0684706646e+00 2.9829367489e+00 2.4953407643e+07 1.2531382409e-03 -3.0656531419e-03 -2.5645361930e+04 1.2006364620e+08 5.8758331976e-02
7.0767262369e+00 9.2123287466e+00 2.7939712878e+00 2.5023756131e+07 1.2096060338e-03 8.8828587086e-04 7.9557900626e+03 1.2002598779e+08 6.0063777849e-02
7.1265603318e+00 9.3472769527e+00 2.6295879016e+00 2.5097608842e+07 1.2595197678e-03 6.2831705675e-04 5.9968543777e+03 1.1999732986e+08 6.1335151513e-02
7.1763944267e+00 9.4750304748e+00 2.5033747372e+00 2.5183988588e+07 1.2664860378e-03 -5.5418297926e-05 -5.5750893456e+02 1.1999802710e+08 6.2545204212e-02
7.2262285215e+00 9.5969594587e+00 2.3903944164e+00 2.5263438658e+07 1.2339195960e-03 -1.4890541241e-03 -1.5737414405e+04 1.1999100936e+08 6.3681124144e-02
7.2760626164e+00 9.7133388822e+00 2.2845151875e+00 2.5339726403e+07 1.1431376144e-03 -1.3577378774e-03 -1.5059959562e+04 1.1998914501e+08 6.4772995139e-02
7.3258967113e+00 9.8249660523e+00 2.1971114766e+00 2.5418360236e+07 1.1468336081e-03 1.0181486109e-03 1.1778950883e+04 1.1999136723e+08 6.5814190794e-02
7.3757308061e+00 9.9322696253e+00 2.1107499332e+00 2.5487225175e+07 1.1600208250e-03 -9.5400956997e-04 -1.1519629278e+04 1.1997687457e+08 6.6814604288e-02
7.4255649010e+00 1.0035774662e+01 2.0486312118e+00 2.5567075134e+07 1.0975492031e-03 -6.0933852039e-04 -7.6045916138e+03 1.1998107102e+08 6.7770997184e-02
7.4753989959e+00 1.0136530785e+01 1.9936375807e+00 2.5640211725e+07 1.1254508706e-03 1.1711381998e-03 1.5062031180e+04 1.1998077277e+08 6.8652886730e-02
7.5252330907e+00 1.0234383351e+01 1.9335705520e+00 2.5704024213e+07 1.1531063698e-03 -6.6680993733e-05 -8.8642737949e+02 1.1997826422e+08 6.9494969393e-02
7.5750671856e+00 1.0329184228e+01 1.8720100159e+00 2.5766189901e+07 1.1574450758e-03 3.8564427848e-04 5.3079757207e+03 1.1998595832e+08 7.0322860679e-02
7.6249012804e+00 1.0421121440e+01 1.8203793518e+00 2.5829057015e+07 1.1679697535e-03 -1.9549099700e-04 -2.7737889372e+03 1.1997981360e+08 7.1137371182e-02
7.6747353753e+00 1.0510779238e+01 1.7779819214e+00 2.5894440598e+07 1.1414271012e-03 -6.1356146793e-04 -8.9358788145e+03 1.1998077646e+08 7.1916045018e-02
7.7245694702e+00 1.0598173135e+01 1.7287442479e+00 2.5949681811e+07 1.1268454534e-03 5.2131346332e-05 7.8252861946e+02 1.1997211077e+08 7.2672886045e-02
7.7744035650e+00 1.0683149257e+01 1.6840491229e+00 2.6007390579e+07 1.1382669025e-03 3.2273584510e-04 4.9841284694e+03 1.1996581695e+08 7.3427158608e-02
7.8242376599e+00 1.0766149184e+01 1.6466451164e+00 2.6067446439e+07 1.1482739799e-03 -7.3687901599e-05 -1.1665266602e+03 1.1996225024e+08 7.4158694112e-02
7.8740717548e+00 1.0847063774e+01 1.5994629778e+00 2.6121391889e+07 1.1191680697e-03 -1.0635119374e-03 -1.7368587133e+04 1.1996999511e+08 7.4885183096e-02
7.9239058496e+00 1.0925556909e+01 1.5517747812e+00 2.6175694192e+07 1.0640328859e-03 -8.5395349341e-04 -1.4404684087e+04 1.1997353524e+08 7.5634167074e-02
7.9737399445e+00 1.1001704822e+01 1.5037848875e+00 2.6229235771e+07 1.0438300523e-03 -1.1874996712e-04 -2.0712542806e+03 1.1996882920e+08 7.6403274678e-02
8.0235740394e+00 1.1075420744e+01 1.4561513303e+00 2.6288019792e+07 1.0314966397e-03 -4.5904648116e-04 -8.2872038994e+03 1.1997645534e+08 7.7201380848e-02
8.0734081342e+00 1.1146960647e+01 1.4158713078e+00 2.6350589786e+07 1.0081328607e-03 -3.2414379983e-04 -6.0325965036e+03 1.1997128603e+08 7.8012896904e-02
8.1232422291e+00 1.1216511740e+01 1.3750277622e+00 2.6411784721e+07 1.0027563087e-03 2.0806944174e-05 3.9966358887e+02 1.1996365756e+08 7.8829748931e-02
8.1730763240e+00 1.1283950523e+01 1.3320206163e+00 2.6475481340e+07 9.9896765914e-04 -1.8434310815e-04 -3.6640367725e+03 1.1997045949e+08 7.9666107689e-02
8.2229104188e+00 1.1349386843e+01 1.2961131741e+00 2.6546596745e+07 1.0002881601e-03 4.0034202310e-04 8.1996838391e+03 1.1997860163e+08 8.0517148288e-02
8.2727445137e+00 1.1413194276e+01 1.2638703318e+00 2.6616106499e+07 1.0319557017e-03 6.1712775323e-04 1.2996220886e+04 1.1997241594e+08 8.1359828494e-02
8.3225786085e+00 1.1475166610e+01 1.2223337655e+00 2.6677344258e+07 1.0438198176e-03 -1.3783659815e-04 -3.0082735861e+03 1.1996569603e+08 8.2217060450e-02
8.3724127034e+00 1.1535034495e+01 1.1816645292e+00 2.6744431245e+07 1.0313472081e-03 -2.1488410847e-04 -4.8634389226e+03 1.1996675745e+08 8.3112875855e-02
8.4222467983e+00 1.1592995694e+01 1.1446729296e+00 2.6816771178e+07 1.0261256298e-03 -5.9770934648e-05 -1.4002807580e+03 1.1996709372e+08 8.4033419152e-02
8.4720808931e+00 1.1649096841e+01 1.1072529070e+00 2.6890885928e+07 1.0184900440e-03 -2.6475825063e-04 -6.4299527878e+03 1.1996982419e+08 8.4978637704e-02
8.5219149880e+00 1.1703381912e+01 1.0717502408e+00 2.6967966523e+07 1.0028526214e-03 -3.1140861883e-04 -7.8358342157e+03 1.1996916223e+08 8.5948399663e-02
8.5717490829e+00 1.1755881234e+01 1.0350859195e+00 2.7045871287e+07 9.9109147346e-04 -1.5223254403e-04 -3.9777005116e+03 1.1997017814e+08 8.6944123178e-02
8.6215831777e+00 1.1806554520e+01 9.9950315551e-01 2.7128298231e+07 9.8664977868e-04 -3.6952176256e-05 -1.0029479669e+03 1.1997457330e+08 8.7972884472e-02
8.6714172726e+00 1.1855554277e+01 9.6739462581e-01 2.7215678594e+07 9.8773176037e-04 7.8752737181e-05 2.2155479535e+03 1.1997621519e+08 8.9024729580e-02
8.7212513675e+00 1.1902942774e+01 9.3432443662e-01 2.7303765187e+07 9.9193453422e-04 5.6974801174e-05 1.6649747474e+03 1.1998053716e+08 9.0098718534e-02
8.7710854623e+00 1.1948656899e+01 9.0060589076e-01 2.7392878101e+07 9.9308230410e-04 1.7965986039e-05 5.4645441537e+02 1.1998274262e+08 9.1205008210e-02
8.8209195572e+00 1.1992699573e+01 8.6710337360e-01 2.7484872510e+07 9.9746008316e-04 1.8586854728e-04 5.8915389803e+03 1.1998477650e+08 9.2347170990e-02
8.8707536520e+00 1.2035058204e+01 8.3288927849e-01 2.7576980997e+07 1.0119854012e-03 3.6927373598e-04 1.2226660929e+04 1.1997818101e+08 9.3530322102e-02
8.9205877469e+00 1.2075667902e+01 7.9661571080e-01 2.7669556964e+07 1.0298096824e-03 3.0098501972e-04 1.0454378486e+04 1.1996928312e+08 9.4764647119e-02
8.9704218418e+00 1.2114399872e+01 7.5782465079e-01 2.7765273091e+07 1.0399092605e-03 1.1806397280e-04 4.3256424076e+03 1.1996697120e+08 9.6066563887e-02
9.0202559366e+00 1.2151199303e+01 7.1962807080e-01 2.7869166083e+07 1.0446460057e-03 9.9392698389e-05 3.8491989559e+03 1.1996973083e+08 9.7444836848e-02
9.0700900315e+00 1.2186148887e+01 6.8344768000e-01 2.7982130643e+07 1.0501441791e-03 1.0393948699e-04 4.2555537009e+03 1.1997391414e+08 9.8894549874e-02
9.1199241264e+00 1.2219310107e+01 6.4741502486e-01 2.8099851377e+07 1.0531396475e-03 8.9573566132e-06 3.8877749187e+02 1.1997590713e+08 1.0041391914e-01
9.1697582212e+00 1.2250619051e+01 6.0871552327e-01 2.8219097653e+07 1.0515232312e-03 -6.1466969336e-05 -2.8495123647e+03 1.1998067699e+08 1.0201538669e-01
9.2195923161e+00 1.2279915633e+01 5.6698069482e-01 2.8339742680e+07 1.0483203446e-03 -5.2564026268e-05 -2.6273398587e+03 1.1998541831e+08 1.0372251162e-01
9.2694264110e+00 1.2307108655e+01 5.2462841522e-01 2.8464792208e+07 1.0475653778e-03 2.6595315541e-05 1.4429834691e+03 1.1998042642e+08 1.0555165806e-01
9.3192605058e+00 1.2332186208e+01 4.8184812668e-01 2.8595624137e+07 1.0503202355e-03 7.0737668105e-05 4.1979778636e+03 1.1997152652e+08 1.0751117578e-01
9.3690946007e+00 1.2355095992e+01 4.3771261109e-01 2.8732716474e+07 1.0536485522e-03 5.8388873294e-05 3.8328138123e+03 1.1997141468e+08 1.0961564642e-01
9.4189286956e+00 1.2375812952e+01 3.9431560822e-01 2.8879643888e+07 1.0560341336e-03 3.8938652724e-05 2.8518638388e+03 1.1997524358e+08 1.1187766763e-01
9.4687627904e+00 1.2394416924e+01 3.5273801749e-01 2.9035702837e+07 1.0578343783e-03 3.6532548255e-05 3.0071842625e+03 1.1997301480e+08 1.1429809243e-01
9.5185968853e+00 1.2410961354e+01 3.1146445194e-01 2.9196097689e+07 1.0597851397e-03 4.0704066423e-05 3.8155233839e+03 1.1997198183e+08 1.1688249004e-01
9.5684309801e+00 1.2425456061e+01 2.7067769213e-01 2.9359000151e+07 1.0617250161e-03 3.5983759103e-05 3.9029710229e+03 1.1997273548e+08 1.1964339166e-01
9.6182650750e+00 1.2437949675e+01 2.3113096231e-01 2.9522524305e+07 1.0634102482e-03 3.3484373152e-05 4.2769831023e+03 1.1997165158e+08 1.2258914582e-01
9.6680991699e+00 1.2448494167e+01 1.9243815008e-01 2.9680557494e+07 1.0652171128e-03 3.9170291220e-05 6.0414012511e+03 1.1997723581e+08 1.2572811467e-01
9.7179332647e+00 1.2457153225e+01 1.5585640020e-01 2.9830219509e+07 1.0672025936e-03 3.9065160192e-05 7.4768973374e+03 1.1998741240e+08 1.2906393340e-01
9.7677673596e+00 1.2464093807e+01 1.2376867933e-01 2.9974022698e+07 1.0690378781e-03 3.4618665532e-05 8.3838712027e+03 1.1999108837e+08 1.3256061635e-01
9.8176014545e+00 1.2469581834e+01 9.7783956776e-02 3.0110196351e+07 1.0706813428e-03 3.1695678734e-05 9.7599150377e+03 1.1999095049e+08 1.3605137843e-01
9.8674355493e+00 1.2473956453e+01 7.9093284115e-02 3.0234466113e+07 1.0722244967e-03 3.0522369992e-05 1.1667584316e+04 1.1998918941e+08 1.3920947288e-01
9.9172696442e+00 1.2477562164e+01 6.6488024423e-02 3.0349207434e+07 1.0737554168e-03 3.1230664060e-05 1.4255588282e+04 1.1998529767e+08 1.4190755377e-01
