# TPV104 station: x2_9_x3_7.5 (along_strike=9000, down_dip=7500)
# Columns (SCEC TPV104 trace layout): t  h-slip  h-slip-rate  h-shear-stress  v-slip  v-slip-rate  v-shear-stress  n-stress  psi
# BP5 convention: h = strike = component 2, v = dip = component 1.  TPV104 is pure strike-slip so v-slip / v-slip-rate / v-shear-stress ≈ 0.
0.0000000000e+00 0.0000000000e+00 1.0000000000e-16 4.0000000000e+07 0.0000000000e+00 0.0000000000e+00 0.0000000000e+00 1.2000000000e+08 5.6359184263e-01
2.8476625637e-04 2.8476625637e-20 1.0000000000e-16 4.0000000000e+07 0.0000000000e+00 0.0000000000e+00 0.0000000000e+00 1.2000000000e+08 5.6359184263e-01
5.0118861120e-02 5.0118861120e-18 1.0000000000e-16 4.0000000000e+07 -4.0677733401e-37 -1.8708316644e-35 -7.4833266574e-12 1.2000000000e+08 5.6359184263e-01
9.9952955984e-02 9.9952955984e-18 1.0000000000e-16 4.0000000000e+07 -4.2720280922e-37 6.0245424823e-36 2.4098169929e-12 1.2000000000e+08 5.6359184263e-01
1.4978705085e-01 1.4978705085e-17 1.0000000000e-16 4.0000000000e+07 -3.4104348124e-37 -1.0572088619e-36 -4.2288354476e-13 1.2000000000e+08 5.6359184263e-01
1.9962114571e-01 1.9962114571e-17 1.0000000000e-16 4.0000000000e+07 -4.5087329030e-37 2.5200940564e-36 1.0080376226e-12 1.2000000000e+08 5.6359184263e-01
2.4945524058e-01 2.4945524058e-17 1.0000000000e-16 4.0000000000e+07 -4.4558123993e-37 -6.4753376627e-36 -2.5901350651e-12 1.2000000000e+08 5.6359184263e-01
2.9928933544e-01 2.9928933544e-17 1.0000000000e-16 4.0000000000e+07 -4.5691115959e-37 3.8465077089e-37 1.5386030836e-13 1.2000000000e+08 5.6359184263e-01
3.4912343030e-01 3.4912343030e-17 1.0000000000e-16 4.0000000000e+07 -4.4631961097e-37 -1.2430242334e-36 -4.9720969336e-13 1.2000000000e+08 5.6359184263e-01
3.9895752517e-01 3.9895752517e-17 1.0000000000e-16 4.0000000000e+07 -6.1119255975e-37 -4.3989220105e-37 -1.7595688042e-13 1.2000000000e+08 5.6359184263e-01
4.4879162003e-01 4.4879162003e-17 1.0000000000e-16 4.0000000000e+07 -4.8502537284e-37 3.2562932964e-36 1.3025173186e-12 1.2000000000e+08 5.6359184263e-01
4.9862571490e-01 4.9862571490e-17 1.0000000000e-16 4.0000000000e+07 -4.6397030876e-37 -8.9404489410e-37 -3.5761795764e-13 1.2000000000e+08 5.6359184263e-01
5.4845980976e-01 5.4845980976e-17 1.0000000000e-16 4.0000000000e+07 -4.8657780208e-37 -1.7077368289e-37 -6.8309473155e-14 1.2000000000e+08 5.6359184263e-01
5.9829390462e-01 5.9829390462e-17 1.0000000000e-16 4.0000000000e+07 -5.0403176945e-37 -7.6453515772e-37 -3.0581406309e-13 1.2000000000e+08 5.6359184263e-01
6.4812799949e-01 6.4812799949e-17 1.0000000000e-16 4.0000000000e+07 -5.2501731543e-37 3.4463002078e-37 1.3785200831e-13 1.2000000000e+08 5.6359184263e-01
6.9796209435e-01 6.9796209435e-17 1.0000000000e-16 4.0000000000e+07 -4.8922393236e-37 8.0934842415e-37 3.2373936966e-13 1.2000000000e+08 5.6359184263e-01
7.4779618922e-01 7.4779618922e-17 1.0000000000e-16 4.0000000000e+07 -4.5467192194e-37 4.4228693305e-37 1.7691477322e-13 1.2000000000e+08 5.6359184263e-01
7.9763028408e-01 7.9763028408e-17 1.0000000000e-16 4.0000000000e+07 -4.6758079406e-37 -7.2315061163e-37 -2.8926024465e-13 1.2000000000e+08 5.6359184263e-01
8.4746437894e-01 8.4746437894e-17 1.0000000000e-16 4.0000000000e+07 -4.8103106461e-37 3.8793664998e-37 1.5517465999e-13 1.2000000000e+08 5.6359184263e-01
8.9729847381e-01 8.9729847381e-17 1.0000000000e-16 4.0000000000e+07 -4.4716155875e-37 6.7507880096e-37 2.7003152038e-13 1.2000000000e+08 5.6359184263e-01
9.4713256867e-01 9.4713256867e-17 1.0000000000e-16 4.0000000000e+07 -4.3211734409e-37 -1.1397061716e-37 -4.5588246863e-14 1.2000000000e+08 5.6359184263e-01
9.9696666354e-01 9.9696666354e-17 1.0000000000e-16 4.0000000000e+07 -4.5242119335e-37 -5.1292712877e-37 -2.0517085151e-13 1.2000000000e+08 5.6359184263e-01
1.0468007584e+00 1.0468007584e-16 1.0000000000e-16 4.0000000000e+07 -4.6144526134e-37 2.4265450853e-37 9.7061803413e-14 1.2000000000e+08 5.6359184263e-01
1.0966348533e+00 1.0966348533e-16 1.0000000000e-16 4.0000000000e+07 -4.4180131029e-37 3.0197690443e-37 1.2079076177e-13 1.2000000000e+08 5.6359184263e-01
1.1464689481e+00 1.1464689481e-16 1.0000000000e-16 4.0000000000e+07 -4.4445574722e-37 -3.9226287245e-37 -1.5690514898e-13 1.2000000000e+08 5.6359184263e-01
1.1963030430e+00 1.1963030430e-16 1.0000000000e-16 4.0000000000e+07 -4.6916814786e-37 -4.1798007755e-37 -1.6719203102e-13 1.2000000000e+08 5.6359184263e-01
1.2461371379e+00 1.2461371379e-16 1.0000000000e-16 4.0000000000e+07 -4.7061843360e-37 4.1618671201e-37 1.6647468481e-13 1.2000000000e+08 5.6359184263e-01
1.2959712327e+00 1.2959712327e-16 1.0000000000e-16 4.0000000000e+07 -4.3658998216e-37 7.1861500143e-37 2.8744600057e-13 1.2000000000e+08 5.6359184263e-01
1.3458053276e+00 1.3458053276e-16 1.0000000000e-16 4.0000000000e+07 -4.2295835701e-37 -3.0408090506e-37 -1.2163236202e-13 1.2000000000e+08 5.6359184263e-01
1.3956394224e+00 1.3956394224e-16 1.0000000000e-16 4.0000000000e+07 -4.6947031230e-37 -1.5993402204e-36 -6.3973608817e-13 1.2000000000e+08 5.6359184263e-01
1.4454735173e+00 1.4454735173e-16 1.0000000000e-16 4.0000000000e+07 -6.3359225923e-37 -6.4911331862e-36 -2.5964532745e-12 1.2000000000e+08 5.6359184263e-01
1.4953076122e+00 1.4953076122e-16 1.0000000000e-16 4.0000000000e+07 -1.6461213829e-36 -4.8105354441e-35 -1.9242141776e-11 1.2000000000e+08 5.6359184263e-01
1.5451417070e+00 1.5451417070e-16 1.0000000000e-16 4.0000000000e+07 -1.0420746716e-35 -4.3355158210e-34 -1.7342063284e-10 1.2000000000e+08 5.6359184263e-01
1.5949758019e+00 1.5949758019e-16 1.0000000000e-16 4.0000000000e+07 -8.6155980662e-35 -3.6907953229e-33 -1.4763181292e-09 1.2000000000e+08 5.6359184263e-01
1.6448098968e+00 1.6448098968e-16 1.0000000000e-16 4.0000000000e+07 -7.5929555844e-34 -3.2727940563e-32 -1.3091176225e-08 1.2000000000e+08 5.6359184263e-01
1.6946439916e+00 1.6946439916e-16 1.0000000000e-16 4.0000000000e+07 -8.1273834239e-33 -3.9649472507e-31 -1.5859789003e-07 1.2000000000e+08 5.6359184263e-01
1.7444780865e+00 1.7444780865e-16 1.0000000000e-16 4.0000000000e+07 -9.3356013256e-32 -4.9228164429e-30 -1.9691265771e-06 1.2000000000e+08 5.6359184263e-01
1.7943121814e+00 1.7943121814e-16 1.0000000005e-16 4.0000000001e+07 -1.2109393395e-30 -5.7619986261e-29 -2.3047994494e-05 1.2000000000e+08 5.6359184263e-01
1.8441462762e+00 1.8441462763e-16 1.0000000052e-16 4.0000000006e+07 -1.3522033235e-29 -6.3732621846e-28 -2.5493048609e-04 1.2000000000e+08 5.6359184263e-01
1.8939803711e+00 1.8939803723e-16 1.0000000545e-16 4.0000000066e+07 -1.1592751248e-28 -4.6341738992e-27 -1.8536694616e-03 1.2000000000e+08 5.6359184263e-01
1.9438144660e+00 1.9438144766e-16 1.0000004487e-16 4.0000000540e+07 -8.0642942200e-28 -2.9273099322e-26 -1.1709234633e-02 1.2000000001e+08 5.6359184263e-01
1.9936485608e+00 1.9936486393e-16 1.0000029265e-16 4.0000003514e+07 -4.1599916314e-27 -1.2563119355e-25 -5.0252334773e-02 1.2000000001e+08 5.6359184263e-01
2.0434826557e+00 2.0434831087e-16 1.0000149666e-16 4.0000017982e+07 -1.7951082526e-26 -4.9835766838e-25 -1.9934017352e-01 1.2000000007e+08 5.6359184263e-01
2.0933167505e+00 2.0933189188e-16 1.0000638687e-16 4.0000076843e+07 -6.0668890944e-26 -1.2464953593e-24 -4.9856725874e-01 1.2000000061e+08 5.6359184263e-01
2.1431508454e+00 2.1431593397e-16 1.0002120735e-16 4.0000255207e+07 -1.4079066207e-25 -1.9405856747e-24 -7.7607463750e-01 1.2000000224e+08 5.6359184263e-01
2.1929849403e+00 2.1930111490e-16 1.0005349564e-16 4.0000641339e+07 -2.8463061003e-25 -4.4785520822e-24 -1.7904917205e+00 1.1999999869e+08 5.6359184263e-01
2.2428190351e+00 2.2428869582e-16 1.0012135415e-16 4.0001467229e+07 -6.0645349378e-25 -7.2243055116e-24 -2.8863255259e+00 1.2000003559e+08 5.6359184263e-01
2.2926531300e+00 2.2928061684e-16 1.0021954973e-16 4.0002600767e+07 -6.1504366416e-25 2.1291596196e-24 8.4985337156e-01 1.1999990718e+08 5.6359184263e-01
2.3424872249e+00 2.3427783795e-16 1.0038417669e-16 4.0004608228e+07 -5.5369477912e-24 -2.7996914151e-22 -1.1157192489e+02 1.2000002082e+08 5.6359184263e-01
2.3923213197e+00 2.3931035532e-16 1.0212669041e-16 4.0025592518e+07 -2.9206282203e-23 -5.7503166156e-22 -2.2536697193e+02 1.2000101880e+08 5.6359184263e-01
2.4421554146e+00 2.4454585611e-16 1.0906404318e-16 4.0103973237e+07 -5.4450907841e-23 -4.2387682255e-22 -1.5586387825e+02 1.1999956657e+08 5.6359184263e-01
2.4919895095e+00 2.5029509349e-16 1.2259500946e-16 4.0245049075e+07 -7.4232108784e-23 -4.3443340110e-22 -1.4261423547e+02 1.2000175841e+08 5.6359184263e-01
2.5418236043e+00 2.5684861865e-16 1.4093242138e-16 4.0412574997e+07 -1.1563609496e-22 -1.5343111523e-21 -4.3996593478e+02 1.2000250213e+08 5.6359184263e-01
2.5916576992e+00 2.6440699062e-16 1.6299469444e-16 4.0586777164e+07 -2.5670523879e-22 -4.1888328107e-21 -1.0430475940e+03 1.2000153812e+08 5.6359184263e-01
2.6414917940e+00 2.7319723530e-16 1.9089423264e-16 4.0776412632e+07 -5.0988225487e-22 -5.5605970291e-21 -1.1877844386e+03 1.2000162875e+08 5.6359184263e-01
2.6913258889e+00 2.8360083375e-16 2.2829790632e-16 4.0990782849e+07 -7.8809567520e-22 -5.7422635492e-21 -1.0310207483e+03 1.2000060138e+08 5.6359184263e-01
2.7411599838e+00 2.9618061859e-16 2.7889113125e-16 4.1231853921e+07 -1.1352523778e-21 -8.8312524591e-21 -1.3056310170e+03 1.2000312108e+08 5.6359184263e-01
2.7909940786e+00 3.1174803247e-16 3.4969507736e-16 4.1504232545e+07 -1.7114359525e-21 -1.4507949309e-20 -1.7219038553e+03 1.2000567561e+08 5.6359184263e-01
2.8408281735e+00 3.3157326731e-16 4.5147616735e-16 4.1809801254e+07 -2.6245322729e-21 -2.2401668538e-20 -2.0745487294e+03 1.2000280828e+08 5.6359184263e-01
2.8906622684e+00 3.5751350510e-16 5.9799557789e-16 4.2146908391e+07 -3.9306818994e-21 -2.9931519882e-20 -2.1095825339e+03 1.2000231376e+08 5.6359184263e-01
2.9404963632e+00 3.9247702763e-16 8.2052059189e-16 4.2527023257e+07 -5.7484457954e-21 -4.6153035558e-20 -2.3920803889e+03 1.2000367045e+08 5.6359184263e-01
2.9903304581e+00 4.4146707378e-16 1.1679594468e-15 4.2952836481e+07 -8.9489379825e-21 -8.7992365452e-20 -3.2360042081e+03 1.2000956854e+08 5.6359184263e-01
3.0401645530e+00 5.1133983690e-16 1.6556856327e-15 4.3368949266e+07 -1.5458596696e-20 -1.7779066479e-19 -4.6570400619e+03 1.2000218360e+08 5.6359184263e-01
3.0899986478e+00 6.1071059895e-16 2.4181782702e-15 4.3825615807e+07 -2.5477892462e-20 -1.9453467947e-19 -3.5256301111e+03 1.2000793140e+08 5.6359184263e-01
3.1398327427e+00 7.7398324109e-16 4.5203363887e-15 4.4582419455e+07 -3.0841337621e-20 1.2943768828e-20 1.2765964336e+02 1.2002426644e+08 5.6359184263e-01
3.1896668376e+00 1.1222924644e-15 1.0031868394e-14 4.5537411917e+07 -3.1980619956e-20 -4.1463053914e-19 -1.8821221444e+03 1.2001947622e+08 5.6359184263e-01
3.2395009324e+00 1.7454833433e-15 1.3218253009e-14 4.5851235123e+07 -1.3845037984e-19 -4.1909024888e-18 -1.4537326170e+04 1.1997440138e+08 5.6359184263e-01
3.2893350273e+00 2.2384243245e-15 5.8593526789e-15 4.4858146797e+07 -3.6545382651e-19 -3.6104450574e-18 -2.7640915860e+04 1.1992890061e+08 5.6359184263e-01
3.3391691221e+00 2.3901204721e-15 1.2446207119e-15 4.3000880533e+07 -4.6576113439e-19 -8.4728486911e-19 -2.9273171405e+04 1.1993080723e+08 5.6359184263e-01
3.3890032170e+00 2.4220347188e-15 3.0848495239e-16 4.1341933802e+07 -4.8616763933e-19 -1.6887735616e-19 -2.2632275658e+04 1.1997137642e+08 5.6359184263e-01
3.4388373119e+00 2.4323859960e-15 1.5231562265e-16 4.0507869418e+07 -4.9097557835e-19 -5.5483548285e-20 -1.4755678305e+04 1.2000868176e+08 5.6359184263e-01
3.4886714067e+00 2.4393587043e-15 1.3816972902e-16 4.0396312571e+07 -4.9311225280e-19 -3.6785590938e-20 -1.0754904422e+04 1.2002477598e+08 5.6359184263e-01
3.5385055016e+00 2.4467658638e-15 1.6185601211e-16 4.0587513183e+07 -4.9499682975e-19 -4.1504552342e-20 -1.0407809654e+04 1.2002859733e+08 5.6359184263e-01
3.5883395965e+00 2.4555459385e-15 1.8921731991e-16 4.0774101147e+07 -4.9731845787e-19 -5.0168286796e-20 -1.0810674209e+04 1.2002599662e+08 5.6359184263e-01
3.6381736913e+00 2.4655595389e-15 2.1346657188e-16 4.0915409101e+07 -4.9987970918e-19 -5.1937195370e-20 -9.9548682373e+03 1.2001595171e+08 5.6359184263e-01
3.6880077862e+00 2.4771460397e-15 2.5637155879e-16 4.1136045673e+07 -5.0284642289e-19 -7.3580354345e-20 -1.1806320605e+04 1.2001837557e+08 5.6359184263e-01
3.7378418811e+00 2.4917792165e-15 3.3872213592e-16 4.1470399496e+07 -5.0802857615e-19 -1.4020322188e-19 -1.7165348837e+04 1.2001849613e+08 5.6359184263e-01
3.7876759759e+00 2.5120700098e-15 4.9143252153e-16 4.1918698699e+07 -5.1787052541e-19 -2.7697537323e-19 -2.3625720132e+04 1.2002324899e+08 5.6359184263e-01
3.8375100708e+00 2.5434294353e-15 8.0163686734e-16 4.2501509744e+07 -5.4030588553e-19 -6.8991243758e-19 -3.6578058449e+04 1.2001056732e+08 5.6359184263e-01
3.8873441656e+00 2.5969776160e-15 1.4098108576e-15 4.3178514980e+07 -5.9206135166e-19 -1.4217581479e-18 -4.3544426655e+04 1.2000913733e+08 5.6359184263e-01
3.9371782605e+00 2.6935547061e-15 2.5923619108e-15 4.3912843954e+07 -6.9327052512e-19 -2.9675826828e-18 -5.0268828101e+04 1.2001827502e+08 5.6359184263e-01
3.9870123554e+00 2.8753128153e-15 4.9653033655e-15 4.4692957932e+07 -9.6114697693e-19 -8.9730722140e-18 -8.0767097086e+04 1.2001868385e+08 5.6359184263e-01
4.0368464502e+00 3.2295843428e-15 9.7699999524e-15 4.5498172957e+07 -1.7595160554e-18 -2.4623785457e-17 -1.1467116224e+05 1.2000008383e+08 5.6359184263e-01
4.0866805451e+00 3.9224849028e-15 1.8953732205e-14 4.6279624525e+07 -3.5527855134e-18 -4.8265571255e-17 -1.1785080062e+05 1.1996440332e+08 5.6359184263e-01
4.1365146400e+00 5.2818657918e-15 3.8584037455e-14 4.7142751448e+07 -6.9678452313e-18 -1.0017732835e-16 -1.2239867061e+05 1.1999083148e+08 5.6359184263e-01
4.1863487348e+00 8.4826144224e-15 1.0421226231e-13 4.8330108519e+07 -1.7142546736e-17 -3.8730492567e-16 -1.7961887280e+05 1.1997918725e+08 5.6359184263e-01
4.2361828297e+00 1.9190328923e-14 3.9145638359e-13 4.9882905706e+07 -6.9574117819e-17 -2.1844446309e-15 -2.7836165180e+05 1.1989595841e+08 5.6359184263e-01
4.2860169246e+00 5.9367568293e-14 1.5076316938e-12 5.1467901944e+07 -3.4900693090e-16 -1.1257118192e-14 -3.8429827238e+05 1.1982364198e+08 5.6359184263e-01
4.3358510194e+00 3.5543142254e-13 1.8272671979e-11 5.4431785617e+07 -1.9407830421e-15 -8.4337612885e-14 -2.5123019060e+05 1.1976557558e+08 5.6359184263e-01
4.3856851143e+00 1.6760890100e-11 1.9396095217e-09 6.0126373196e+07 -6.7845619076e-14 -8.3783268274e-12 -2.5972155732e+05 1.1998049275e+08 5.6359184264e-01
4.4355192092e+00 1.4757526532e-06 5.1604453047e-04 7.5037426793e+07 -1.9100206235e-08 -6.9050444922e-06 -1.0040543790e+06 1.1986837872e+08 5.6359170612e-01
4.4853533040e+00 8.9491769495e-02 5.3132602598e+00 7.5514517227e+07 -9.4166108577e-04 -4.7611859364e-02 -6.7668181086e+05 1.2179959786e+08 4.6359541529e-01
4.5351873989e+00 4.5506733750e-01 7.2657784787e+00 4.5297705941e+07 -2.6403025161e-03 -1.9158467060e-02 -1.1944137985e+05 1.2163254695e+08 2.1356312455e-01
4.5850214937e+00 7.4573338518e-01 5.2724393422e+00 3.4026788691e+07 -5.3202978836e-03 -8.0030031878e-02 -5.1649052876e+05 1.1970672660e+08 1.2921103986e-01
4.6348555886e+00 9.8332183024e-01 4.2143775660e+00 2.9373905148e+07 -8.6415415988e-03 -5.2410355781e-02 -3.6529636830e+05 1.1847371532e+08 9.5294746983e-02
4.6846896835e+00 1.1658413484e+00 3.2395815022e+00 2.7573311239e+07 -9.1332329072e-03 -8.2221902160e-04 -6.9982190518e+03 1.1900377594e+08 8.1742757198e-02
4.7345237783e+00 1.3200787792e+00 2.9049334827e+00 2.6738793041e+07 -1.0229383259e-02 -3.2409944421e-02 -2.9832104642e+05 1.1930175458e+08 7.5295860284e-02
4.7843578732e+00 1.4545690586e+00 2.5901403562e+00 2.6303482862e+07 -1.2677900287e-02 -6.0686380923e-02 -6.1628443290e+05 1.1963188369e+08 7.2243064585e-02
4.8341919681e+00 1.5809609370e+00 2.4391276185e+00 2.6082611158e+07 -1.4413075587e-02 -1.4339220985e-02 -1.5333528366e+05 1.1984865980e+08 7.0555312421e-02
4.8840260629e+00 1.6958382307e+00 2.1990062618e+00 2.5908696284e+07 -1.5553847597e-02 -3.5072594948e-02 -4.1322538558e+05 1.1993825577e+08 7.0007189012e-02
4.9338601578e+00 1.8035605926e+00 2.1410004410e+00 2.5918171375e+07 -1.7471261193e-02 -3.7980637366e-02 -4.5977975966e+05 1.2014293702e+08 6.9992627104e-02
4.9836942527e+00 1.9051621906e+00 1.9135637773e+00 2.5831312413e+07 -1.8755545333e-02 -9.8493779555e-03 -1.3295734485e+05 1.2015676846e+08 7.0341965562e-02
5.0335283475e+00 1.9973769465e+00 1.8049090243e+00 2.5848984641e+07 -1.9220186551e-02 -1.8464258337e-02 -2.6443567168e+05 1.2012510637e+08 7.1139238846e-02
5.0833624424e+00 2.0833746583e+00 1.6580337459e+00 2.5886740413e+07 -2.0375286721e-02 -2.1284886652e-02 -3.3231913213e+05 1.2022311795e+08 7.2134258281e-02
5.1331965372e+00 2.1652192348e+00 1.6433520987e+00 2.5993470508e+07 -2.1074082554e-02 -8.8802104443e-03 -1.4046137067e+05 1.2017957798e+08 7.3174444474e-02
5.1830306321e+00 2.2453752234e+00 1.5464992826e+00 2.6034630644e+07 -2.1500478732e-02 -8.4281768861e-03 -1.4188462594e+05 1.2017674289e+08 7.4130300738e-02
5.2328647270e+00 2.3199763897e+00 1.4839464724e+00 2.6117680226e+07 -2.1910185496e-02 -7.7750040295e-03 -1.3684123570e+05 1.2016416619e+08 7.5256773003e-02
5.2826988218e+00 2.3929727478e+00 1.4116948696e+00 2.6168704344e+07 -2.2254811901e-02 -6.4738529116e-03 -1.2000634589e+05 1.2010065589e+08 7.6295399830e-02
5.3325329167e+00 2.4607440004e+00 1.3466197991e+00 2.6262101559e+07 -2.2505906915e-02 -3.3099237056e-03 -6.4550924150e+04 1.2012217252e+08 7.7504403881e-02
5.3823670116e+00 2.5282392869e+00 1.3342614241e+00 2.6381938526e+07 -2.2691703353e-02 -4.7813587971e-03 -9.4540328883e+04 1.2015139967e+08 7.8540786682e-02
5.4322011064e+00 2.5934052682e+00 1.2998736574e+00 2.6461622331e+07 -2.2929725172e-02 -4.5106795770e-03 -9.1824231333e+04 1.2008841642e+08 7.9580284890e-02
5.4820352013e+00 2.6576979532e+00 1.2650261717e+00 2.6531906128e+07 -2.3181742237e-02 -5.6693187310e-03 -1.1890491734e+05 1.2004043126e+08 8.0526370037e-02
5.5318692962e+00 2.7186297748e+00 1.1949860900e+00 2.6592587839e+07 -2.3433478923e-02 -4.0635716541e-03 -9.0428572397e+04 1.2005131603e+08 8.1581133883e-02
5.5817033910e+00 2.7783200907e+00 1.1980089291e+00 2.6722891832e+07 -2.3610989035e-02 -3.5298076710e-03 -7.8736198276e+04 1.2008584798e+08 8.2576044707e-02
5.6315374859e+00 2.8368763987e+00 1.1551631365e+00 2.6787552535e+07 -2.3804090092e-02 -4.2557488543e-03 -9.8688308524e+04 1.2006201870e+08 8.3523707890e-02
5.6813715808e+00 2.8950901441e+00 1.1835769318e+00 2.6912950713e+07 -2.4020254030e-02 -3.8541226729e-03 -8.7637576193e+04 1.2003986626e+08 8.4364824755e-02
5.7312056756e+00 2.9533113962e+00 1.1445769598e+00 2.6959172735e+07 -2.4160689418e-02 -2.1697255708e-03 -5.1105350278e+04 1.2003385634e+08 8.5095794619e-02
5.7810397705e+00 3.0095237173e+00 1.1046124331e+00 2.7012993109e+07 -2.4322841815e-02 -5.3847322617e-03 -1.3168214581e+05 1.2003887269e+08 8.5892704483e-02
5.8308738653e+00 3.0616233245e+00 9.8329458110e-01 2.6992829182e+07 -2.4731868006e-02 -1.0698611022e-02 -2.9369202817e+05 1.2002177493e+08 8.6932617151e-02
5.8807079602e+00 3.1083469885e+00 8.9423469274e-01 2.7032535719e+07 -2.5394599280e-02 -1.6204626283e-02 -4.8986260806e+05 1.1998899678e+08 8.8298343332e-02
5.9305420551e+00 3.1501273473e+00 7.8178820849e-01 2.7063842896e+07 -2.6331594036e-02 -2.0778645839e-02 -7.1931246913e+05 1.1999178628e+08 8.9940531656e-02
5.9803761499e+00 3.1870861045e+00 7.1292590014e-01 2.7177102746e+07 -2.7419057826e-02 -2.2540308587e-02 -8.5924818029e+05 1.1998970642e+08 9.1843261146e-02
6.0302102448e+00 3.2219411505e+00 6.9356137955e-01 2.7371623463e+07 -2.8559061681e-02 -2.3008976616e-02 -9.0805668072e+05 1.1998099219e+08 9.3767736998e-02
6.0800443397e+00 3.2569358954e+00 7.1242053877e-01 2.7620257229e+07 -2.9673615207e-02 -2.1220865185e-02 -8.2272439259e+05 1.1999755528e+08 9.5516192749e-02
6.1298784345e+00 3.2926069574e+00 7.2108187618e-01 2.7830911356e+07 -3.0619492914e-02 -1.6326043394e-02 -6.3012076923e+05 1.2002700713e+08 9.7052094469e-02
6.1797125294e+00 3.3300308843e+00 7.9082824767e-01 2.8090280736e+07 -3.1272971319e-02 -9.6559546802e-03 -3.4298025968e+05 1.2001390043e+08 9.8272321665e-02
6.2295466243e+00 3.3712591943e+00 8.5668674988e-01 2.8273066771e+07 -3.1548674886e-02 -1.3609549422e-03 -4.4915332188e+04 1.2001386619e+08 9.8976561001e-02
6.2793807191e+00 3.4151993857e+00 9.0437588210e-01 2.8377857836e+07 -3.1418628841e-02 6.3210953693e-03 1.9834578664e+05 1.2001194730e+08 9.9315227496e-02
6.3292148140e+00 3.4607542359e+00 9.2038894317e-01 2.8413310792e+07 -3.0934812411e-02 1.3068945157e-02 4.0345117489e+05 1.2001739781e+08 9.9441079542e-02
6.3790489088e+00 3.5076155298e+00 9.6789342902e-01 2.8464466274e+07 -3.0089152040e-02 2.1021985645e-02 6.1822880853e+05 1.2001148368e+08 9.9404880703e-02
6.4288830037e+00 3.5569733079e+00 1.0057024942e+00 2.8465264379e+07 -2.8859687964e-02 2.7842362295e-02 7.8804637376e+05 1.1999515137e+08 9.9093028721e-02
6.4787170986e+00 3.6076467771e+00 1.0272711089e+00 2.8438420584e+07 -2.7340500215e-02 3.2906262210e-02 9.1095925556e+05 1.2000301661e+08 9.8670527324e-02
6.5285511934e+00 3.6592418471e+00 1.0464782465e+00 2.8402388607e+07 -2.5600238884e-02 3.6740765473e-02 9.9717839543e+05 1.2000926757e+08 9.8195629387e-02
6.5783852883e+00 3.7126230278e+00 1.0980281247e+00 2.8385276826e+07 -2.3684311660e-02 4.0128232149e-02 1.0373604760e+06 1.2001104771e+08 9.7578980438e-02
6.6282193832e+00 3.7683107451e+00 1.1336997989e+00 2.8323693202e+07 -2.1603337074e-02 4.3280291482e-02 1.0812895078e+06 1.1999603165e+08 9.6788533095e-02
6.6780534780e+00 3.8257960153e+00 1.1732521585e+00 2.8256678089e+07 -1.9391439064e-02 4.5026540382e-02 1.0844220041e+06 1.1998647254e+08 9.5906648780e-02
6.7278875729e+00 3.8846949926e+00 1.1860298167e+00 2.8164261285e+07 -1.7170770144e-02 4.3755831682e-02 1.0390553921e+06 1.1999687274e+08 9.4994981089e-02
6.7777216678e+00 3.9443926848e+00 1.2173012799e+00 2.8094327246e+07 -1.5033757485e-02 4.2126712875e-02 9.7225040082e+05 1.2000134071e+08 9.4124257162e-02
6.8275557626e+00 4.0063455093e+00 1.2680262908e+00 2.8024378052e+07 -1.2964758072e-02 4.0962469533e-02 9.0530278474e+05 1.1998704472e+08 9.3142652702e-02
6.8773898575e+00 4.0707913058e+00 1.3177213945e+00 2.7940303297e+07 -1.0956618567e-02 3.9375934693e-02 8.3490756278e+05 1.1998098349e+08 9.2051618831e-02
6.9272239524e+00 4.1373606428e+00 1.3510880358e+00 2.7840025138e+07 -9.0845192508e-03 3.5414654971e-02 7.2974140730e+05 1.1999503320e+08 9.0915443317e-02
6.9770580472e+00 4.2056564561e+00 1.3930316923e+00 2.7743950122e+07 -7.4298819571e-03 3.1249444594e-02 6.2237136236e+05 1.1999554970e+08 8.9787316912e-02
7.0268921421e+00 4.2764267391e+00 1.4493999913e+00 2.7651038870e+07 -5.9608644935e-03 2.7554701840e-02 5.2567692576e+05 1.1999397901e+08 8.8603101085e-02
7.0767262369e+00 4.3503454456e+00 1.5158058708e+00 2.7553496806e+07 -4.7137479633e-03 2.2302516672e-02 4.0540304912e+05 1.1999613193e+08 8.7321501860e-02
7.1265603318e+00 4.4271812573e+00 1.5645254384e+00 2.7430768246e+07 -3.7638714322e-03 1.5252911495e-02 2.6742874871e+05 1.1998154468e+08 8.5996878023e-02
7.1763944267e+00 4.5059675170e+00 1.5923669416e+00 2.7298587814e+07 -3.3306764023e-03 2.6980382826e-04 4.6253556929e+03 1.1996737729e+08 8.4735956832e-02
7.2262285215e+00 4.5856809609e+00 1.6113609649e+00 2.7173242953e+07 -3.9483834372e-03 -2.6858694305e-02 -4.5293254687e+05 1.1995716464e+08 8.3622673616e-02
7.2760626164e+00 4.6676753967e+00 1.6944924344e+00 2.7087583492e+07 -6.1840431085e-03 -6.3956585672e-02 -1.0223883678e+06 1.1996341185e+08 8.2516489428e-02
7.3258967113e+00 4.7567051254e+00 1.9017372036e+00 2.7029950863e+07 -1.0415916238e-02 -1.0577183610e-01 -1.5033662523e+06 1.1997494310e+08 8.1036199534e-02
7.3757308061e+00 4.8590909422e+00 2.2128221895e+00 2.6940021273e+07 -1.6604578854e-02 -1.3923109442e-01 -1.6950700618e+06 1.2000764966e+08 7.8797220187e-02
7.4255649010e+00 4.9771826152e+00 2.5163913589e+00 2.6763170236e+07 -2.3835556514e-02 -1.4550573473e-01 -1.5475314422e+06 1.2004272000e+08 7.5901847618e-02
7.4753989959e+00 5.1083146152e+00 2.7209420753e+00 2.6513033412e+07 -3.0585898950e-02 -1.2124923749e-01 -1.1814603162e+06 1.2005799817e+08 7.2863004478e-02
7.5252330907e+00 5.2459037292e+00 2.7782040873e+00 2.6242671915e+07 -3.5659958637e-02 -8.2016973758e-02 -7.7472513399e+05 1.2006150397e+08 7.0281940261e-02
7.5750671856e+00 5.3832207267e+00 2.7156414890e+00 2.6000005725e+07 -3.8828214541e-02 -4.6962394947e-02 -4.4962582227e+05 1.2003568695e+08 6.8479902777e-02
7.6249012804e+00 5.5153470067e+00 2.5818073711e+00 2.5816789490e+07 -4.0521576729e-02 -2.3131811005e-02 -2.3130660402e+05 1.2000534623e+08 6.7495007241e-02
7.6747353753e+00 5.6402275024e+00 2.4297541699e+00 2.5700768751e+07 -4.1322109233e-02 -1.0788331783e-02 -1.1411377489e+05 1.1998102950e+08 6.7175653909e-02
7.7245694702e+00 5.7575124973e+00 2.2799977517e+00 2.5640300922e+07 -4.1718506326e-02 -5.8964326655e-03 -6.6309849559e+04 1.1996317352e+08 6.7340609068e-02
7.7744035650e+00 5.8675957066e+00 2.1398278518e+00 2.5624487252e+07 -4.1953887230e-02 -3.8695022740e-03 -4.6337377844e+04 1.1996553019e+08 6.7840329615e-02
7.8242376599e+00 5.9710354428e+00 2.0181516064e+00 2.5644062568e+07 -4.2128553287e-02 -3.3179006806e-03 -4.2159594146e+04 1.1997674845e+08 6.8569880920e-02
7.8740717548e+00 6.0693165375e+00 1.9302584173e+00 2.5691103125e+07 -4.2294781705e-02 -3.4267460324e-03 -4.5608859886e+04 1.1997618738e+08 6.9408623070e-02
7.9239058496e+00 6.1635760292e+00 1.8553733455e+00 2.5751716378e+07 -4.2478848892e-02 -4.0347744428e-03 -5.6000786772e+04 1.1998994574e+08 7.0285194044e-02
7.9737399445e+00 6.2545132972e+00 1.7964431954e+00 2.5820099581e+07 -4.2699196167e-02 -4.7633297292e-03 -6.8462864988e+04 1.1999771385e+08 7.1164092592e-02
8.0235740394e+00 6.3426056854e+00 1.7385113789e+00 2.5884863916e+07 -4.2946042645e-02 -5.0651882602e-03 -7.5416077465e+04 1.1999937903e+08 7.2028729777e-02
8.0734081342e+00 6.4277730516e+00 1.6809528524e+00 2.5951234308e+07 -4.3203395525e-02 -5.3378748336e-03 -8.2408284273e+04 1.2001212671e+08 7.2895717610e-02
8.1232422291e+00 6.5102990915e+00 1.6331335845e+00 2.6018899225e+07 -4.3488926219e-02 -6.2040826428e-03 -9.8842741703e+04 1.2000790090e+08 7.3756119740e-02
8.1730763240e+00 6.5906331247e+00 1.5911710613e+00 2.6086506688e+07 -4.3824879714e-02 -7.2502504759e-03 -1.1886447167e+05 1.2000145239e+08 7.4591980791e-02
8.2229104188e+00 6.6688362825e+00 1.5474438333e+00 2.6151661737e+07 -4.4209722810e-02 -8.2146983666e-03 -1.3882766427e+05 1.2000309467e+08 7.5411339197e-02
8.2727445137e+00 6.7448812377e+00 1.5054321177e+00 2.6216638591e+07 -4.4652144178e-02 -9.6138684759e-03 -1.6742257079e+05 1.2000529060e+08 7.6225333447e-02
8.3225786085e+00 6.8189862133e+00 1.4702879646e+00 2.6284511541e+07 -4.5168005830e-02 -1.1023290522e-02 -1.9706466619e+05 1.2000630309e+08 7.7026786279e-02
8.3724127034e+00 6.8915205374e+00 1.4413295825e+00 2.6351994284e+07 -4.5752434164e-02 -1.2544300098e-02 -2.2934887934e+05 1.2000142294e+08 7.7798838675e-02
8.4222467983e+00 6.9626103412e+00 1.4111580243e+00 2.6415093295e+07 -4.6434920872e-02 -1.4951440984e-02 -2.7987206372e+05 1.1999984561e+08 7.8542851785e-02
8.4720808931e+00 7.0320553712e+00 1.3750498818e+00 2.6473528519e+07 -4.7245107862e-02 -1.7495762906e-02 -3.3684201887e+05 1.2000654933e+08 7.9282002966e-02
8.5219149880e+00 7.0995842149e+00 1.3350064402e+00 2.6529119771e+07 -4.8175113367e-02 -1.9810749550e-02 -3.9367731251e+05 1.2000981656e+08 8.0041103979e-02
8.5717490829e+00 7.1650352069e+00 1.2907685909e+00 2.6582668589e+07 -4.9223039882e-02 -2.2277617646e-02 -4.5879527207e+05 1.2000899499e+08 8.0834322257e-02
8.6215831777e+00 7.2280957893e+00 1.2395914056e+00 2.6634840845e+07 -5.0399634493e-02 -2.4922614827e-02 -5.3550700365e+05 1.2000866418e+08 8.1685964221e-02
8.6714172726e+00 7.2885241896e+00 1.1852376386e+00 2.6690545867e+07 -5.1700236247e-02 -2.7121482571e-02 -6.1075277309e+05 1.2000803715e+08 8.2612915570e-02
8.7212513675e+00 7.3460867124e+00 1.1237148411e+00 2.6746650224e+07 -5.3088351324e-02 -2.8464739922e-02 -6.7751747558e+05 1.2000541444e+08 8.3631617584e-02
8.7710854623e+00 7.4003690799e+00 1.0543124170e+00 2.6805434502e+07 -5.4529634982e-02 -2.9296683269e-02 -7.4485542603e+05 1.2000598172e+08 8.4772766771e-02
8.8209195572e+00 7.4510998384e+00 9.8167098554e-01 2.6871211559e+07 -5.5998331633e-02 -2.9526204849e-02 -8.0821875021e+05 1.2000306758e+08 8.6055414484e-02
8.8707536520e+00 7.4981182774e+00 9.0495018463e-01 2.6943638898e+07 -5.7459829577e-02 -2.8997873128e-02 -8.6337152656e+05 1.2000052043e+08 8.7491792843e-02
8.9205877469e+00 7.5412379122e+00 8.2632715195e-01 2.7027729188e+07 -5.8874676978e-02 -2.7664011969e-02 -9.0484189223e+05 1.2000788722e+08 8.9099064948e-02
8.9704218418e+00 7.5805211083e+00 7.5129315759e-01 2.7125919344e+07 -6.0206031919e-02 -2.5697705296e-02 -9.2783206415e+05 1.2000785076e+08 9.0875985410e-02
9.0202559366e+00 7.6161253257e+00 6.7818054747e-01 2.7234385777e+07 -6.1430060893e-02 -2.3425523383e-02 -9.4072256014e+05 1.2000295891e+08 9.2816883583e-02
9.0700900315e+00 7.6481470623e+00 6.0823279024e-01 2.7356673777e+07 -6.2543492987e-02 -2.1329239670e-02 -9.5933179031e+05 1.2000585064e+08 9.4924520805e-02
9.1199241264e+00 7.6767760340e+00 5.4096849585e-01 2.7487262055e+07 -6.3557122837e-02 -1.9322823772e-02 -9.8181599251e+05 1.2000374651e+08 9.7195361030e-02
9.1697582212e+00 7.7020318936e+00 4.7341498948e-01 2.7620108680e+07 -6.4463400472e-02 -1.7033455017e-02 -9.9377055906e+05 1.2000141873e+08 9.9644568261e-02
9.2195923161e+00 7.7239993064e+00 4.0868475633e-01 2.7758884357e+07 -6.5253832633e-02 -1.4697035927e-02 -9.9825920684e+05 1.1999647363e+08 1.0228254418e-01
9.2694264110e+00 7.7426896939e+00 3.4104333592e-01 2.7882974107e+07 -6.5925091772e-02 -1.2227878079e-02 -9.9972517258e+05 1.1999520137e+08 1.0512959411e-01
9.3192605058e+00 7.7579456625e+00 2.7201973364e-01 2.7983361420e+07 -6.6471343341e-02 -9.7329000013e-03 -1.0012481622e+06 1.1999660886e+08 1.0822624667e-01
9.3690946007e+00 7.7698741523e+00 2.0837986920e-01 2.8066996812e+07 -6.6898522683e-02 -7.4718550217e-03 -1.0063953485e+06 1.1999901371e+08 1.1158619538e-01
9.4189286956e+00 7.7788509473e+00 1.5386807361e-01 2.8135290470e+07 -6.7220314823e-02 -5.5035945605e-03 -1.0063506221e+06 1.1999883871e+08 1.1518923867e-01
9.4687627904e+00 7.7853692750e+00 1.0986352192e-01 2.8183741430e+07 -6.7451860937e-02 -3.8602255002e-03 -9.9027953464e+05 1.2000765779e+08 1.1893959003e-01
9.5185968853e+00 7.7900036180e+00 7.8577878632e-02 2.8197751842e+07 -6.7612194484e-02 -2.6652871358e-03 -9.5644100542e+05 1.2001503544e+08 1.2238030566e-01
9.5684309801e+00 7.7933882867e+00 5.8867256911e-02 2.8175057186e+07 -6.7724578043e-02 -1.9065683554e-03 -9.1252209224e+05 1.2001044325e+08 1.2507260670e-01
9.6182650750e+00 7.7959782735e+00 4.6020854502e-02 2.8130795434e+07 -6.7806338334e-02 -1.4110491686e-03 -8.6252061026e+05 1.2000778023e+08 1.2715562660e-01
9.6680991699e+00 7.7980455055e+00 3.7630556262e-02 2.8090592963e+07 -6.7867959694e-02 -1.0890497149e-03 -8.1295774753e+05 1.2000462249e+08 1.2882603620e-01
9.7179332647e+00 7.7997817958e+00 3.2535123000e-02 2.8084955464e+07 -6.7916946614e-02 -8.9518290097e-04 -7.7273941474e+05 1.1999987444e+08 1.3023308866e-01
9.7677673596e+00 7.8013219121e+00 2.9543995524e-02 2.8119480441e+07 -6.7958422401e-02 -7.7950501510e-04 -7.4191982624e+05 1.1999744907e+08 1.3148252398e-01
9.8176014545e+00 7.8027434135e+00 2.7633591074e-02 2.8178636214e+07 -6.7995357560e-02 -7.0927156951e-04 -7.2326124681e+05 1.1999952983e+08 1.3263543894e-01
9.8674355493e+00 7.8040825702e+00 2.6150216581e-02 2.8243250243e+07 -6.8029553056e-02 -6.6612430348e-04 -7.1944013686e+05 1.2000143488e+08 1.3372061131e-01
9.9172696442e+00 7.8053505968e+00 2.4757628088e-02 2.8301311297e+07 -6.8061834604e-02 -6.2922001929e-04 -7.1928342961e+05 1.2000345264e+08 1.3474721829e-01
