# TPV104 station: x2_12_x3_12 (along_strike=12000, down_dip=12000)
# Columns (SCEC TPV104 trace layout): t  h-slip  h-slip-rate  h-shear-stress  v-slip  v-slip-rate  v-shear-stress  n-stress  psi
# BP5 convention: h = strike = component 2, v = dip = component 1.  TPV104 is pure strike-slip so v-slip / v-slip-rate / v-shear-stress ≈ 0.
0.0000000000e+00 0.0000000000e+00 1.0000000000e-16 4.0000000000e+07 0.0000000000e+00 0.0000000000e+00 0.0000000000e+00 1.2000000000e+08 5.6359184263e-01
2.4770046874e-04 2.4770046874e-20 1.0000000000e-16 4.0000000000e+07 0.0000000000e+00 0.0000000000e+00 0.0000000000e+00 1.2000000000e+08 5.6359184263e-01
5.0035494685e-02 5.0035494685e-18 1.0000000000e-16 4.0000000000e+07 -7.9498879415e-37 1.0548982476e-36 4.2195929902e-13 1.2000000000e+08 5.6359184263e-01
9.9823288902e-02 9.9823288902e-18 1.0000000000e-16 4.0000000000e+07 -2.3243348213e-37 1.3827536722e-35 5.5310146889e-12 1.2000000000e+08 5.6359184263e-01
1.4961108312e-01 1.4961108312e-17 1.0000000000e-16 4.0000000000e+07 -7.6247448279e-38 -1.4398752204e-36 -5.7595008815e-13 1.2000000000e+08 5.6359184263e-01
1.9939887733e-01 1.9939887733e-17 1.0000000000e-16 4.0000000000e+07 6.8579808066e-38 2.8967104225e-36 1.1586841690e-12 1.2000000000e+08 5.6359184263e-01
2.4918667155e-01 2.4918667155e-17 1.0000000000e-16 4.0000000000e+07 6.8697167119e-38 -3.1105832986e-37 -1.2442333194e-13 1.2000000000e+08 5.6359184263e-01
2.9897446577e-01 2.9897446577e-17 1.0000000000e-16 4.0000000000e+07 6.0779256877e-38 -6.4461732412e-38 -2.5784692965e-14 1.2000000000e+08 5.6359184263e-01
3.4876225998e-01 3.4876225998e-17 1.0000000000e-16 4.0000000000e+07 5.3443481209e-38 -4.5011095387e-37 -1.8004438155e-13 1.2000000000e+08 5.6359184263e-01
3.9855005420e-01 3.9855005420e-17 1.0000000000e-16 4.0000000000e+07 4.7235258028e-38 3.5480788569e-37 1.4192315428e-13 1.2000000000e+08 5.6359184263e-01
4.4833784842e-01 4.4833784842e-17 1.0000000000e-16 4.0000000000e+07 6.7360556282e-38 1.9834925760e-37 7.9339703040e-14 1.2000000000e+08 5.6359184263e-01
4.9812564263e-01 4.9812564263e-17 1.0000000000e-16 4.0000000000e+07 5.8155776210e-38 -4.5988071661e-37 -1.8395228664e-13 1.2000000000e+08 5.6359184263e-01
5.4791343685e-01 5.4791343685e-17 1.0000000000e-16 4.0000000000e+07 5.0891363045e-38 4.1350480357e-37 1.6540192143e-13 1.2000000000e+08 5.6359184263e-01
5.9770123107e-01 5.9770123107e-17 1.0000000000e-16 4.0000000000e+07 7.6338561294e-38 7.1892445526e-38 2.8756978210e-14 1.2000000000e+08 5.6359184263e-01
6.4748902528e-01 6.4748902528e-17 1.0000000000e-16 4.0000000000e+07 4.5382438300e-38 -9.2879625839e-37 -3.7151850336e-13 1.2000000000e+08 5.6359184263e-01
6.9727681950e-01 6.9727681950e-17 1.0000000000e-16 4.0000000000e+07 2.4881221333e-38 2.3199423261e-37 9.2797693043e-14 1.2000000000e+08 5.6359184263e-01
7.4706461372e-01 7.4706461372e-17 1.0000000000e-16 4.0000000000e+07 4.2437452790e-38 4.9682315760e-38 1.9872926304e-14 1.2000000000e+08 5.6359184263e-01
7.9685240793e-01 7.9685240793e-17 1.0000000000e-16 4.0000000000e+07 2.5491540728e-38 -3.1669946791e-37 -1.2667978716e-13 1.2000000000e+08 5.6359184263e-01
8.4664020215e-01 8.4664020215e-17 1.0000000000e-16 4.0000000000e+07 4.2813438050e-38 8.4255431016e-37 3.3702172406e-13 1.2000000000e+08 5.6359184263e-01
8.9642799636e-01 8.9642799636e-17 1.0000000000e-16 4.0000000000e+07 5.8640646608e-38 -5.4738743456e-37 -2.1895497383e-13 1.2000000000e+08 5.6359184263e-01
9.4621579058e-01 9.4621579058e-17 1.0000000000e-16 4.0000000000e+07 1.6586014976e-38 -4.6560333777e-37 -1.8624133511e-13 1.2000000000e+08 5.6359184263e-01
9.9600358480e-01 9.9600358480e-17 1.0000000000e-16 4.0000000000e+07 4.0441890070e-38 1.0240848253e-36 4.0963393012e-13 1.2000000000e+08 5.6359184263e-01
1.0457913790e+00 1.0457913790e-16 1.0000000000e-16 4.0000000000e+07 5.2550375012e-38 -9.0022991177e-37 -3.6009196471e-13 1.2000000000e+08 5.6359184263e-01
1.0955791732e+00 1.0955791732e-16 1.0000000000e-16 4.0000000000e+07 -1.6045307905e-38 -1.0463368511e-36 -4.1853474044e-13 1.2000000000e+08 5.6359184263e-01
1.1453669674e+00 1.1453669674e-16 1.0000000000e-16 4.0000000000e+07 -5.9893770682e-40 1.5050902575e-36 6.0203610299e-13 1.2000000000e+08 5.6359184263e-01
1.1951547617e+00 1.1951547617e-16 1.0000000000e-16 4.0000000000e+07 7.3337836037e-38 8.6040136203e-37 3.4416054481e-13 1.2000000000e+08 5.6359184263e-01
1.2449425559e+00 1.2449425559e-16 1.0000000000e-16 4.0000000000e+07 7.0552301348e-38 -6.9138870607e-37 -2.7655548243e-13 1.2000000000e+08 5.6359184263e-01
1.2947303501e+00 1.2947303501e-16 1.0000000000e-16 4.0000000000e+07 3.5952855280e-38 -5.3104594589e-37 -2.1241837836e-13 1.2000000000e+08 5.6359184263e-01
1.3445181443e+00 1.3445181443e-16 1.0000000000e-16 4.0000000000e+07 1.9116365874e-38 -1.8359242954e-37 -7.3436971815e-14 1.2000000000e+08 5.6359184263e-01
1.3943059385e+00 1.3943059385e-16 1.0000000000e-16 4.0000000000e+07 1.8632873079e-38 2.0509298831e-37 8.2037195325e-14 1.2000000000e+08 5.6359184263e-01
1.4440937327e+00 1.4440937327e-16 1.0000000000e-16 4.0000000000e+07 4.1386950877e-38 6.7621017083e-37 2.7048406833e-13 1.2000000000e+08 5.6359184263e-01
1.4938815270e+00 1.4938815270e-16 1.0000000000e-16 4.0000000000e+07 7.9611809972e-38 7.8702223733e-37 3.1480889493e-13 1.2000000000e+08 5.6359184263e-01
1.5436693212e+00 1.5436693212e-16 1.0000000000e-16 4.0000000000e+07 1.1581597092e-37 6.7607192116e-37 2.7042876846e-13 1.2000000000e+08 5.6359184263e-01
1.5934571154e+00 1.5934571154e-16 1.0000000000e-16 4.0000000000e+07 1.5260359112e-37 8.9732030650e-37 3.5892812260e-13 1.2000000000e+08 5.6359184263e-01
1.6432449096e+00 1.6432449096e-16 1.0000000000e-16 4.0000000000e+07 2.1669158262e-37 1.7770240941e-36 7.1080963763e-13 1.2000000000e+08 5.6359184263e-01
1.6930327038e+00 1.6930327038e-16 1.0000000000e-16 4.0000000000e+07 3.3398802123e-37 2.8937163103e-36 1.1574865241e-12 1.2000000000e+08 5.6359184263e-01
1.7428204980e+00 1.7428204980e-16 1.0000000000e-16 4.0000000000e+07 4.9852169254e-37 3.6829726826e-36 1.4731890730e-12 1.2000000000e+08 5.6359184263e-01
1.7926082923e+00 1.7926082923e-16 1.0000000000e-16 4.0000000000e+07 7.0944626224e-37 4.9789178441e-36 1.9915671376e-12 1.2000000000e+08 5.6359184263e-01
1.8423960865e+00 1.8423960865e-16 1.0000000000e-16 4.0000000000e+07 1.0160356070e-36 7.4770545475e-36 2.9908218190e-12 1.2000000000e+08 5.6359184263e-01
1.8921838807e+00 1.8921838807e-16 1.0000000000e-16 4.0000000000e+07 1.4584118878e-36 1.0227364290e-35 4.0909457160e-12 1.2000000000e+08 5.6359184263e-01
1.9419716749e+00 1.9419716749e-16 1.0000000000e-16 4.0000000000e+07 2.0308324082e-36 1.2806343179e-35 5.1225372716e-12 1.2000000000e+08 5.6359184263e-01
1.9917594691e+00 1.9917594691e-16 1.0000000000e-16 4.0000000000e+07 2.7617739459e-36 1.7132162136e-35 6.8528648543e-12 1.2000000000e+08 5.6359184263e-01
2.0415472633e+00 2.0415472633e-16 1.0000000000e-16 4.0000000000e+07 3.8653477877e-36 2.9644493039e-35 1.1857797215e-11 1.2000000000e+08 5.6359184263e-01
2.0913350576e+00 2.0913350576e-16 1.0000000000e-16 4.0000000000e+07 6.3303886263e-36 8.2698508092e-35 3.3079403237e-11 1.2000000000e+08 5.6359184263e-01
2.1411228518e+00 2.1411228518e-16 1.0000000000e-16 4.0000000000e+07 1.6012874262e-35 4.0006949677e-34 1.6002779871e-10 1.2000000000e+08 5.6359184263e-01
2.1909106460e+00 2.1909106460e-16 1.0000000000e-16 4.0000000000e+07 7.6295755561e-35 2.8026098418e-33 1.1210439367e-09 1.2000000000e+08 5.6359184263e-01
2.2406984402e+00 2.2406984402e-16 1.0000000000e-16 4.0000000000e+07 5.7733443467e-34 2.4733782385e-32 9.8935129542e-09 1.2000000000e+08 5.6359184263e-01
2.2904862344e+00 2.2904862344e-16 1.0000000000e-16 4.0000000000e+07 5.4484318950e-33 2.5575890583e-31 1.0230356233e-07 1.2000000000e+08 5.6359184263e-01
2.3402740286e+00 2.3402740286e-16 1.0000000000e-16 4.0000000000e+07 5.8114891226e-32 2.7607510757e-30 1.1043004303e-06 1.2000000000e+08 5.6359184263e-01
2.3900618229e+00 2.3900618229e-16 1.0000000000e-16 4.0000000000e+07 6.6647612193e-31 3.2596514546e-29 1.3038605818e-05 1.2000000000e+08 5.6359184263e-01
2.4398496171e+00 2.4398496171e-16 1.0000000003e-16 4.0000000000e+07 7.3743503424e-30 3.5240586679e-28 1.4096234668e-04 1.2000000000e+08 5.6359184263e-01
2.4896374113e+00 2.4896374114e-16 1.0000000031e-16 4.0000000004e+07 7.7995225489e-29 3.5539537172e-27 1.4215814827e-03 1.2000000000e+08 5.6359184263e-01
2.5394252055e+00 2.5394252061e-16 1.0000000264e-16 4.0000000032e+07 7.1235732150e-28 3.0690530604e-26 1.2276211928e-02 1.2000000000e+08 5.6359184263e-01
2.5892129997e+00 2.5892130046e-16 1.0000001904e-16 4.0000000229e+07 5.6324034446e-27 2.2146731497e-25 8.8586909623e-02 1.2000000000e+08 5.6359184263e-01
2.6390007939e+00 2.6390008258e-16 1.0000011500e-16 4.0000001381e+07 3.7021688907e-26 1.3359296464e-24 5.3437126247e-01 1.2000000000e+08 5.6359184263e-01
2.6887885882e+00 2.6887887644e-16 1.0000056808e-16 4.0000006820e+07 2.0459159174e-25 6.5920883296e-24 2.6368208021e+00 1.2000000001e+08 5.6359184263e-01
2.7385763824e+00 2.7385771903e-16 1.0000232957e-16 4.0000027961e+07 9.3759474544e-25 2.7024990958e-23 1.0809752120e+01 1.2000000002e+08 5.6359184263e-01
2.7883641766e+00 2.7883672992e-16 1.0000786121e-16 4.0000094394e+07 3.6224920551e-24 9.1173604001e-23 3.6466660942e+01 1.2000000019e+08 5.6359184263e-01
2.8381519708e+00 2.8381618248e-16 1.0002048878e-16 4.0000245844e+07 1.1430103675e-23 2.3783871197e-22 9.5116581276e+01 1.2000000001e+08 5.6359184263e-01
2.8879397650e+00 2.8879649967e-16 1.0004382866e-16 4.0000525703e+07 2.9343949320e-23 5.1192675321e-22 2.0468368238e+02 1.1999999963e+08 5.6359184263e-01
2.9377275592e+00 2.9377855696e-16 1.0009233625e-16 4.0001108600e+07 6.7651666258e-23 1.0793387399e-21 4.3134916988e+02 1.2000000323e+08 5.6359184263e-01
2.9875153535e+00 2.9876354863e-16 1.0016605762e-16 4.0001988169e+07 1.4059041055e-22 1.9595224412e-21 7.8254845377e+02 1.1999999141e+08 5.6359184263e-01
3.0373031477e+00 3.0375904611e-16 1.0066875799e-16 4.0008001689e+07 3.3791072294e-22 7.8861823047e-21 3.1341441104e+03 1.2000001028e+08 5.6359184263e-01
3.0870909419e+00 3.0881775798e-16 1.0292345590e-16 4.0034618519e+07 1.2867332301e-21 3.4950772721e-20 1.3594965702e+04 1.2000012680e+08 5.6359184263e-01
3.1368787361e+00 3.1404463013e-16 1.0727737517e-16 4.0084254018e+07 4.3029258998e-21 8.9679586842e-20 3.3508830110e+04 1.1999991169e+08 5.6359184263e-01
3.1866665303e+00 3.1951386061e-16 1.1243948913e-16 4.0140557141e+07 1.0458829221e-20 1.5849280911e-19 5.6581452918e+04 1.1999970645e+08 5.6359184263e-01
3.2364543245e+00 3.2524529695e-16 1.1782274846e-16 4.0196780862e+07 2.0212086889e-20 2.3431047185e-19 7.9938100357e+04 1.2000013303e+08 5.6359184263e-01
3.2862421188e+00 3.3125665182e-16 1.2375112781e-16 4.0255724282e+07 3.3998850276e-20 3.2144217448e-19 1.0456379491e+05 1.2000039718e+08 5.6359184263e-01
3.3360299130e+00 3.3758389344e-16 1.3054267474e-16 4.0319591138e+07 5.2516512300e-20 4.2500004376e-19 1.3126610155e+05 1.1999988827e+08 5.6359184263e-01
3.3858177072e+00 3.4427394439e-16 1.3833113633e-16 4.0388934148e+07 7.6693409350e-20 5.4944407733e-19 1.6042274535e+05 1.1999960508e+08 5.6359184263e-01
3.4356055014e+00 3.5137755228e-16 1.4716434038e-16 4.0463251594e+07 1.0767847827e-19 6.9900198610e-19 1.9219257298e+05 1.2000011509e+08 5.6359184263e-01
3.4853932956e+00 3.5895116682e-16 1.5725824204e-16 4.0542728970e+07 1.4682942698e-19 8.7830319190e-19 2.2643524309e+05 1.2000023570e+08 5.6359184263e-01
3.5351810898e+00 3.6706444673e-16 1.6885702871e-16 4.0627835253e+07 1.9579729951e-19 1.0944769165e-18 2.6333655278e+05 1.2000001431e+08 5.6359184263e-01
3.5849688841e+00 3.7579452574e-16 1.8204501388e-16 4.0717783730e+07 2.5659909231e-19 1.3544998283e-18 3.0295930603e+05 1.1999993227e+08 5.6359184263e-01
3.6347566783e+00 3.8522483310e-16 1.9701964770e-16 4.0812209446e+07 3.3160299095e-19 1.6664816183e-18 3.4520819441e+05 1.1999960758e+08 5.6359184263e-01
3.6845444725e+00 3.9545017268e-16 2.1400157315e-16 4.0911065888e+07 4.2366313821e-19 2.0408391177e-18 3.9015088714e+05 1.1999969441e+08 5.6359184263e-01
3.7343322667e+00 4.0657554652e-16 2.3321904350e-16 4.1014073626e+07 5.3611323717e-19 2.4874643748e-18 4.3744732625e+05 1.2000049343e+08 5.6359184263e-01
3.7841200609e+00 4.1872334225e-16 2.5515683097e-16 4.1121544143e+07 6.7298539072e-19 3.0248346678e-18 4.8748791809e+05 1.2000087374e+08 5.6359184263e-01
3.8339078551e+00 4.3204262497e-16 2.8033338125e-16 4.1233562198e+07 8.3927607765e-19 3.6720758525e-18 5.4011679731e+05 1.2000007380e+08 5.6359184263e-01
3.8836956494e+00 4.4670563542e-16 3.0922464306e-16 4.1350261107e+07 1.0410736151e-18 4.4559259111e-18 5.9585710270e+05 1.1999928056e+08 5.6359184263e-01
3.9334834436e+00 4.6291917539e-16 3.4277664508e-16 4.1473072931e+07 1.2860827739e-18 5.4138549811e-18 6.5503063203e+05 1.1999943622e+08 5.6359184263e-01
3.9832712378e+00 4.8093514978e-16 3.8164469950e-16 4.1601102861e+07 1.5838923089e-18 6.5805117573e-18 7.1730734596e+05 1.1999978160e+08 5.6359184263e-01
4.0330590320e+00 5.0103726790e-16 4.2701886373e-16 4.1734815319e+07 1.9459060992e-18 8.0079576829e-18 7.8266011964e+05 1.1999986424e+08 5.6359184263e-01
4.0828468262e+00 5.2365307869e-16 4.8344783193e-16 4.1882574507e+07 2.3887260232e-18 9.8584387330e-18 8.5406690751e+05 1.2000029884e+08 5.6359184263e-01
4.1326346204e+00 5.4941296243e-16 5.5264411605e-16 4.2041795122e+07 2.9370871121e-18 1.2233951775e-17 9.3068446600e+05 1.2000099412e+08 5.6359184263e-01
4.1824224146e+00 5.7874628957e-16 6.2499993537e-16 4.2187704865e+07 3.6117210542e-18 1.4873774219e-17 1.0039847390e+06 1.2000060360e+08 5.6359184263e-01
4.2322102089e+00 6.1186718807e-16 7.1283084674e-16 4.2343124363e+07 4.4293370002e-18 1.8265673316e-17 1.0850059033e+06 1.1999926529e+08 5.6359184263e-01
4.2819980031e+00 6.5152846761e-16 9.0696374018e-16 4.2628500844e+07 5.5011150949e-18 2.5860216016e-17 1.2154645125e+06 1.1999836580e+08 5.6359184263e-01
4.3317857973e+00 7.0477079003e-16 1.2328016054e-15 4.2993066228e+07 7.1176138121e-18 3.9268534168e-17 1.3694617875e+06 1.2000003835e+08 5.6359184263e-01
4.3815735915e+00 7.6840725884e-16 1.1999960891e-15 4.2961609952e+07 9.1751146250e-18 3.8215565463e-17 1.3681729735e+06 1.2000250665e+08 5.6359184263e-01
4.4313613857e+00 8.1329380276e-16 5.7611242657e-16 4.2089092910e+07 1.0493732263e-17 1.4319801675e-17 1.0461629282e+06 1.2000103414e+08 5.6359184263e-01
4.4811491799e+00 8.3015897538e-16 1.7356466113e-16 4.0657571124e+07 1.0831913678e-17 2.1535757395e-18 5.0447572814e+05 1.1999690819e+08 5.6359184263e-01
4.5309369742e+00 8.3542731283e-16 6.5251927016e-17 3.9486498587e+07 1.0870381705e-17 7.7615287652e-20 4.6968052690e+04 1.1999642380e+08 5.6359184263e-01
4.5807247684e+00 8.3801417415e-16 4.5366906122e-17 3.9051635477e+07 1.0866186414e-17 -1.6039698294e-19 -1.3806902530e+05 1.2000103492e+08 5.6359184263e-01
4.6305125626e+00 8.4031754216e-16 4.9189230086e-17 3.9149953438e+07 1.0858123315e-17 -1.4488527448e-19 -1.1531491223e+05 1.2000463662e+08 5.6359184263e-01
4.6803003568e+00 8.4301311140e-16 5.9230616599e-17 3.9372576906e+07 1.0852896921e-17 -6.1333360709e-20 -4.0770341423e+04 1.2000327739e+08 5.6359184263e-01
4.7300881510e+00 8.4620033930e-16 6.8520044721e-17 3.9546088721e+07 1.0851867923e-17 1.4991679862e-20 8.6523922203e+03 1.1999921794e+08 5.6359184263e-01
4.7798759452e+00 8.4983638910e-16 7.7735619664e-17 3.9696774026e+07 1.0854100313e-17 7.4346239816e-20 3.7965940123e+04 1.1999703629e+08 5.6359184263e-01
4.8296637395e+00 8.5398776475e-16 8.9571168059e-17 3.9866790828e+07 1.0859599126e-17 1.5239995291e-19 6.7830945790e+04 1.1999702268e+08 5.6359184263e-01
4.8794515337e+00 8.5883648055e-16 1.0613161118e-16 4.0070931886e+07 1.0870337181e-17 2.9359758645e-19 1.1085037490e+05 1.1999900852e+08 5.6359184263e-01
4.9292393279e+00 8.6468750387e-16 1.3026636469e-16 4.0317450544e+07 1.0890904035e-17 5.5581070697e-19 1.7202345934e+05 1.2000152765e+08 5.6359184263e-01
4.9790271221e+00 8.7196947541e-16 1.6362308845e-16 4.0591032104e+07 1.0928494510e-17 9.8090635783e-19 2.4333975014e+05 1.2000255873e+08 5.6359184263e-01
5.0288149163e+00 8.8113142399e-16 2.0549484121e-16 4.0863581883e+07 1.0991479802e-17 1.5729321520e-18 3.1278469770e+05 1.2000130061e+08 5.6359184263e-01
5.0786027105e+00 8.9256203098e-16 2.5460723378e-16 4.1119537246e+07 1.1088049122e-17 2.3334522836e-18 3.7685684206e+05 1.1999927469e+08 5.6359184263e-01
5.1283905048e+00 9.0661846758e-16 3.1100040901e-16 4.1358830742e+07 1.1227620088e-17 3.3083309566e-18 4.3996308722e+05 1.1999870614e+08 5.6359184263e-01
5.1781782990e+00 9.2366191680e-16 3.7445882436e-16 4.1581157644e+07 1.1421700262e-17 4.5184432116e-18 5.0174301488e+05 1.1999920167e+08 5.6359184263e-01
5.2279660932e+00 9.4402493545e-16 4.4395491005e-16 4.1784798797e+07 1.1680916887e-17 5.9097451036e-18 5.5622204982e+05 1.1999922767e+08 5.6359184263e-01
5.2777538874e+00 9.6792995116e-16 5.1630686766e-16 4.1965427762e+07 1.2011753958e-17 7.3788656328e-18 5.9975427807e+05 1.1999929495e+08 5.6359184263e-01
5.3275416816e+00 9.9555095172e-16 5.9496263342e-16 4.2135387693e+07 1.2417815736e-17 8.9723445674e-18 6.3542346296e+05 1.2000013709e+08 5.6359184263e-01
5.3773294758e+00 1.0275540687e-15 6.9491830719e-16 4.2321603381e+07 1.2914559105e-17 1.1093671378e-17 6.7562180369e+05 1.2000140062e+08 5.6359184263e-01
5.4271172701e+00 1.0652577058e-15 8.2298751889e-16 4.2523985031e+07 1.3535044719e-17 1.3909510363e-17 7.1870811754e+05 1.2000158499e+08 5.6359184263e-01
5.4769050643e+00 1.1098422102e-15 9.7012693742e-16 4.2720384183e+07 1.4306088102e-17 1.7088562179e-17 7.5250971113e+05 1.2000032883e+08 5.6359184263e-01
5.5266928585e+00 1.1622560104e-15 1.1397160974e-15 4.2912987227e+07 1.5242806186e-17 2.0618257887e-17 7.7632582303e+05 1.1999937180e+08 5.6359184263e-01
5.5764806527e+00 1.2241974926e-15 1.3587680553e-15 4.3123603424e+07 1.6378220512e-17 2.5237309176e-17 8.0096356997e+05 1.1999954927e+08 5.6359184263e-01
5.6262684469e+00 1.2991000544e-15 1.6685656916e-15 4.3369744177e+07 1.7794656479e-17 3.2175487735e-17 8.3631269589e+05 1.2000034421e+08 5.6359184263e-01
5.6760562411e+00 1.3932090011e-15 2.1445706773e-15 4.3669926001e+07 1.9664101869e-17 4.3873923396e-17 8.9340538335e+05 1.2000050362e+08 5.6359184263e-01
5.7258440354e+00 1.5165212438e-15 2.8442164739e-15 4.4007414483e+07 2.2265144733e-17 6.1389105730e-17 9.4984887593e+05 1.1999982898e+08 5.6359184263e-01
5.7756318296e+00 1.6814280025e-15 3.8394348177e-15 4.4366380689e+07 2.5888857080e-17 8.5708707508e-17 9.9040231861e+05 1.1999903350e+08 5.6359184263e-01
5.8254196238e+00 1.9084417632e-15 5.4218789190e-15 4.4778735064e+07 3.1096801830e-17 1.2853747113e-16 1.0615776286e+06 1.1999824968e+08 5.6359184263e-01
5.8752074180e+00 2.2487429832e-15 8.6668158710e-15 4.5338332470e+07 3.9679609014e-17 2.3146009956e-16 1.2108270331e+06 1.1999885276e+08 5.6359184263e-01
5.9249952122e+00 2.8335130687e-15 1.5584528820e-14 4.6039173153e+07 5.6318412288e-17 4.6237154591e-16 1.3659189770e+06 1.2000069493e+08 5.6359184263e-01
5.9747830064e+00 3.9121160394e-15 2.9223188137e-14 4.6791860051e+07 8.9255561775e-17 9.0767377939e-16 1.4533576644e+06 1.2000202406e+08 5.6359184263e-01
6.0245708007e+00 6.0242386361e-15 6.0719979755e-14 4.7666197291e+07 1.5657157131e-16 1.9912039781e-15 1.5631283484e+06 1.2000137397e+08 5.6359184263e-01
6.0743585949e+00 1.1075970429e-14 1.6376483102e-13 4.8850172647e+07 3.3183521359e-16 5.9113077994e-15 1.7633114801e+06 1.1999996494e+08 5.6359184263e-01
6.1241463891e+00 2.7627099840e-14 6.1992543083e-13 5.0442040876e+07 9.5459436195e-16 2.3861161663e-14 1.9415330169e+06 1.1999972143e+08 5.6359184263e-01
6.1739341833e+00 1.0895215618e-13 3.6663085037e-12 5.2569071375e+07 4.1899436292e-15 1.4946057183e-13 2.1430284604e+06 1.2000070124e+08 5.6359184263e-01
6.2237219775e+00 1.9987213330e-12 2.1343596227e-10 5.7377434893e+07 1.1048237808e-13 1.3459430801e-11 3.6182637932e+06 1.2000127947e+08 5.6359184263e-01
6.2735097717e+00 4.5165270546e-07 1.8301361788e-04 7.3398985696e+07 5.1396056254e-08 2.1223506618e-05 8.5118466958e+06 1.2000061207e+08 5.6359181693e-01
6.3232975660e+00 8.2449286452e-02 4.6745355184e+00 7.4862864609e+07 7.6058219830e-03 3.3859854445e-01 5.4226686032e+06 1.1999798453e+08 4.7068741496e-01
6.3730853602e+00 4.0378978702e-01 7.1264652115e+00 4.7491709956e+07 1.9138999190e-02 1.0331506170e-01 6.8850528258e+05 1.1999776672e+08 2.3717738495e-01
6.4228731544e+00 7.3990075333e-01 6.2102513481e+00 3.4353572350e+07 1.9438524496e-02 -7.7741018304e-02 -4.3004405896e+05 1.1999944249e+08 1.2957519577e-01
6.4726609486e+00 1.0141483656e+00 4.8866817103e+00 2.9369487940e+07 1.4758066085e-02 -7.3414202556e-02 -4.4122733266e+05 1.2000054957e+08 9.0636489355e-02
6.5224487428e+00 1.2351353128e+00 4.0495128805e+00 2.7307038208e+07 1.2277377452e-02 -5.2271286766e-02 -3.5248042592e+05 1.2000114627e+08 7.5385436231e-02
6.5722365370e+00 1.4214033686e+00 3.5123855858e+00 2.6341936691e+07 8.5912968530e-03 -9.1570309137e-02 -6.8675241572e+05 1.2000182994e+08 6.8844362981e-02
6.6220243313e+00 1.5905743689e+00 3.2671856674e+00 2.5876785843e+07 4.4491184908e-03 -6.6176011772e-02 -5.2412769242e+05 1.2000155909e+08 6.5674195207e-02
6.6718121255e+00 1.7435625697e+00 2.9195800934e+00 2.5594369719e+07 2.0020943422e-03 -3.2840838795e-02 -2.8789776033e+05 1.1999769836e+08 6.4430893003e-02
6.7215999197e+00 1.8860074726e+00 2.7764008764e+00 2.5492092339e+07 6.8774203944e-04 -2.9471297881e-02 -2.7059674751e+05 1.1999878221e+08 6.4080695255e-02
6.7713877139e+00 2.0157131340e+00 2.4575060092e+00 2.5388619339e+07 -1.1613688509e-03 -3.9293504085e-02 -4.0594318547e+05 1.2000054344e+08 6.4453528969e-02
6.8211755081e+00 2.1352983777e+00 2.3635326518e+00 2.5430852735e+07 -2.8642344585e-03 -2.9162261810e-02 -3.1377657717e+05 1.1999722225e+08 6.5191017163e-02
6.8709633023e+00 2.2493893551e+00 2.2011759033e+00 2.5444770714e+07 -4.1992324757e-03 -2.4598951190e-02 -2.8435468146e+05 1.2000105984e+08 6.6010197819e-02
6.9207510966e+00 2.3560286036e+00 2.0854521308e+00 2.5498407211e+07 -5.2000709914e-03 -1.7069799742e-02 -2.0870903648e+05 1.2000068700e+08 6.6992359636e-02
6.9705388908e+00 2.4557471382e+00 1.9451065087e+00 2.5546289641e+07 -6.1562863099e-03 -2.1403922277e-02 -2.8111098055e+05 1.1999754451e+08 6.8099750722e-02
7.0203266850e+00 2.5525813720e+00 1.9453035413e+00 2.5668271799e+07 -7.2257004132e-03 -2.0605436652e-02 -2.7188864734e+05 1.2000189600e+08 6.9105459855e-02
7.0701144792e+00 2.6477858732e+00 1.8630181142e+00 2.5723868273e+07 -8.0961010532e-03 -1.2681103290e-02 -1.7509600583e+05 1.2000483710e+08 6.9989200520e-02
7.1199022734e+00 2.7373021275e+00 1.7327942814e+00 2.5758189248e+07 -8.4694017029e-03 -4.0977257897e-03 -6.0913172159e+04 1.1999961506e+08 7.1005865074e-02
7.1696900676e+00 2.8213512764e+00 1.6580372132e+00 2.5840532756e+07 -8.6295879465e-03 -2.4731945112e-03 -3.8544770448e+04 1.2000215606e+08 7.2128157527e-02
7.2194778619e+00 2.9026607543e+00 1.6037430500e+00 2.5928771133e+07 -8.6570806670e-03 1.9659270776e-03 3.1784439071e+04 1.2000092078e+08 7.3198348337e-02
7.2692656561e+00 2.9809068709e+00 1.5438551186e+00 2.6009353302e+07 -8.4269281976e-03 7.2633562388e-03 1.2236588544e+05 1.1999773820e+08 7.4258275655e-02
7.3190534503e+00 3.0566068473e+00 1.4889903972e+00 2.6088703855e+07 -7.9169302088e-03 1.2771854104e-02 2.2377654015e+05 1.1999660481e+08 7.5288742114e-02
7.3688412445e+00 3.1282639273e+00 1.3943283036e+00 2.6142806468e+07 -7.1840680782e-03 1.7248527559e-02 3.2339938640e+05 1.1999755275e+08 7.6403659310e-02
7.4186290387e+00 3.1960459288e+00 1.3174383586e+00 2.6215380402e+07 -6.1839898239e-03 2.1383424001e-02 4.2550347106e+05 1.1999632509e+08 7.7589839358e-02
7.4684168329e+00 3.2578905583e+00 1.1653626110e+00 2.6237217523e+07 -5.1649435240e-03 2.0308580091e-02 4.5723161906e+05 1.2000048574e+08 7.8996673028e-02
7.5182046272e+00 3.3125246758e+00 1.0331171983e+00 2.6294165444e+07 -4.0579455364e-03 2.4191236742e-02 6.1569818241e+05 1.2000161646e+08 8.0700569128e-02
7.5679924214e+00 3.3608650244e+00 9.1172196397e-01 2.6373463404e+07 -2.8196378812e-03 2.4958700401e-02 7.2198257544e+05 1.2000055742e+08 8.2635678843e-02
7.6177802156e+00 3.4036892347e+00 8.1611735183e-01 2.6493843298e+07 -1.5912817380e-03 2.4581473064e-02 7.9799515835e+05 1.2000426960e+08 8.4757467296e-02
7.6675680098e+00 3.4431184372e+00 7.7606288491e-01 2.6690518767e+07 -3.3651805037e-04 2.6018735526e-02 8.9484185156e+05 1.2000415252e+08 8.6923323193e-02
7.7173558040e+00 3.4811586345e+00 7.4961407494e-01 2.6894001097e+07 1.0000460604e-03 2.7574757182e-02 9.8930312905e+05 1.2000036898e+08 8.8997812518e-02
7.7671435982e+00 3.5177373997e+00 7.2594792015e-01 2.7091834210e+07 2.4138568061e-03 2.9598243849e-02 1.1045843552e+06 1.1999652439e+08 9.1008506417e-02
7.8169313925e+00 3.5540012866e+00 7.3179705908e-01 2.7318084188e+07 3.9873704787e-03 3.3645410484e-02 1.2559877697e+06 1.1999336783e+08 9.2869399449e-02
7.8667191867e+00 3.5907775076e+00 7.4918889224e-01 2.7539462537e+07 5.7611218054e-03 3.7634070144e-02 1.3833921933e+06 1.1999639649e+08 9.4519302753e-02
7.9165069809e+00 3.6286756795e+00 7.6913023769e-01 2.7735448085e+07 7.7221575234e-03 4.0686688909e-02 1.4671943615e+06 1.2000054116e+08 9.5913138379e-02
7.9662947751e+00 3.6669643641e+00 7.6958818404e-01 2.7881463910e+07 9.7779140337e-03 4.1924199535e-02 1.5188747444e+06 1.2000156491e+08 9.7141888756e-02
8.0160825693e+00 3.7059684994e+00 8.0540357407e-01 2.8059522420e+07 1.1928749243e-02 4.4809030901e-02 1.5611055720e+06 1.2000398043e+08 9.8181077671e-02
8.0658703635e+00 3.7475766910e+00 8.6471840401e-01 2.8222077798e+07 1.4266795584e-02 4.9238227770e-02 1.6070030293e+06 1.2000384500e+08 9.8841930556e-02
8.1156581578e+00 3.7916810099e+00 9.0226738526e-01 2.8308614805e+07 1.6821093922e-02 5.3056634410e-02 1.6646504694e+06 1.2000274097e+08 9.9164368880e-02
8.1654459520e+00 3.8372866365e+00 9.3083507225e-01 2.8358106174e+07 1.9537651557e-02 5.6115701948e-02 1.7095778633e+06 1.2000188172e+08 9.9286511416e-02
8.2152337462e+00 3.8844668395e+00 9.6454570449e-01 2.8389117201e+07 2.2424055766e-02 6.0042843170e-02 1.7672188098e+06 1.2000034606e+08 9.9218952591e-02
8.2650215404e+00 3.9335140580e+00 1.0092188584e+00 2.8405366133e+07 2.5550221350e-02 6.5908813031e-02 1.8550624079e+06 1.1999840009e+08 9.8948678517e-02
8.3148093346e+00 3.9852947419e+00 1.0711294419e+00 2.8404752450e+07 2.9019525515e-02 7.3484001233e-02 1.9486859220e+06 1.1999561188e+08 9.8402158506e-02
8.3645971288e+00 4.0400887754e+00 1.1274866597e+00 2.8362927922e+07 3.2866267438e-02 8.0910436645e-02 2.0353738671e+06 1.1999667288e+08 9.7586854329e-02
8.4143849231e+00 4.0970066172e+00 1.1521342904e+00 2.8272817464e+07 3.7020860494e-02 8.5067466579e-02 2.0875144284e+06 1.2000044150e+08 9.6644214273e-02
8.4641727173e+00 4.1546919263e+00 1.1672270317e+00 2.8179263584e+07 4.1297155046e-02 8.6735883505e-02 2.0939827962e+06 1.1999850908e+08 9.5744222009e-02
8.5139605115e+00 4.2130790639e+00 1.1724869460e+00 2.8083170733e+07 4.5629674653e-02 8.6561083379e-02 2.0732936018e+06 1.1999703596e+08 9.4891636989e-02
8.5637483057e+00 4.2709474496e+00 1.1502022884e+00 2.7983987933e+07 4.9833997656e-02 8.1716735752e-02 1.9881373652e+06 1.1999684230e+08 9.4211370353e-02
8.6135360999e+00 4.3276134270e+00 1.1269556219e+00 2.7912224965e+07 5.3734208324e-02 7.4985618798e-02 1.8572297084e+06 1.1999706343e+08 9.3747674638e-02
8.6633238941e+00 4.3831994923e+00 1.1052513583e+00 2.7862108677e+07 5.7314647482e-02 6.8961622482e-02 1.7384427585e+06 1.2000167278e+08 9.3456196474e-02
8.7131116884e+00 4.4373494526e+00 1.0661064256e+00 2.7814060562e+07 6.0578651265e-02 6.1793160106e-02 1.6121455196e+06 1.2000612840e+08 9.3349055554e-02
8.7628994826e+00 4.4891749961e+00 1.0168375456e+00 2.7782967457e+07 6.3433025412e-02 5.2641037339e-02 1.4383066731e+06 1.2000578694e+08 9.3489408554e-02
8.8126872768e+00 4.5387662524e+00 9.7743345204e-01 2.7788103483e+07 6.5784836716e-02 4.1544370055e-02 1.1810924333e+06 1.2000323723e+08 9.3836577368e-02
8.8624750710e+00 4.5864776604e+00 9.3438690827e-01 2.7805054872e+07 6.7536768913e-02 2.8540846577e-02 8.4930535536e+05 1.2000282417e+08 9.4333228434e-02
8.9122628652e+00 4.6308606759e+00 8.4014224648e-01 2.7779952109e+07 6.8583117164e-02 1.3335191514e-02 4.4093840437e+05 1.2000368215e+08 9.5112120391e-02
8.9620506594e+00 4.6700015190e+00 7.4031281658e-01 2.7777920749e+07 6.8880540659e-02 -7.7269004182e-04 -2.8992774762e+04 1.2000130189e+08 9.6338990182e-02
9.0118384537e+00 4.7058744260e+00 7.1675861085e-01 2.7907783916e+07 6.8558707435e-02 -1.1695185903e-02 -4.5536491100e+05 1.1999713394e+08 9.7782059703e-02
9.0616262479e+00 4.7429721859e+00 7.8789611603e-01 2.8157485326e+07 6.7737011054e-02 -2.1103758151e-02 -7.5419683937e+05 1.1999645972e+08 9.8966442902e-02
9.1114140421e+00 4.7855039151e+00 9.2730842474e-01 2.8408326117e+07 6.6481462878e-02 -2.8818663600e-02 -8.8286698572e+05 1.1999845549e+08 9.9448346760e-02
9.1612018363e+00 4.8356256473e+00 1.0834398912e+00 2.8547182325e+07 6.4946448464e-02 -3.1675081109e-02 -8.3459573803e+05 1.1999883305e+08 9.9032182618e-02
9.2109896305e+00 4.8927514385e+00 1.1994464712e+00 2.8536220532e+07 6.3462342696e-02 -2.6626686432e-02 -6.3347970441e+05 1.1999710786e+08 9.7883160295e-02
9.2607774247e+00 4.9536549567e+00 1.2315217198e+00 2.8403495098e+07 6.2392868527e-02 -1.5976795363e-02 -3.6848463288e+05 1.1999684156e+08 9.6476779520e-02
9.3105652190e+00 5.0140339963e+00 1.1837108774e+00 2.8220002291e+07 6.1859082781e-02 -6.0892364509e-03 -1.4516912016e+05 1.1999638409e+08 9.5330625050e-02
9.3603530132e+00 5.0707763428e+00 1.0914992795e+00 2.8050452023e+07 6.1714660778e-02 -4.9658025771e-04 -1.2761621520e+04 1.1999660030e+08 9.4728292363e-02
9.4101408074e+00 5.1224776559e+00 9.8594377006e-01 2.7927861098e+07 6.1748857111e-02 1.4183493784e-03 4.0176190197e+04 1.1999793264e+08 9.4724233721e-02
9.4599286016e+00 5.1690574266e+00 8.8728931214e-01 2.7863157071e+07 6.1827002792e-02 1.5279459927e-03 4.7981417796e+04 1.1999796618e+08 9.5241662237e-02
9.5097163958e+00 5.2109083391e+00 7.9472946716e-01 2.7843957425e+07 6.1886664325e-02 7.7674065650e-04 2.7213705624e+04 1.1999890317e+08 9.6183272750e-02
9.5595041900e+00 5.2481675345e+00 7.0210322029e-01 2.7854150132e+07 6.1901795472e-02 -1.0826508726e-04 -4.2951405256e+03 1.2000248392e+08 9.7502230550e-02
9.6092919843e+00 5.2807313706e+00 6.0552003423e-01 2.7880382421e+07 6.1886576802e-02 -3.7674413183e-04 -1.7346693547e+04 1.2000806341e+08 9.9191874195e-02
9.6590797785e+00 5.3083289218e+00 5.0262215943e-01 2.7907231073e+07 6.1873175713e-02 -1.2736460840e-04 -7.0717008600e+03 1.2001100719e+08 1.0127438499e-01
9.7088675727e+00 5.3307155414e+00 3.9761201811e-01 2.7925605062e+07 6.1873057082e-02 9.0187642745e-05 6.3341759758e+03 1.2000793133e+08 1.0377920513e-01
9.7586553669e+00 5.3480259692e+00 3.0028527598e-01 2.7938405245e+07 6.1879491170e-02 1.5153057231e-04 1.4098335399e+04 1.2000294999e+08 1.0670500871e-01
9.8084431611e+00 5.3608495128e+00 2.1819391758e-01 2.7951012209e+07 6.1887580365e-02 1.7615455059e-04 2.2565697747e+04 1.2000082936e+08 1.1000943987e-01
9.8582309553e+00 5.3700381836e+00 1.5415913871e-01 2.7966887952e+07 6.1897616928e-02 2.2923902284e-04 4.1587557635e+04 1.1999882821e+08 1.1362108506e-01
9.9080187495e+00 5.3764450035e+00 1.0582989619e-01 2.7967334696e+07 6.1909582642e-02 2.3293968582e-04 6.1558240081e+04 1.1999657252e+08 1.1739086655e-01
9.9578065438e+00 5.3808128110e+00 7.2280467636e-02 2.7909811404e+07 6.1918964776e-02 1.3286702364e-04 5.1304227725e+04 1.1999598813e+08 1.2072112117e-01
1.0007594338e+01 5.3838443383e+00 5.1244050302e-02 2.7790966554e+07 6.1922645167e-02 2.2736305993e-05 1.2330483552e+04 1.1999587294e+08 1.2316613405e-01
1.0057382132e+01 5.3860386873e+00 3.7964292628e-02 2.7646256945e+07 6.1922265024e-02 -2.7384371044e-05 -1.9941774382e+04 1.1999696053e+08 1.2495505132e-01
1.0107169926e+01 5.3877021895e+00 2.9566836941e-02 2.7510624909e+07 6.1920647679e-02 -3.3013719510e-05 -3.0717795620e+04 1.1999798676e+08 1.2632113811e-01
1.0156957721e+01 5.3890369959e+00 2.4533806736e-02 2.7418829553e+07 6.1919297858e-02 -1.8455642289e-05 -2.0625910836e+04 1.1999670518e+08 1.2742353857e-01
1.0206745515e+01 5.3901778912e+00 2.1530476391e-02 2.7375495328e+07 6.1919109052e-02 1.3439042063e-05 1.7087426517e+04 1.1999588640e+08 1.2836916943e-01
1.0256533309e+01 5.3911920729e+00 1.9266803996e-02 2.7343560863e+07 6.1920780422e-02 5.2765367424e-05 7.4884917908e+04 1.1999721419e+08 1.2921169429e-01
1.0306321103e+01 5.3920979584e+00 1.7157486102e-02 2.7295200573e+07 6.1924087447e-02 7.5830304831e-05 1.2063558540e+05 1.1999881109e+08 1.2996602737e-01
1.0356108897e+01 5.3929048922e+00 1.5339639085e-02 2.7241802067e+07 6.1927935731e-02 7.5429897314e-05 1.3395662839e+05 1.1999950773e+08 1.3063979354e-01
1.0405896692e+01 5.3936330843e+00 1.3991769964e-02 2.7204855982e+07 6.1931358272e-02 6.0822137582e-05 1.1825934086e+05 1.2000030314e+08 1.3124926571e-01
1.0455684486e+01 5.3943026189e+00 1.2930696215e-02 2.7178142070e+07 6.1933991248e-02 4.6298642558e-05 9.7311936198e+04 1.2000231403e+08 1.3181063206e-01
1.0505472280e+01 5.3949209198e+00 1.1910303080e-02 2.7142232642e+07 6.1936157614e-02 4.2791118466e-05 9.7516115638e+04 1.2000404721e+08 1.3232992814e-01
1.0555260074e+01 5.3954888315e+00 1.0925772605e-02 2.7095979995e+07 6.1938398727e-02 4.7619734416e-05 1.1809722001e+05 1.2000397546e+08 1.3280788548e-01
1.0605047869e+01 5.3960120162e+00 1.0140356209e-02 2.7059181433e+07 6.1940792750e-02 4.6239646028e-05 1.2338885790e+05 1.2000300737e+08 1.3324910388e-01
1.0654835663e+01 5.3965030733e+00 9.6313161938e-03 2.7047233690e+07 6.1942746310e-02 3.0140307284e-05 8.4641799541e+04 1.2000273634e+08 1.3366379297e-01
1.0704623457e+01 5.3969746663e+00 9.3459547241e-03 2.7059113579e+07 6.1943633573e-02 4.4485070682e-06 1.2879653451e+04 1.2000285915e+08 1.3406223209e-01
1.0754411251e+01 5.3974362326e+00 9.2146015272e-03 2.7088886504e+07 6.1943070059e-02 -2.7950480316e-05 -8.2168218211e+04 1.2000324375e+08 1.3445209242e-01
1.0804199045e+01 5.3978933116e+00 9.1531938929e-03 2.7126618667e+07 6.1940757151e-02 -6.5587716015e-05 -1.9437728321e+05 1.2000326633e+08 1.3483788033e-01
1.0853986840e+01 5.3983478160e+00 9.0980970918e-03 2.7163809398e+07 6.1936458293e-02 -1.0702269052e-04 -3.1953318780e+05 1.2000136847e+08 1.3522115983e-01
1.0903774634e+01 5.3987977454e+00 8.9597513926e-03 2.7189031171e+07 6.1930190305e-02 -1.4275878263e-04 -4.3321213066e+05 1.1999963510e+08 1.3560033067e-01
1.0953562428e+01 5.3992389484e+00 8.7608846009e-03 2.7204956626e+07 6.1922397595e-02 -1.6917684593e-04 -5.2534064369e+05 1.1999874206e+08 1.3597205656e-01
1.1003350222e+01 5.3996699226e+00 8.5514904611e-03 2.7217723861e+07 6.1913371110e-02 -1.9328157853e-04 -6.1517751272e+05 1.1999882084e+08 1.3633514428e-01
1.1053138017e+01 5.4000900862e+00 8.3210363943e-03 2.7225186168e+07 6.1903174051e-02 -2.1540726456e-04 -7.0478034246e+05 1.1999808485e+08 1.3668914661e-01
1.1102925811e+01 5.4004973657e+00 8.0279303639e-03 2.7221051991e+07 6.1892072954e-02 -2.2819838418e-04 -7.7377353794e+05 1.1999584229e+08 1.3703240768e-01
1.1152713605e+01 5.4008884669e+00 7.6830054096e-03 2.7206895543e+07 6.1880690292e-02 -2.2695913476e-04 -8.0370286664e+05 1.1999488981e+08 1.3736227518e-01
1.1202501399e+01 5.4012624256e+00 7.3329082489e-03 2.7188778352e+07 6.1869686927e-02 -2.1189867937e-04 -7.8567275505e+05 1.1999250686e+08 1.3767797195e-01
1.1252289193e+01 5.4016155874e+00 6.8096801052e-03 2.7138849819e+07 6.1860142655e-02 -1.6466158013e-04 -6.5623139783e+05 1.1999159949e+08 1.3797652737e-01
1.1302076988e+01 5.4019363601e+00 6.0622047931e-03 2.7037640422e+07 6.1853906718e-02 -8.2856919197e-05 -3.6954468947e+05 1.1999375007e+08 1.3824850453e-01
1.1351864782e+01 5.4022205789e+00 5.4038047239e-03 2.6931967902e+07 6.1851935854e-02 1.0663579536e-06 5.3146106580e+03 1.1999740903e+08 1.3849047202e-01
1.1401652576e+01 5.4024806934e+00 5.1200079880e-03 2.6892526835e+07 6.1853714151e-02 6.6497755808e-05 3.4927536963e+05 1.2000098529e+08 1.3871257805e-01
1.1451440370e+01 5.4027380364e+00 5.2962321742e-03 2.6957107992e+07 6.1858193472e-02 1.0906511998e-04 5.5512676194e+05 1.2000501217e+08 1.3893229857e-01
1.1501228164e+01 5.4030160301e+00 5.9396638403e-03 2.7123336401e+07 6.1864156337e-02 1.2654239612e-04 5.7785290063e+05 1.2000809006e+08 1.3916875327e-01
1.1551015959e+01 5.4033344108e+00 6.8527373962e-03 2.7328465530e+07 6.1870562081e-02 1.3048749960e-04 5.2037936504e+05 1.2000855742e+08 1.3943783652e-01
1.1600803753e+01 5.4036940355e+00 7.5002056318e-03 2.7472309092e+07 6.1877328083e-02 1.4411521777e-04 5.2787590124e+05 1.2000578409e+08 1.3973998641e-01
1.1650591547e+01 5.4040710250e+00 7.5446102623e-03 2.7515000625e+07 6.1885152350e-02 1.7154736007e-04 6.2562883377e+05 1.2000429144e+08 1.4005582865e-01
1.1700379341e+01 5.4044373324e+00 7.1188187583e-03 2.7478167468e+07 6.1894516989e-02 2.0507618877e-04 7.9158046443e+05 1.2000484498e+08 1.4036283613e-01
1.1750167136e+01 5.4047777667e+00 6.5712903002e-03 2.7409694859e+07 6.1905579424e-02 2.3848724877e-04 9.9476090965e+05 1.2000304502e+08 1.4064883343e-01
1.1799954930e+01 5.4050946441e+00 6.1989733843e-03 2.7364621505e+07 6.1918175315e-02 2.6617759937e-04 1.1750089585e+06 1.2000191798e+08 1.4091568546e-01
1.1849742724e+01 5.4053989637e+00 6.0686843521e-03 2.7365723571e+07 6.1931916152e-02 2.8297588284e-04 1.2760327178e+06 1.2000245146e+08 1.4117225131e-01
1.1899530518e+01 5.4057036818e+00 6.2224175599e-03 2.7429229255e+07 6.1945943546e-02 2.7516075896e-04 1.2129445616e+06 1.2000195577e+08 1.4142895303e-01
1.1949318312e+01 5.4060234216e+00 6.6611288550e-03 2.7552123243e+07 6.1958723478e-02 2.3278366792e-04 9.6285246047e+05 1.1999923295e+08 1.4169749223e-01
1.1999106107e+01 5.4063706713e+00 7.3165729615e-03 2.7708121345e+07 6.1968636892e-02 1.6185164379e-04 6.1293791638e+05 1.1999470692e+08 1.4198777941e-01
1.2000000000e+01 5.4063772192e+00 7.3303580761e-03 2.7711231007e+07 6.1968780726e-02 1.6029214166e-04 6.0595847026e+05 1.1999461011e+08 1.4199323866e-01
