# TPV104 station: x2_12_x3_3 (along_strike=12000, down_dip=3000)
# Columns (SCEC TPV104 trace layout): t  h-slip  h-slip-rate  h-shear-stress  v-slip  v-slip-rate  v-shear-stress  n-stress  psi
# BP5 convention: h = strike = component 2, v = dip = component 1.  TPV104 is pure strike-slip so v-slip / v-slip-rate / v-shear-stress ≈ 0.
0.0000000000e+00 0.0000000000e+00 1.0000000000e-16 4.0000000000e+07 0.0000000000e+00 0.0000000000e+00 0.0000000000e+00 1.2000000000e+08 5.6359184263e-01
2.4770046874e-04 2.4770046874e-20 1.0000000000e-16 4.0000000000e+07 0.0000000000e+00 0.0000000000e+00 0.0000000000e+00 1.2000000000e+08 5.6359184263e-01
5.0035494685e-02 5.0035494685e-18 1.0000000000e-16 4.0000000000e+07 2.6988160450e-37 1.3520960806e-35 5.4083843225e-12 1.2000000000e+08 5.6359184263e-01
9.9823288902e-02 9.9823288902e-18 1.0000000000e-16 4.0000000000e+07 -1.2024553023e-37 -9.2307409221e-36 -3.6922963688e-12 1.2000000000e+08 5.6359184263e-01
1.4961108312e-01 1.4961108312e-17 1.0000000000e-16 4.0000000000e+07 -2.4444836373e-39 6.1719640146e-36 2.4687856059e-12 1.2000000000e+08 5.6359184263e-01
1.9939887733e-01 1.9939887733e-17 1.0000000000e-16 4.0000000000e+07 -5.5761970197e-38 -1.9397917163e-36 -7.7591668650e-13 1.2000000000e+08 5.6359184263e-01
2.4918667155e-01 2.4918667155e-17 1.0000000000e-16 4.0000000000e+07 1.6854284381e-38 1.0302643669e-36 4.1210574675e-13 1.2000000000e+08 5.6359184263e-01
2.9897446577e-01 2.9897446577e-17 1.0000000000e-16 4.0000000000e+07 -2.5956040323e-38 -1.2213719926e-36 -4.8854879704e-13 1.2000000000e+08 5.6359184263e-01
3.4876225998e-01 3.4876225998e-17 1.0000000000e-16 4.0000000000e+07 -4.5648900192e-38 6.2904384616e-37 2.5161753847e-13 1.2000000000e+08 5.6359184263e-01
3.9855005420e-01 3.9855005420e-17 1.0000000000e-16 4.0000000000e+07 -1.6856890158e-38 -2.6578467592e-37 -1.0631387037e-13 1.2000000000e+08 5.6359184263e-01
4.4833784842e-01 4.4833784842e-17 1.0000000000e-16 4.0000000000e+07 -4.1038311004e-38 -8.7455755484e-38 -3.4982302194e-14 1.2000000000e+08 5.6359184263e-01
4.9812564263e-01 4.9812564263e-17 1.0000000000e-16 4.0000000000e+07 -3.2340815619e-38 1.7527977467e-37 7.0111909870e-14 1.2000000000e+08 5.6359184263e-01
5.4791343685e-01 5.4791343685e-17 1.0000000000e-16 4.0000000000e+07 -1.6250360485e-38 5.1102197825e-37 2.0440879130e-13 1.2000000000e+08 5.6359184263e-01
5.9770123107e-01 5.9770123107e-17 1.0000000000e-16 4.0000000000e+07 -1.1187638683e-38 -5.2290235142e-37 -2.0916094057e-13 1.2000000000e+08 5.6359184263e-01
6.4748902528e-01 6.4748902528e-17 1.0000000000e-16 4.0000000000e+07 -3.9713906833e-38 -1.6423865878e-37 -6.5695463511e-14 1.2000000000e+08 5.6359184263e-01
6.9727681950e-01 6.9727681950e-17 1.0000000000e-16 4.0000000000e+07 -2.6956803794e-38 2.7933801800e-37 1.1173520720e-13 1.2000000000e+08 5.6359184263e-01
7.4706461372e-01 7.4706461372e-17 1.0000000000e-16 4.0000000000e+07 -2.8195437704e-38 -5.8048945407e-38 -2.3219578163e-14 1.2000000000e+08 5.6359184263e-01
7.9685240793e-01 7.9685240793e-17 1.0000000000e-16 4.0000000000e+07 -1.2827047390e-38 4.4387800291e-37 1.7755120116e-13 1.2000000000e+08 5.6359184263e-01
8.4664020215e-01 8.4664020215e-17 1.0000000000e-16 4.0000000000e+07 -1.8596543214e-38 -6.7287274098e-37 -2.6914909639e-13 1.2000000000e+08 5.6359184263e-01
8.9642799636e-01 8.9642799636e-17 1.0000000000e-16 4.0000000000e+07 -4.1865872904e-38 1.0646860030e-37 4.2587440121e-14 1.2000000000e+08 5.6359184263e-01
9.4621579058e-01 9.4621579058e-17 1.0000000000e-16 4.0000000000e+07 -1.2054131833e-38 7.3085768516e-37 2.9234307406e-13 1.2000000000e+08 5.6359184263e-01
9.9600358480e-01 9.9600358480e-17 1.0000000000e-16 4.0000000000e+07 4.9488793662e-39 -5.3013988755e-38 -2.1205595502e-14 1.2000000000e+08 5.6359184263e-01
1.0457913790e+00 1.0457913790e-16 1.0000000000e-16 4.0000000000e+07 -4.5369291718e-39 -2.1892921238e-37 -8.7571684953e-14 1.2000000000e+08 5.6359184263e-01
1.0955791732e+00 1.0955791732e-16 1.0000000000e-16 4.0000000000e+07 -1.5728405335e-38 -2.4559280755e-37 -9.8237123019e-14 1.2000000000e+08 5.6359184263e-01
1.1453669674e+00 1.1453669674e-16 1.0000000000e-16 4.0000000000e+07 -2.3204581662e-38 5.6651006406e-38 2.2660402562e-14 1.2000000000e+08 5.6359184263e-01
1.1951547617e+00 1.1951547617e-16 1.0000000000e-16 4.0000000000e+07 -6.7265613024e-39 4.6906902132e-37 1.8762760853e-13 1.2000000000e+08 5.6359184263e-01
1.2449425559e+00 1.2449425559e-16 1.0000000000e-16 4.0000000000e+07 -3.9251031424e-39 -6.2647309944e-37 -2.5058923978e-13 1.2000000000e+08 5.6359184263e-01
1.2947303501e+00 1.2947303501e-16 1.0000000000e-16 4.0000000000e+07 -7.4007822542e-38 -1.9647394160e-36 -7.8589576639e-13 1.2000000000e+08 5.6359184263e-01
1.3445181443e+00 1.3445181443e-16 1.0000000000e-16 4.0000000000e+07 -1.7277319367e-37 -1.8831762396e-36 -7.5327049583e-13 1.2000000000e+08 5.6359184263e-01
1.3943059385e+00 1.3943059385e-16 1.0000000000e-16 4.0000000000e+07 -2.7524709641e-37 -2.5196763953e-36 -1.0078705581e-12 1.2000000000e+08 5.6359184263e-01
1.4440937327e+00 1.4440937327e-16 1.0000000000e-16 4.0000000000e+07 -4.4341302639e-37 -4.2284245010e-36 -1.6913698004e-12 1.2000000000e+08 5.6359184263e-01
1.4938815270e+00 1.4938815270e-16 1.0000000000e-16 4.0000000000e+07 -6.8315935914e-37 -5.2613449182e-36 -2.1045379673e-12 1.2000000000e+08 5.6359184263e-01
1.5436693212e+00 1.5436693212e-16 1.0000000000e-16 4.0000000000e+07 -9.7051440762e-37 -6.4782562304e-36 -2.5913024922e-12 1.2000000000e+08 5.6359184263e-01
1.5934571154e+00 1.5934571154e-16 1.0000000000e-16 4.0000000000e+07 -1.3526926010e-36 -9.0267216205e-36 -3.6106886482e-12 1.2000000000e+08 5.6359184263e-01
1.6432449096e+00 1.6432449096e-16 1.0000000000e-16 4.0000000000e+07 -1.8720254534e-36 -1.1732799639e-35 -4.6931198557e-12 1.2000000000e+08 5.6359184263e-01
1.6930327038e+00 1.6930327038e-16 1.0000000000e-16 4.0000000000e+07 -2.5117149820e-36 -1.3886813770e-35 -5.5547255079e-12 1.2000000000e+08 5.6359184263e-01
1.7428204980e+00 1.7428204980e-16 1.0000000000e-16 4.0000000000e+07 -3.2516330741e-36 -1.5790802638e-35 -6.3163210553e-12 1.2000000000e+08 5.6359184263e-01
1.7926082923e+00 1.7926082923e-16 1.0000000000e-16 4.0000000000e+07 -4.0787586158e-36 -1.7364632044e-35 -6.9458528177e-12 1.2000000000e+08 5.6359184263e-01
1.8423960865e+00 1.8423960865e-16 1.0000000000e-16 4.0000000000e+07 -4.9811885667e-36 -1.8984378469e-35 -7.5937513876e-12 1.2000000000e+08 5.6359184263e-01
1.8921838807e+00 1.8921838807e-16 1.0000000000e-16 4.0000000000e+07 -5.9899802091e-36 -2.1775146972e-35 -8.7100587888e-12 1.2000000000e+08 5.6359184263e-01
1.9419716749e+00 1.9419716749e-16 1.0000000000e-16 4.0000000000e+07 -7.1717446081e-36 -2.5843155619e-35 -1.0337262248e-11 1.2000000000e+08 5.6359184263e-01
1.9917594691e+00 1.9917594691e-16 1.0000000000e-16 4.0000000000e+07 -8.5860163491e-36 -3.1377125932e-35 -1.2550850373e-11 1.2000000000e+08 5.6359184263e-01
2.0415472633e+00 2.0415472633e-16 1.0000000000e-16 4.0000000000e+07 -1.0416908103e-35 -4.4774573381e-35 -1.7909829352e-11 1.2000000000e+08 5.6359184263e-01
2.0913350576e+00 2.0913350576e-16 1.0000000000e-16 4.0000000000e+07 -1.3752223890e-35 -1.0491639526e-34 -4.1966558104e-11 1.2000000000e+08 5.6359184263e-01
2.1411228518e+00 2.1411228518e-16 1.0000000000e-16 4.0000000000e+07 -2.5605532887e-35 -4.8733905363e-34 -1.9493562145e-10 1.2000000000e+08 5.6359184263e-01
2.1909106460e+00 2.1909106460e-16 1.0000000000e-16 4.0000000000e+07 -1.0027932396e-34 -3.5142073961e-33 -1.4056829585e-09 1.2000000000e+08 5.6359184263e-01
2.2406984402e+00 2.2406984402e-16 1.0000000000e-16 4.0000000000e+07 -7.4404497001e-34 -3.2060846845e-32 -1.2824338738e-08 1.2000000000e+08 5.6359184263e-01
2.2904862344e+00 2.2904862344e-16 1.0000000000e-16 4.0000000000e+07 -7.1745334045e-33 -3.4006003500e-31 -1.3602401400e-07 1.2000000000e+08 5.6359184263e-01
2.3402740286e+00 2.3402740286e-16 1.0000000000e-16 4.0000000000e+07 -7.7889955835e-32 -3.7225530178e-30 -1.4890212071e-06 1.2000000000e+08 5.6359184263e-01
2.3900618229e+00 2.3900618229e-16 1.0000000000e-16 4.0000000000e+07 -8.8161775626e-31 -4.2440406532e-29 -1.6976162612e-05 1.2000000000e+08 5.6359184263e-01
2.4398496171e+00 2.4398496171e-16 1.0000000004e-16 4.0000000000e+07 -9.3942602201e-30 -4.4117726448e-28 -1.7647090573e-04 1.2000000000e+08 5.6359184263e-01
2.4896374113e+00 2.4896374114e-16 1.0000000036e-16 4.0000000004e+07 -9.4627174527e-29 -4.2318595613e-27 -1.6927438187e-03 1.2000000000e+08 5.6359184263e-01
2.5394252055e+00 2.5394252062e-16 1.0000000301e-16 4.0000000036e+07 -8.3675165566e-28 -3.5528318999e-26 -1.4211327185e-02 1.2000000000e+08 5.6359184263e-01
2.5892129997e+00 2.5892130052e-16 1.0000002117e-16 4.0000000256e+07 -6.4195587725e-27 -2.4943178308e-25 -9.9772692744e-02 1.2000000000e+08 5.6359184263e-01
2.6390007939e+00 2.6390008291e-16 1.0000012571e-16 4.0000001514e+07 -4.1378312576e-26 -1.4764640555e-24 -5.9058490214e-01 1.2000000002e+08 5.6359184263e-01
2.6887885882e+00 2.6887887792e-16 1.0000060970e-16 4.0000007337e+07 -2.2415990296e-25 -7.1459001713e-24 -2.8583431654e+00 1.2000000006e+08 5.6359184263e-01
2.7385763824e+00 2.7385772464e-16 1.0000246989e-16 4.0000029661e+07 -1.0119817744e-24 -2.8885335832e-23 -1.1553857532e+01 1.2000000007e+08 5.6359184263e-01
2.7883641766e+00 2.7883674738e-16 1.0000820583e-16 4.0000098448e+07 -3.8543158540e-24 -9.5823056676e-23 -3.8326172025e+01 1.1999999995e+08 5.6359184263e-01
2.8381519708e+00 2.8381622148e-16 1.0002103067e-16 4.0000252586e+07 -1.1974434610e-23 -2.4613236798e-22 -9.8432867799e+01 1.2000000073e+08 5.6359184263e-01
2.8879397650e+00 2.8879658536e-16 1.0004530625e-16 4.0000543251e+07 -3.0556119634e-23 -5.3207080057e-22 -2.1273482853e+02 1.1999999910e+08 5.6359184263e-01
2.9377275592e+00 2.9377872560e-16 1.0009384755e-16 4.0001126146e+07 -7.0099170157e-23 -1.1065278245e-21 -4.4220858896e+02 1.2000000152e+08 5.6359184263e-01
2.9875153535e+00 2.9876389807e-16 1.0017597460e-16 4.0002126219e+07 -1.4590709615e-22 -2.0971326573e-21 -8.3742399906e+02 1.2000004916e+08 5.6359184263e-01
3.0373031477e+00 3.0376094505e-16 1.0072850563e-16 4.0008701116e+07 -3.6366094549e-22 -8.6779051325e-21 -3.4468069449e+03 1.1999997265e+08 5.6359184263e-01
3.0870909419e+00 3.0882424628e-16 1.0304183131e-16 4.0035922640e+07 -1.3764910293e-21 -3.6695692935e-20 -1.4257762163e+04 1.1999990194e+08 5.6359184263e-01
3.1368787361e+00 3.1405734381e-16 1.0740039154e-16 4.0085717279e+07 -4.4947114304e-21 -9.1954259798e-20 -3.4320661293e+04 1.2000017710e+08 5.6359184263e-01
3.1866665303e+00 3.1953254020e-16 1.1256597118e-16 4.0142008947e+07 -1.0774915925e-20 -1.6130421088e-19 -5.7522491111e+04 1.2000001734e+08 5.6359184263e-01
3.2364543245e+00 3.2527211708e-16 1.1803262806e-16 4.0198755465e+07 -2.0699506272e-20 -2.3849595010e-19 -8.1225340270e+04 1.1999965965e+08 5.6359184263e-01
3.2862421188e+00 3.3129547151e-16 1.2400171980e-16 4.0258010911e+07 -3.4727995527e-20 -3.2678923351e-19 -1.0609437151e+05 1.1999998880e+08 5.6359184263e-01
3.3360299130e+00 3.3763401203e-16 1.3074268757e-16 4.0321567526e+07 -5.3526095353e-20 -4.3096203557e-19 -1.3291041466e+05 1.2000031806e+08 5.6359184263e-01
3.3858177072e+00 3.4433360216e-16 1.3853249424e-16 4.0390848360e+07 -7.8028954280e-20 -5.5669037649e-19 -1.6230990934e+05 1.2000012810e+08 5.6359184263e-01
3.4356055014e+00 3.5144951611e-16 1.4746726596e-16 4.0465596637e+07 -1.0942133053e-19 -7.0826577721e-19 -1.9435090944e+05 1.1999978135e+08 5.6359184263e-01
3.4853932956e+00 3.5904087201e-16 1.5765444544e-16 4.0545619039e+07 -1.4910792070e-19 -8.9066682728e-19 -2.2906197012e+05 1.1999989478e+08 5.6359184263e-01
3.5351810898e+00 3.6717345766e-16 1.6920762946e-16 4.0630356711e+07 -1.9876614479e-19 -1.1098380893e-18 -2.6649576976e+05 1.2000016907e+08 5.6359184263e-01
3.5849688841e+00 3.7591708956e-16 1.8221928223e-16 4.0718945178e+07 -2.6048395484e-19 -1.3774051435e-18 -3.0779664940e+05 1.2000007502e+08 5.6359184263e-01
3.6347566783e+00 3.8534520871e-16 1.9665406691e-16 4.0809995123e+07 -3.3697700771e-19 -1.7037252644e-18 -3.5356003983e+05 1.1999985420e+08 5.6359184263e-01
3.6845444725e+00 3.9552481804e-16 2.1244178801e-16 4.0902188950e+07 -4.3126956903e-19 -2.0935780665e-18 -4.0308418818e+05 1.1999976356e+08 5.6359184263e-01
3.7343322667e+00 4.0653214038e-16 2.2995601201e-16 4.0996832774e+07 -5.4679894287e-19 -2.5585334939e-18 -4.5613841047e+05 1.2000010110e+08 5.6359184263e-01
3.7841200609e+00 4.1846064922e-16 2.4947130016e-16 4.1094068133e+07 -6.8762073063e-19 -3.1113608706e-18 -5.1251777467e+05 1.2000047382e+08 5.6359184263e-01
3.8339078551e+00 4.3141727388e-16 2.7133924158e-16 4.1193961258e+07 -8.5850470426e-19 -3.7696115615e-18 -5.7229183556e+05 1.1999994463e+08 5.6359184263e-01
3.8836956494e+00 4.4553057500e-16 2.9588386042e-16 4.1296737239e+07 -1.0652970689e-18 -4.5553804592e-18 -6.3579794309e+05 1.1999922388e+08 5.6359184263e-01
3.9334834436e+00 4.6092392819e-16 3.2278478653e-16 4.1400247720e+07 -1.3145710695e-18 -5.4785805822e-18 -7.0268055597e+05 1.1999959129e+08 5.6359184263e-01
3.9832712378e+00 4.7774253297e-16 3.5352990446e-16 4.1508643862e+07 -1.6140148795e-18 -6.5781330875e-18 -7.7235158939e+05 1.2000076208e+08 5.6359184263e-01
4.0330590320e+00 4.9624976529e-16 3.9128668761e-16 4.1629302653e+07 -1.9736464913e-18 -7.9072714735e-18 -8.4126091624e+05 1.2000124701e+08 5.6359184263e-01
4.0828468262e+00 5.1692875293e-16 4.4181475529e-16 4.1773320672e+07 -2.4078629221e-18 -9.6063713786e-18 -9.0827666410e+05 1.2000013107e+08 5.6359184263e-01
4.1326346204e+00 5.4052266029e-16 5.0764189394e-16 4.1938102761e+07 -2.9391580296e-18 -1.1796366914e-17 -9.7453983556e+05 1.1999877856e+08 5.6359184263e-01
4.1824224146e+00 5.6756266759e-16 5.7795777563e-16 4.2092481622e+07 -3.5864187653e-18 -1.4198892056e-17 -1.0341008083e+06 1.1999892695e+08 5.6359184263e-01
4.2322102089e+00 5.9824913785e-16 6.6093160818e-16 4.2252356468e+07 -4.3611819807e-18 -1.7171155520e-17 -1.0977259599e+06 1.2000009251e+08 5.6359184263e-01
4.2819980031e+00 6.3501780737e-16 8.4162338604e-16 4.2539458270e+07 -5.3610875119e-18 -2.4040144383e-17 -1.2150977929e+06 1.2000035105e+08 5.6359184263e-01
4.3317857973e+00 6.8479046007e-16 1.1640702113e-15 4.2923904493e+07 -6.8760660169e-18 -3.7255100438e-17 -1.3737439181e+06 1.1999960344e+08 5.6359184263e-01
4.3815735915e+00 7.4570555001e-16 1.1615630608e-15 4.2921298367e+07 -8.8609684096e-18 -3.7323596832e-17 -1.3791564916e+06 1.2000002563e+08 5.6359184263e-01
4.4313613857e+00 7.8908664350e-16 5.4973488461e-16 4.2033320827e+07 -1.0139644947e-17 -1.3474070358e-17 -1.0302419185e+06 1.2000132751e+08 5.6359184263e-01
4.4811491799e+00 8.0483877263e-16 1.5644187340e-16 4.0535137283e+07 -1.0442672377e-17 -1.6715952518e-18 -4.3312152649e+05 1.2000108192e+08 5.6359184263e-01
4.5309369742e+00 8.0949373051e-16 5.6625172480e-17 3.9317410673e+07 -1.0466510427e-17 8.6891018801e-20 6.0332352563e+04 1.1999974185e+08 5.6359184263e-01
4.5807247684e+00 8.1174859910e-16 4.0110541655e-17 3.8902614674e+07 -1.0456568385e-17 2.4983800079e-19 2.4231414173e+05 1.1999871451e+08 5.6359184263e-01
4.6305125626e+00 8.1383576702e-16 4.5659606299e-17 3.9058241049e+07 -1.0444041076e-17 2.4293600983e-19 2.0781285693e+05 1.1999853854e+08 5.6359184263e-01
4.6803003568e+00 8.1638817070e-16 5.6886949799e-17 3.9322697850e+07 -1.0432780337e-17 2.1283812928e-19 1.4712283711e+05 1.1999966354e+08 5.6359184263e-01
4.7300881510e+00 8.1947766758e-16 6.6989303791e-17 3.9519709145e+07 -1.0422019720e-17 2.2883107314e-19 1.3499673742e+05 1.2000211760e+08 5.6359184263e-01
4.7798759452e+00 8.2308779055e-16 7.8738396330e-17 3.9714025291e+07 -1.0409373822e-17 2.8090907574e-19 1.4168475176e+05 1.2000337675e+08 5.6359184263e-01
4.8296637395e+00 8.2743891248e-16 9.7435651800e-17 3.9968995034e+07 -1.0394167008e-17 3.2589936802e-19 1.3368689983e+05 1.2000115742e+08 5.6359184263e-01
4.8794515337e+00 8.3296127391e-16 1.2606711329e-16 4.0277081375e+07 -1.0377491601e-17 3.3615376314e-19 1.0739749740e+05 1.1999775726e+08 5.6359184263e-01
4.9292393279e+00 8.4019898971e-16 1.6670634909e-16 4.0611979374e+07 -1.0361684440e-17 2.8691303258e-19 6.9895995115e+04 1.1999634006e+08 5.6359184263e-01
4.9790271221e+00 8.4982832546e-16 2.2275579953e-16 4.0960247371e+07 -1.0350406615e-17 1.4908257147e-19 2.7413243647e+04 1.1999756601e+08 5.6359184263e-01
5.0288149163e+00 8.6271867237e-16 2.9807603195e-16 4.1310555964e+07 -1.0349272338e-17 -1.3660511880e-19 -1.8932194474e+04 1.1999984339e+08 5.6359184263e-01
5.0786027105e+00 8.7985176004e-16 3.9273234270e-16 4.1642172936e+07 -1.0369348920e-17 -7.3765937334e-19 -7.8215455803e+04 1.2000200141e+08 5.6359184263e-01
5.1283905048e+00 9.0223029732e-16 5.1166101120e-16 4.1959816148e+07 -1.0429734394e-17 -1.7195757990e-18 -1.4101735876e+05 1.2000301945e+08 5.6359184263e-01
5.1781782990e+00 9.3196219566e-16 7.0027266106e-16 4.2335799042e+07 -1.0536006128e-17 -2.3867090553e-18 -1.4429127475e+05 1.2000135618e+08 5.6359184263e-01
5.2279660932e+00 9.7462391718e-16 1.0413866156e-15 4.2811015751e+07 -1.0641979202e-17 -1.6325311220e-18 -6.7112746150e+04 1.1999804083e+08 5.6359184263e-01
5.2777538874e+00 1.0372382279e-15 1.4525137380e-15 4.3209466741e+07 -1.0725418621e-17 -2.9909000129e-18 -8.8973474917e+04 1.1999583131e+08 5.6359184263e-01
5.3275416816e+00 1.1123304353e-15 1.4587092489e-15 4.3212568329e+07 -1.1167442925e-17 -1.6839511924e-17 -4.9885099460e+05 1.1999778750e+08 5.6359184263e-01
5.3773294758e+00 1.1742030036e-15 9.9956251948e-16 4.2743704356e+07 -1.2410264000e-17 -3.0983833167e-17 -1.3249434416e+06 1.2000303367e+08 5.6359184263e-01
5.4271172701e+00 1.2137396754e-15 6.3714574090e-16 4.2168072533e+07 -1.4041148225e-17 -3.3412985918e-17 -2.2113640934e+06 1.2000618088e+08 5.6359184263e-01
5.4769050643e+00 1.2424100427e-15 5.5969804984e-16 4.1979234779e+07 -1.5761268278e-17 -3.6915326839e-17 -2.7687735784e+06 1.2000332843e+08 5.6359184263e-01
5.5266928585e+00 1.2738050528e-15 7.4620689754e-16 4.2313095855e+07 -1.7904618555e-17 -5.1469043221e-17 -2.9185130378e+06 1.1999711578e+08 5.6359184263e-01
5.5764806527e+00 1.3218959194e-15 1.2393895669e-15 4.2926197425e+07 -2.1166703501e-17 -8.2504618435e-17 -2.8575434504e+06 1.1999415943e+08 5.6359184263e-01
5.6262684469e+00 1.4031270206e-15 2.0753739407e-15 4.3551085457e+07 -2.6458688036e-17 -1.3320750924e-16 -2.7953187157e+06 1.1999714944e+08 5.6359184263e-01
5.6760562411e+00 1.5328954942e-15 3.1417052755e-15 4.4052268865e+07 -3.4703681556e-17 -1.9823450128e-16 -2.7795985883e+06 1.2000182125e+08 5.6359184263e-01
5.7258440354e+00 1.7119664233e-15 3.9668897183e-15 4.4334698621e+07 -4.5918803446e-17 -2.4648489600e-16 -2.7547611239e+06 1.2000326218e+08 5.6359184263e-01
5.7756318296e+00 1.9241140518e-15 4.6302305872e-15 4.4522826414e+07 -5.8952073840e-17 -2.8116983490e-16 -2.7036398115e+06 1.2000107969e+08 5.6359184263e-01
5.8254196238e+00 2.2071201631e-15 7.4635170937e-15 4.5096812388e+07 -7.5944698852e-17 -4.4501727777e-16 -2.6889280795e+06 1.1999904979e+08 5.6359184263e-01
5.8752074180e+00 2.8240234795e-15 2.0087579409e-14 4.6282199811e+07 -1.1276825024e-16 -1.2042543817e-15 -2.7746270859e+06 1.1999978844e+08 5.6359184263e-01
5.9249952122e+00 4.6910674391e-15 6.1671055258e-14 4.7622745389e+07 -2.2602315551e-16 -3.7735473604e-15 -2.9139550864e+06 1.2000072970e+08 5.6359184263e-01
5.9747830064e+00 1.0031241216e-14 1.6935213647e-13 4.8826687948e+07 -5.5826982346e-16 -1.0685486239e-14 -3.0807813415e+06 1.1999980870e+08 5.6359184263e-01
6.0245708007e+00 2.4811862550e-14 4.8031284889e-13 5.0069779002e+07 -1.5076940615e-15 -3.1072417386e-14 -3.2391160785e+06 1.1999882576e+08 5.6359184263e-01
6.0743585949e+00 7.2463917886e-14 1.7898644546e-12 5.1646536354e+07 -4.5795897391e-15 -1.1520400263e-13 -3.3242113360e+06 1.1999988353e+08 5.6359184263e-01
6.1241463891e+00 3.3186835008e-13 1.2763391200e-11 5.3999823823e+07 -2.1265014253e-14 -8.1949099096e-13 -3.4671325546e+06 1.2000053510e+08 5.6359184263e-01
6.1739341833e+00 1.1831898378e-11 1.5986301520e-09 5.9780933604e+07 -7.6726542855e-13 -1.0407241663e-10 -3.8917983754e+06 1.2000050242e+08 5.6359184264e-01
6.2237219775e+00 5.1381745676e-04 2.3585497567e-01 8.2290860396e+07 -3.2249682115e-05 -1.4682239894e-02 -5.1226994470e+06 1.1999976027e+08 5.6330734758e-01
6.2735097717e+00 2.4889982044e-01 9.7493942530e+00 5.8563664200e+07 -4.7709274197e-03 5.1482280842e-02 3.0924905992e+05 1.1999525233e+08 3.2541619712e-01
6.3232975660e+00 8.0210034333e-01 1.0703318664e+01 3.2931915232e+07 3.8312142773e-03 7.9470064605e-02 2.4451308171e+05 1.1999900702e+08 1.1211044485e-01
6.3730853602e+00 1.2485918120e+00 7.3486428614e+00 2.6946303115e+07 3.0700956725e-03 4.3251697054e-03 1.5859708534e+04 1.2000042933e+08 6.6360831359e-02
6.4228731544e+00 1.5603927734e+00 5.4234170014e+00 2.5449755960e+07 6.7432216754e-03 1.1508054259e-01 5.4002333287e+05 1.2000086928e+08 5.7043109411e-02
6.4726609486e+00 1.8080822918e+00 4.6525434293e+00 2.5018680658e+07 1.3245430000e-02 1.4157518178e-01 7.6130923138e+05 1.2000159830e+08 5.5045091153e-02
6.5224487428e+00 2.0277840993e+00 4.1664288329e+00 2.4881527908e+07 1.7725586204e-02 2.5570248628e-02 1.5270316147e+05 1.2000148969e+08 5.4923544776e-02
6.5722365370e+00 2.2216405865e+00 3.6367991525e+00 2.4814989894e+07 1.8953131695e-02 5.1753766932e-02 3.5313173743e+05 1.2000357088e+08 5.5744900156e-02
6.6220243313e+00 2.3932896466e+00 3.2711122648e+00 2.4842376312e+07 2.1257817298e-02 1.3974338413e-02 1.0612774661e+05 1.2000277172e+08 5.7017246142e-02
6.6718121255e+00 2.5465470282e+00 2.8990532567e+00 2.4875125049e+07 2.0416919603e-02 -3.3948464167e-02 -2.9129243812e+05 1.1999863581e+08 5.8517598801e-02
6.7215999197e+00 2.6855754992e+00 2.7134630662e+00 2.4966160727e+07 1.7438814857e-02 -1.0268167907e-01 -9.4475850264e+05 1.1999541608e+08 6.0070977295e-02
6.7713877139e+00 2.8166349411e+00 2.5622138070e+00 2.4978776253e+07 9.0729498738e-03 -2.4086288715e-01 -2.3481491472e+06 1.1999678388e+08 6.1478622546e-02
6.8211755081e+00 2.9481826701e+00 2.8381736219e+00 2.4959571154e+07 -8.5416186329e-03 -4.9517401363e-01 -4.3546775757e+06 1.2000209514e+08 6.2399244250e-02
6.8709633023e+00 3.1044460510e+00 3.3711559241e+00 2.4838645864e+07 -4.1134285325e-02 -7.7648805967e-01 -5.7211568868e+06 1.2000629324e+08 6.1825689098e-02
6.9207510966e+00 3.2722579837e+00 3.2683417390e+00 2.4714362732e+07 -8.0086066976e-02 -7.4102759897e-01 -5.6034608184e+06 1.1999779859e+08 6.0933437011e-02
6.9705388908e+00 3.4225282550e+00 2.7287116727e+00 2.4666433923e+07 -1.1218738442e-01 -5.4046557182e-01 -4.8855870146e+06 1.1999090422e+08 6.1181486315e-02
7.0203266850e+00 3.5455438244e+00 2.2912433664e+00 2.4697735098e+07 -1.3519181230e-01 -4.1490174956e-01 -4.4723025291e+06 1.2000403628e+08 6.2555145465e-02
7.0701144792e+00 3.6597485604e+00 2.3775616317e+00 2.4878988804e+07 -1.5622219475e-01 -4.4452847653e-01 -4.6515803601e+06 1.2000645349e+08 6.3923307845e-02
7.1199022734e+00 3.7898926556e+00 2.9139644724e+00 2.5215827316e+07 -1.7980140081e-01 -4.9560595619e-01 -4.2886982070e+06 1.1999748720e+08 6.4158113172e-02
7.1696900676e+00 3.9512481156e+00 3.5126991971e+00 2.5448788265e+07 -2.0348741653e-01 -4.2826868964e-01 -3.1027191887e+06 1.2000155317e+08 6.2839263153e-02
7.2194778619e+00 4.1316004699e+00 3.6422001707e+00 2.5401537630e+07 -2.2095543149e-01 -2.7652731319e-01 -1.9285647747e+06 1.2000614012e+08 6.1161375682e-02
7.2692656561e+00 4.3066079492e+00 3.3428057432e+00 2.5238364913e+07 -2.3200897224e-01 -1.7869750001e-01 -1.3491758304e+06 1.2000091726e+08 6.0379956437e-02
7.3190534503e+00 4.4624680414e+00 2.9208265589e+00 2.5125108549e+07 -2.3943346166e-01 -1.2479895987e-01 -1.0735274246e+06 1.1999486947e+08 6.0696749192e-02
7.3688412445e+00 4.5982910862e+00 2.5517332765e+00 2.5089898450e+07 -2.4500886870e-01 -1.0571470382e-01 -1.0394390386e+06 1.1999139980e+08 6.1751866516e-02
7.4186290387e+00 4.7178374718e+00 2.2642159594e+00 2.5112405587e+07 -2.5034861452e-01 -1.0911233861e-01 -1.2101642912e+06 1.1999146163e+08 6.3196580863e-02
7.4684168329e+00 4.8252505772e+00 2.0660684413e+00 2.5193701947e+07 -2.5574474254e-01 -1.0593459833e-01 -1.2917697415e+06 1.2000227027e+08 6.4802693796e-02
7.5182046272e+00 4.9245959124e+00 1.9376367200e+00 2.5308974587e+07 -2.6084318402e-01 -1.0036444204e-01 -1.3109377453e+06 1.2000670347e+08 6.6403619325e-02
7.5679924214e+00 5.0189898752e+00 1.8531041305e+00 2.5428455948e+07 -2.6588178339e-01 -1.0197331825e-01 -1.3992867364e+06 1.1999992626e+08 6.7892819424e-02
7.6177802156e+00 5.1086447721e+00 1.7482990196e+00 2.5526991557e+07 -2.7090848969e-01 -9.9261955617e-02 -1.4493282182e+06 1.2000157265e+08 6.9314133604e-02
7.6675680098e+00 5.1935527347e+00 1.6712028261e+00 2.5641109106e+07 -2.7573724738e-01 -9.4689246227e-02 -1.4528082742e+06 1.2000827534e+08 7.0703989862e-02
7.7173558040e+00 5.2755962022e+00 1.6244228528e+00 2.5760968872e+07 -2.8035300917e-01 -9.1116491657e-02 -1.4449741958e+06 1.2000482497e+08 7.1987312753e-02
7.7671435982e+00 5.3549765042e+00 1.5618001746e+00 2.5852851736e+07 -2.8484331411e-01 -8.9472203576e-02 -1.4810547797e+06 1.1998918249e+08 7.3189159386e-02
7.8169313925e+00 5.4310029615e+00 1.4953033533e+00 2.5938731132e+07 -2.8929529206e-01 -8.9790419535e-02 -1.5575766251e+06 1.1998756831e+08 7.4377368583e-02
7.8667191867e+00 5.5046756751e+00 1.4745683268e+00 2.6058127055e+07 -2.9377820305e-01 -8.9693516966e-02 -1.5850367994e+06 1.1999809519e+08 7.5503826611e-02
7.9165069809e+00 5.5782535123e+00 1.4785492125e+00 2.6180057223e+07 -2.9816564516e-01 -8.6310303000e-02 -1.5282607115e+06 1.2000796612e+08 7.6445569446e-02
7.9662947751e+00 5.6514952663e+00 1.4590910410e+00 2.6264233759e+07 -3.0237407004e-01 -8.2610526391e-02 -1.4870231638e+06 1.2001121237e+08 7.7253285874e-02
8.0160825693e+00 5.7232179692e+00 1.4255492824e+00 2.6332855840e+07 -3.0635046032e-01 -7.7033090034e-02 -1.4229611559e+06 1.2000997129e+08 7.8030909040e-02
8.0658703635e+00 5.7944155611e+00 1.4419376434e+00 2.6431258163e+07 -3.1007791947e-01 -7.3071911768e-02 -1.3394355666e+06 1.2000170610e+08 7.8715074807e-02
8.1156581578e+00 5.8665329383e+00 1.4461275312e+00 2.6496521054e+07 -3.1362810854e-01 -6.9457195894e-02 -1.2726222368e+06 1.1999025176e+08 7.9223676103e-02
8.1654459520e+00 5.9377970401e+00 1.4153475123e+00 2.6530652010e+07 -3.1701363174e-01 -6.7210480658e-02 -1.2598586978e+06 1.1999342434e+08 7.9712442271e-02
8.2152337462e+00 6.0076480401e+00 1.3932401094e+00 2.6571698387e+07 -3.2040659079e-01 -6.9660065809e-02 -1.3285479264e+06 1.2000114863e+08 8.0223902741e-02
8.2650215404e+00 6.0763810751e+00 1.3622844167e+00 2.6603849472e+07 -3.2392019733e-01 -7.0417492994e-02 -1.3751727326e+06 1.2000073401e+08 8.0735986315e-02
8.3148093346e+00 6.1427948066e+00 1.3041864212e+00 2.6624742006e+07 -3.2732673034e-01 -6.6080765392e-02 -1.3490274868e+06 1.1999717640e+08 8.1342337143e-02
8.3645971288e+00 6.2062810790e+00 1.2478740457e+00 2.6660739572e+07 -3.3050210096e-01 -6.1710737126e-02 -1.3184454769e+06 1.1999390463e+08 8.2077818592e-02
8.4143849231e+00 6.2672560139e+00 1.2035389619e+00 2.6716491084e+07 -3.3350579962e-01 -5.9397917560e-02 -1.3185314187e+06 1.1999722094e+08 8.2897830494e-02
8.4641727173e+00 6.3259922130e+00 1.1514660527e+00 2.6768867658e+07 -3.3643236166e-01 -5.7870586550e-02 -1.3453545322e+06 1.2000260833e+08 8.3777155446e-02
8.5139605115e+00 6.3813589136e+00 1.0699483694e+00 2.6805744769e+07 -3.3921684791e-01 -5.3648038058e-02 -1.3440607573e+06 1.2000959449e+08 8.4805829317e-02
8.5637483057e+00 6.4326575706e+00 9.9628934085e-01 2.6867025289e+07 -3.4177799343e-01 -4.9606792578e-02 -1.3377508883e+06 1.2000788062e+08 8.6030636452e-02
8.6135360999e+00 6.4810696390e+00 9.5106265694e-01 2.6966406353e+07 -3.4418942617e-01 -4.7418061297e-02 -1.3444905023e+06 1.1999698302e+08 8.7345690490e-02
8.6633238941e+00 6.5271984086e+00 8.9893095378e-01 2.7061028020e+07 -3.4648997193e-01 -4.4781382939e-02 -1.3480793529e+06 1.1999349228e+08 8.8705440740e-02
8.7131116884e+00 6.5704317014e+00 8.3936536055e-01 2.7157405002e+07 -3.4863103677e-01 -4.1231650045e-02 -1.3340372045e+06 1.2000294626e+08 9.0170520234e-02
8.7628994826e+00 6.6110505423e+00 7.9571284901e-01 2.7281103913e+07 -3.5061212560e-01 -3.8635786468e-02 -1.3246322548e+06 1.2000884142e+08 9.1719674456e-02
8.8126872768e+00 6.6497805178e+00 7.5855073000e-01 2.7410203058e+07 -3.5249209356e-01 -3.6829690621e-02 -1.3308395320e+06 1.1999903985e+08 9.3293762414e-02
8.8624750710e+00 6.6861834523e+00 6.9968872482e-01 2.7507864580e+07 -3.5426118678e-01 -3.4057802329e-02 -1.3389631434e+06 1.1998477975e+08 9.4945601240e-02
8.9122628652e+00 6.7191980105e+00 6.2711570631e-01 2.7596590886e+07 -3.5587553162e-01 -3.0904392875e-02 -1.3599657578e+06 1.1998581887e+08 9.6786579705e-02
8.9620506594e+00 6.7487547764e+00 5.6177573831e-01 2.7710675298e+07 -3.5735232473e-01 -2.8487007505e-02 -1.4051767660e+06 1.1999918944e+08 9.8829753951e-02
9.0118384537e+00 6.7752346746e+00 5.0424909434e-01 2.7848165178e+07 -3.5870954810e-01 -2.6091936195e-02 -1.4409793833e+06 1.2001122656e+08 1.0104654571e-01
9.0616262479e+00 6.7992148165e+00 4.6065822969e-01 2.8018233703e+07 -3.5996692726e-01 -2.4571805956e-02 -1.4945105881e+06 1.2001108844e+08 1.0338916115e-01
9.1114140421e+00 6.8209290184e+00 4.0831720619e-01 2.8164346740e+07 -3.6114678796e-01 -2.2549716775e-02 -1.5554035748e+06 1.2000611653e+08 1.0584801723e-01
9.1612018363e+00 6.8396824106e+00 3.4679934712e-01 2.8286499143e+07 -3.6219197917e-01 -1.9469304520e-02 -1.5880031788e+06 1.2000336177e+08 1.0851847670e-01
9.2109896305e+00 6.8558206303e+00 3.0588257709e-01 2.8477026470e+07 -3.6310308610e-01 -1.7373820064e-02 -1.6174662138e+06 1.2000116450e+08 1.1137755103e-01
9.2607774247e+00 6.8703979429e+00 2.8034004013e-01 2.8722019045e+07 -3.6393717051e-01 -1.6176443392e-02 -1.6573448266e+06 1.1999625562e+08 1.1431632352e-01
9.3105652190e+00 6.8835714626e+00 2.4622584837e-01 2.8924810411e+07 -3.6470432119e-01 -1.4469374808e-02 -1.6997562435e+06 1.1999122339e+08 1.1733165441e-01
9.3603530132e+00 6.8947059808e+00 2.0098632148e-01 2.9062569743e+07 -3.6536277166e-01 -1.1938524822e-02 -1.7263075800e+06 1.1999046665e+08 1.2052312618e-01
9.4101408074e+00 6.9037153431e+00 1.6349596217e-01 2.9223856631e+07 -3.6589682381e-01 -9.6300518773e-03 -1.7213101270e+06 1.1999534997e+08 1.2391820288e-01
9.4599286016e+00 6.9111857136e+00 1.3799346560e-01 2.9447669734e+07 -3.6633120204e-01 -7.9015884709e-03 -1.6861912023e+06 1.2000416724e+08 1.2744242244e-01
9.5097163958e+00 6.9175082795e+00 1.1636992281e-01 2.9675363532e+07 -3.6668829218e-01 -6.4875153857e-03 -1.6543740242e+06 1.2000910706e+08 1.3101683073e-01
9.5595041900e+00 6.9227967502e+00 9.6528051088e-02 2.9871842122e+07 -3.6697950411e-01 -5.2363582060e-03 -1.6204581349e+06 1.2000670837e+08 1.3451029821e-01
9.6092919843e+00 6.9271768467e+00 8.0397489939e-02 3.0035946701e+07 -3.6721306317e-01 -4.2116882230e-03 -1.5734576177e+06 1.2000191350e+08 1.3769249270e-01
9.6590797785e+00 6.9308686158e+00 6.8097452954e-02 3.0169865560e+07 -3.6740399007e-01 -3.4799318127e-03 -1.5417474574e+06 1.1999709734e+08 1.4046244796e-01
9.7088675727e+00 6.9339377382e+00 5.5394942375e-02 3.0203641307e+07 -3.6755880285e-01 -2.7488964754e-03 -1.4988134218e+06 1.1999670930e+08 1.4278933751e-01
9.7586553669e+00 6.9364580230e+00 4.6878542735e-02 3.0237678791e+07 -3.6768150548e-01 -2.2345271037e-03 -1.4413185409e+06 1.2000086776e+08 1.4470928126e-01
9.8084431611e+00 6.9386629471e+00 4.1849749151e-02 3.0307140803e+07 -3.6778439667e-01 -1.9116459539e-03 -1.3843935571e+06 1.2000563716e+08 1.4639005117e-01
9.8582309553e+00 6.9406219426e+00 3.6917740056e-02 3.0335746385e+07 -3.6787260581e-01 -1.6472943453e-03 -1.3536013690e+06 1.1999914588e+08 1.4788377994e-01
9.9080187495e+00 6.9423629128e+00 3.3471251899e-02 3.0376611310e+07 -3.6795048677e-01 -1.5064919107e-03 -1.3672066808e+06 1.1999720541e+08 1.4921238475e-01
9.9578065438e+00 6.9440048969e+00 3.2941480723e-02 3.0507021656e+07 -3.6802477500e-01 -1.4925568719e-03 -1.3822531293e+06 1.1999693065e+08 1.5046358175e-01
1.0007594338e+01 6.9456625136e+00 3.3510437447e-02 3.0678918872e+07 -3.6809932225e-01 -1.4911224430e-03 -1.3651276421e+06 1.1999530278e+08 1.5172092010e-01
1.0057382132e+01 6.9473031509e+00 3.1899933711e-02 3.0770616369e+07 -3.6817151912e-01 -1.3927005763e-03 -1.3433963700e+06 1.1999912429e+08 1.5296079203e-01
1.0107169926e+01 6.9487925854e+00 2.7578886476e-02 3.0731306077e+07 -3.6823686766e-01 -1.2269747712e-03 -1.3672247890e+06 1.2000363797e+08 1.5408699895e-01
1.0156957721e+01 6.9500236077e+00 2.1837650208e-02 3.0559409851e+07 -3.6829323122e-01 -1.0362812707e-03 -1.4501626214e+06 1.2000207889e+08 1.5502287881e-01
1.0206745515e+01 6.9509832285e+00 1.7115074052e-02 3.0349707265e+07 -3.6834040167e-01 -8.7025168381e-04 -1.5431942492e+06 1.1999775867e+08 1.5575889853e-01
1.0256533309e+01 6.9517713991e+00 1.4964497134e-02 3.0257938565e+07 -3.6838132323e-01 -7.8886411381e-04 -1.5950687603e+06 1.1999362138e+08 1.5636765631e-01
1.0306321103e+01 6.9525032402e+00 1.4681730047e-02 3.0301063786e+07 -3.6842023164e-01 -7.8850890543e-04 -1.6273735154e+06 1.1999231539e+08 1.5693378635e-01
1.0356108897e+01 6.9532712548e+00 1.6820703331e-02 3.0529626013e+07 -3.6846260980e-01 -9.6364974497e-04 -1.7490271210e+06 1.1999450870e+08 1.5752552756e-01
1.0405896692e+01 6.9542873804e+00 2.5402954607e-02 3.1103320246e+07 -3.6852491370e-01 -1.6586818273e-03 -2.0308862831e+06 1.2000312563e+08 1.5829675370e-01
1.0455684486e+01 6.9559180253e+00 3.9994148784e-02 3.1775568566e+07 -3.6863913195e-01 -2.9456778897e-03 -2.3403570923e+06 1.2001136140e+08 1.5950383957e-01
1.0505472280e+01 6.9580662010e+00 4.2749048525e-02 3.2032414038e+07 -3.6880269484e-01 -3.3230239809e-03 -2.4899847759e+06 1.2000974663e+08 1.6106684710e-01
1.0555260074e+01 6.9598817797e+00 2.9008921211e-02 3.1725047250e+07 -3.6894443201e-01 -2.2636834226e-03 -2.4756337204e+06 1.2000383644e+08 1.6239197770e-01
1.0605047869e+01 6.9609908818e+00 1.6887560055e-02 3.1177292434e+07 -3.6903067842e-01 -1.3083678292e-03 -2.4154683263e+06 1.2000081842e+08 1.6321747605e-01
1.0654835663e+01 6.9616851578e+00 1.1980648783e-02 3.0830567995e+07 -3.6908432284e-01 -9.2185028708e-04 -2.3722561667e+06 1.1999929303e+08 1.6374462225e-01
1.0704623457e+01 6.9622451030e+00 1.0855872431e-02 3.0767453214e+07 -3.6912699400e-01 -8.1598760615e-04 -2.3126524980e+06 1.1999748505e+08 1.6417338773e-01
1.0754411251e+01 6.9627784232e+00 1.0533985899e-02 3.0786691166e+07 -3.6916632989e-01 -7.6197085031e-04 -2.2269406349e+06 1.1999827509e+08 1.6458205333e-01
1.0804199045e+01 6.9632836792e+00 9.6599992489e-03 3.0733705775e+07 -3.6920233273e-01 -6.8048109295e-04 -2.1649800541e+06 1.1999947739e+08 1.6496959684e-01
1.0853986840e+01 6.9637348913e+00 8.4813172695e-03 3.0620334912e+07 -3.6923399405e-01 -5.9425620063e-04 -2.1454596389e+06 1.1999950164e+08 1.6531703118e-01
1.0903774634e+01 6.9641328873e+00 7.5775226500e-03 3.0522460305e+07 -3.6926187744e-01 -5.3023631719e-04 -2.1358058156e+06 1.1999929242e+08 1.6562491499e-01
1.0953562428e+01 6.9644953301e+00 7.0360517328e-03 3.0469422933e+07 -3.6928709419e-01 -4.8519779663e-04 -2.1011353289e+06 1.1999917697e+08 1.6590621249e-01
1.1003350222e+01 6.9648380032e+00 6.7747915700e-03 3.0459835236e+07 -3.6931038101e-01 -4.5264317541e-04 -2.0351085936e+06 1.1999749691e+08 1.6617257943e-01
1.1053138017e+01 6.9651735857e+00 6.7259525808e-03 3.0486128541e+07 -3.6933240953e-01 -4.3465313519e-04 -1.9701137037e+06 1.1999563802e+08 1.6643342154e-01
1.1102925811e+01 6.9655067823e+00 6.6215774286e-03 3.0499907285e+07 -3.6935377953e-01 -4.2359853873e-04 -1.9511538295e+06 1.1999677718e+08 1.6669225149e-01
1.1152713605e+01 6.9658282578e+00 6.2562769658e-03 3.0461461077e+07 -3.6937443528e-01 -4.0402597286e-04 -1.9671797642e+06 1.1999957711e+08 1.6694217563e-01
1.1202501399e+01 6.9661280849e+00 5.7943887547e-03 3.0398458662e+07 -3.6939380008e-01 -3.7254999404e-04 -1.9544676881e+06 1.2000083115e+08 1.6717582477e-01
1.1252289193e+01 6.9664065026e+00 5.4097227462e-03 3.0345859485e+07 -3.6941146752e-01 -3.3779607666e-04 -1.8948683247e+06 1.2000161078e+08 1.6739334168e-01
1.1302076988e+01 6.9666687262e+00 5.1489796298e-03 3.0314683288e+07 -3.6942757552e-01 -3.1163847543e-04 -1.8347755016e+06 1.2000152819e+08 1.6759859503e-01
1.1351864782e+01 6.9669216710e+00 5.0349854582e-03 3.0313325746e+07 -3.6944272364e-01 -2.9876046907e-04 -1.7986990219e+06 1.2000016428e+08 1.6779676040e-01
1.1401652576e+01 6.9671713567e+00 4.9960645329e-03 3.0329774886e+07 -3.6945740264e-01 -2.9069098699e-04 -1.7647074289e+06 1.2000153981e+08 1.6799235086e-01
1.1451440370e+01 6.9674182523e+00 4.9084050708e-03 3.0335332666e+07 -3.6947157986e-01 -2.7785512652e-04 -1.7172233290e+06 1.2000537703e+08 1.6818571811e-01
1.1501228164e+01 6.9676589631e+00 4.7562443967e-03 3.0322676649e+07 -3.6948500415e-01 -2.6138361348e-04 -1.6664094886e+06 1.2000457564e+08 1.6837432334e-01
1.1551015959e+01 6.9678918597e+00 4.6045861732e-03 3.0306435737e+07 -3.6949763381e-01 -2.4657804441e-04 -1.6229257910e+06 1.1999859310e+08 1.6855695223e-01
1.1600803753e+01 6.9681179485e+00 4.4821358326e-03 3.0296577913e+07 -3.6950961180e-01 -2.3516185381e-04 -1.5895545544e+06 1.1999665341e+08 1.6873436476e-01
1.1650591547e+01 6.9683383160e+00 4.3704909442e-03 3.0289743198e+07 -3.6952108669e-01 -2.2608227286e-04 -1.5668660739e+06 1.2000276424e+08 1.6890738126e-01
1.1700379341e+01 6.9685530247e+00 4.2542174111e-03 3.0280123920e+07 -3.6953213318e-01 -2.1770200507e-04 -1.5495314541e+06 1.2000930045e+08 1.6907605356e-01
1.1750167136e+01 6.9687618679e+00 4.1356150892e-03 3.0266392726e+07 -3.6954275402e-01 -2.0883282935e-04 -1.5283376937e+06 1.2000723644e+08 1.6924022891e-01
1.1799954930e+01 6.9689647830e+00 4.0159327282e-03 3.0249189882e+07 -3.6955290528e-01 -1.9877215199e-04 -1.4972104803e+06 1.1999696031e+08 1.6939986027e-01
1.1849742724e+01 6.9691617609e+00 3.8988710796e-03 3.0232045032e+07 -3.6956252673e-01 -1.8771956475e-04 -1.4555870710e+06 1.1998828298e+08 1.6955493971e-01
1.1899530518e+01 6.9693533029e+00 3.8004625105e-03 3.0221549870e+07 -3.6957160741e-01 -1.7742781187e-04 -1.4109186579e+06 1.1998847751e+08 1.6970584407e-01
1.1949318312e+01 6.9695406275e+00 3.7282585740e-03 3.0219225624e+07 -3.6958023711e-01 -1.6977257610e-04 -1.3760836809e+06 1.1999416908e+08 1.6985349317e-01
1.1999106107e+01 6.9697246143e+00 3.6607949012e-03 3.0216533399e+07 -3.6958855206e-01 -1.6451614980e-04 -1.3579312333e+06 1.1999824154e+08 1.6999855442e-01
1.2000000000e+01 6.9697278859e+00 3.6592954661e-03 3.0216403775e+07 -3.6958869907e-01 -1.6442547022e-04 -1.3577330514e+06 1.1999828274e+08 1.7000113431e-01
