# TPV104 station: x2_-12_x3_12 (along_strike=-12000, down_dip=12000)
# Columns (SCEC TPV104 trace layout): t  h-slip  h-slip-rate  h-shear-stress  v-slip  v-slip-rate  v-shear-stress  n-stress  psi
# BP5 convention: h = strike = component 2, v = dip = component 1.  TPV104 is pure strike-slip so v-slip / v-slip-rate / v-shear-stress ≈ 0.
0.0000000000e+00 0.0000000000e+00 1.0000000000e-16 4.0000000000e+07 0.0000000000e+00 0.0000000000e+00 0.0000000000e+00 1.2000000000e+08 5.6359184263e-01
2.4770046874e-04 2.4770046874e-20 1.0000000000e-16 4.0000000000e+07 0.0000000000e+00 0.0000000000e+00 0.0000000000e+00 1.2000000000e+08 5.6359184263e-01
5.0035494685e-02 5.0035494685e-18 1.0000000000e-16 4.0000000000e+07 -3.5621177259e-37 -6.6271907231e-36 -2.6508762892e-12 1.2000000000e+08 5.6359184263e-01
9.9823288902e-02 9.9823288902e-18 1.0000000000e-16 4.0000000000e+07 1.4816233607e-37 4.3639468738e-36 1.7455787495e-12 1.2000000000e+08 5.6359184263e-01
1.4961108312e-01 1.4961108312e-17 1.0000000000e-16 4.0000000000e+07 -2.7619294295e-38 -2.5594503002e-36 -1.0237801201e-12 1.2000000000e+08 5.6359184263e-01
1.9939887733e-01 1.9939887733e-17 1.0000000000e-16 4.0000000000e+07 1.8728711338e-38 -8.5005659907e-37 -3.4002263963e-13 1.2000000000e+08 5.6359184263e-01
2.4918667155e-01 2.4918667155e-17 1.0000000000e-16 4.0000000000e+07 -1.1167001975e-37 -1.0427383944e-36 -4.1709535774e-13 1.2000000000e+08 5.6359184263e-01
2.9897446577e-01 2.9897446577e-17 1.0000000000e-16 4.0000000000e+07 -8.2519725505e-38 6.7634996110e-37 2.7053998444e-13 1.2000000000e+08 5.6359184263e-01
3.4876225998e-01 3.4876225998e-17 1.0000000000e-16 4.0000000000e+07 -6.3880257481e-38 -1.1676500111e-38 -4.6706000445e-15 1.2000000000e+08 5.6359184263e-01
3.9855005420e-01 3.9855005420e-17 1.0000000000e-16 4.0000000000e+07 -7.6942343417e-38 5.6345951801e-39 2.2538380721e-15 1.2000000000e+08 5.6359184263e-01
4.4833784842e-01 4.4833784842e-17 1.0000000000e-16 4.0000000000e+07 -6.2224286025e-38 1.3557747912e-37 5.4230991646e-14 1.2000000000e+08 5.6359184263e-01
4.9812564263e-01 4.9812564263e-17 1.0000000000e-16 4.0000000000e+07 -6.8073390363e-38 3.2243753829e-38 1.2897501531e-14 1.2000000000e+08 5.6359184263e-01
5.4791343685e-01 5.4791343685e-17 1.0000000000e-16 4.0000000000e+07 -4.6809860901e-38 4.3437479246e-37 1.7374991698e-13 1.2000000000e+08 5.6359184263e-01
5.9770123107e-01 5.9770123107e-17 1.0000000000e-16 4.0000000000e+07 -5.8517267747e-38 -7.3054575953e-37 -2.9221830381e-13 1.2000000000e+08 5.6359184263e-01
6.4748902528e-01 6.4748902528e-17 1.0000000000e-16 4.0000000000e+07 -7.1747336891e-38 4.7802388083e-37 1.9120955233e-13 1.2000000000e+08 5.6359184263e-01
6.9727681950e-01 6.9727681950e-17 1.0000000000e-16 4.0000000000e+07 -2.8597990545e-38 7.9905901501e-37 3.1962360601e-13 1.2000000000e+08 5.6359184263e-01
7.4706461372e-01 7.4706461372e-17 1.0000000000e-16 4.0000000000e+07 -2.5765482799e-38 -6.5935924511e-37 -2.6374369804e-13 1.2000000000e+08 5.6359184263e-01
7.9685240793e-01 7.9685240793e-17 1.0000000000e-16 4.0000000000e+07 -5.6618771159e-38 -1.4150887070e-37 -5.6603548279e-14 1.2000000000e+08 5.6359184263e-01
8.4664020215e-01 8.4664020215e-17 1.0000000000e-16 4.0000000000e+07 -3.1474064391e-38 8.5166944379e-37 3.4066777752e-13 1.2000000000e+08 5.6359184263e-01
8.9642799636e-01 8.9642799636e-17 1.0000000000e-16 4.0000000000e+07 -8.8149922853e-39 -1.4085894760e-37 -5.6343579039e-14 1.2000000000e+08 5.6359184263e-01
9.4621579058e-01 9.4621579058e-17 1.0000000000e-16 4.0000000000e+07 -3.3585408877e-38 -4.9982444927e-37 -1.9992977971e-13 1.2000000000e+08 5.6359184263e-01
9.9600358480e-01 9.9600358480e-17 1.0000000000e-16 4.0000000000e+07 -3.4896514182e-38 3.7730216076e-37 1.5092086430e-13 1.2000000000e+08 5.6359184263e-01
1.0457913790e+00 1.0457913790e-16 1.0000000000e-16 4.0000000000e+07 -2.2448411442e-38 -7.5761732731e-38 -3.0304693093e-14 1.2000000000e+08 5.6359184263e-01
1.0955791732e+00 1.0955791732e-16 1.0000000000e-16 4.0000000000e+07 -3.3140657629e-38 -6.9532080174e-38 -2.7812832069e-14 1.2000000000e+08 5.6359184263e-01
1.1453669674e+00 1.1453669674e-16 1.0000000000e-16 4.0000000000e+07 -1.4476721186e-38 7.0308670730e-37 2.8123468292e-13 1.2000000000e+08 5.6359184263e-01
1.1951547617e+00 1.1951547617e-16 1.0000000000e-16 4.0000000000e+07 9.2254312526e-39 -5.1835104899e-39 -2.0734041960e-15 1.2000000000e+08 5.6359184263e-01
1.2449425559e+00 1.2449425559e-16 1.0000000000e-16 4.0000000000e+07 -1.6021483767e-38 -7.3690989888e-37 -2.9476395955e-13 1.2000000000e+08 5.6359184263e-01
1.2947303501e+00 1.2947303501e-16 1.0000000000e-16 4.0000000000e+07 -2.7344105331e-38 5.3986218232e-37 2.1594487293e-13 1.2000000000e+08 5.6359184263e-01
1.3445181443e+00 1.3445181443e-16 1.0000000000e-16 4.0000000000e+07 3.0560698937e-38 1.3696616875e-36 5.4786467501e-13 1.2000000000e+08 5.6359184263e-01
1.3943059385e+00 1.3943059385e-16 1.0000000000e-16 4.0000000000e+07 6.1545773892e-38 -3.9930762531e-37 -1.5972305012e-13 1.2000000000e+08 5.6359184263e-01
1.4440937327e+00 1.4440937327e-16 1.0000000000e-16 4.0000000000e+07 1.3612871940e-39 -1.5719228689e-36 -6.2876914755e-13 1.2000000000e+08 5.6359184263e-01
1.4938815270e+00 1.4938815270e-16 1.0000000000e-16 4.0000000000e+07 -4.7969126490e-38 -1.3944120678e-37 -5.5776482711e-14 1.2000000000e+08 5.6359184263e-01
1.5436693212e+00 1.5436693212e-16 1.0000000000e-16 4.0000000000e+07 -2.1023804824e-38 8.0940557673e-37 3.2376223069e-13 1.2000000000e+08 5.6359184263e-01
1.5934571154e+00 1.5934571154e-16 1.0000000000e-16 4.0000000000e+07 -1.4599285356e-38 -8.8297353165e-37 -3.5318941266e-13 1.2000000000e+08 5.6359184263e-01
1.6432449096e+00 1.6432449096e-16 1.0000000000e-16 4.0000000000e+07 -1.1527555072e-37 -2.9693534680e-36 -1.1877413872e-12 1.2000000000e+08 5.6359184263e-01
1.6930327038e+00 1.6930327038e-16 1.0000000000e-16 4.0000000000e+07 -2.8685054616e-37 -3.7435831845e-36 -1.4974332738e-12 1.2000000000e+08 5.6359184263e-01
1.7428204980e+00 1.7428204980e-16 1.0000000000e-16 4.0000000000e+07 -4.8469191277e-37 -4.2866256647e-36 -1.7146502659e-12 1.2000000000e+08 5.6359184263e-01
1.7926082923e+00 1.7926082923e-16 1.0000000000e-16 4.0000000000e+07 -7.2627227473e-37 -5.5175512648e-36 -2.2070205059e-12 1.2000000000e+08 5.6359184263e-01
1.8423960865e+00 1.8423960865e-16 1.0000000000e-16 4.0000000000e+07 -1.0398548534e-36 -7.0941776692e-36 -2.8376710677e-12 1.2000000000e+08 5.6359184263e-01
1.8921838807e+00 1.8921838807e-16 1.0000000000e-16 4.0000000000e+07 -1.4379999212e-36 -8.9952306929e-36 -3.5980922772e-12 1.2000000000e+08 5.6359184263e-01
1.9419716749e+00 1.9419716749e-16 1.0000000000e-16 4.0000000000e+07 -1.9533243410e-36 -1.1924907160e-35 -4.7699628639e-12 1.2000000000e+08 5.6359184263e-01
1.9917594691e+00 1.9917594691e-16 1.0000000000e-16 4.0000000000e+07 -2.6583417232e-36 -1.6868397123e-35 -6.7473588491e-12 1.2000000000e+08 5.6359184263e-01
2.0415472633e+00 2.0415472633e-16 1.0000000000e-16 4.0000000000e+07 -3.7432873435e-36 -2.8956643018e-35 -1.1582657207e-11 1.2000000000e+08 5.6359184263e-01
2.0913350576e+00 2.0913350576e-16 1.0000000000e-16 4.0000000000e+07 -6.1415359081e-36 -8.0542954954e-35 -3.2217181982e-11 1.2000000000e+08 5.6359184263e-01
2.1411228518e+00 2.1411228518e-16 1.0000000000e-16 4.0000000000e+07 -1.5624107552e-35 -3.9336621583e-34 -1.5734648633e-10 1.2000000000e+08 5.6359184263e-01
2.1909106460e+00 2.1909106460e-16 1.0000000000e-16 4.0000000000e+07 -7.4929682370e-35 -2.7503082032e-33 -1.1001232813e-09 1.2000000000e+08 5.6359184263e-01
2.2406984402e+00 2.2406984402e-16 1.0000000000e-16 4.0000000000e+07 -5.6785300862e-34 -2.4340258114e-32 -9.7361032454e-09 1.2000000000e+08 5.6359184263e-01
2.2904862344e+00 2.2904862344e-16 1.0000000000e-16 4.0000000000e+07 -5.3175711338e-33 -2.4912208969e-31 -9.9648835874e-08 1.2000000000e+08 5.6359184263e-01
2.3402740286e+00 2.3402740286e-16 1.0000000000e-16 4.0000000000e+07 -5.6905786577e-32 -2.7069142957e-30 -1.0827657183e-06 1.2000000000e+08 5.6359184263e-01
2.3900618229e+00 2.3900618229e-16 1.0000000000e-16 4.0000000000e+07 -6.5657405489e-31 -3.2250767617e-29 -1.2900307046e-05 1.2000000000e+08 5.6359184263e-01
2.4398496171e+00 2.4398496171e-16 1.0000000003e-16 4.0000000000e+07 -7.3031704619e-30 -3.4878132740e-28 -1.3951253092e-04 1.2000000000e+08 5.6359184263e-01
2.4896374113e+00 2.4896374114e-16 1.0000000032e-16 4.0000000004e+07 -7.6958469262e-29 -3.4979010646e-27 -1.3991604215e-03 1.2000000000e+08 5.6359184263e-01
2.5394252055e+00 2.5394252061e-16 1.0000000272e-16 4.0000000033e+07 -6.9769571025e-28 -2.9965887462e-26 -1.1986354668e-02 1.2000000000e+08 5.6359184263e-01
2.5892129997e+00 2.5892130047e-16 1.0000001941e-16 4.0000000232e+07 -5.4926085210e-27 -2.1564472473e-25 -8.6257873650e-02 1.2000000000e+08 5.6359184263e-01
2.6390007939e+00 2.6390008263e-16 1.0000011629e-16 4.0000001394e+07 -3.6038799465e-26 -1.3006520049e-24 -5.2026021510e-01 1.1999999999e+08 5.6359184263e-01
2.6887885882e+00 2.6887887660e-16 1.0000057134e-16 4.0000006851e+07 -1.9954109394e-25 -6.4380313075e-24 -2.5751982510e+00 1.1999999998e+08 5.6359184263e-01
2.7385763824e+00 2.7385771936e-16 1.0000233224e-16 4.0000027987e+07 -9.1593988268e-25 -2.6440822292e-23 -1.0576089657e+01 1.2000000000e+08 5.6359184263e-01
2.7883641766e+00 2.7883673034e-16 1.0000785576e-16 4.0000094275e+07 -3.5517746654e-24 -8.9694649278e-23 -3.5875126007e+01 1.2000000003e+08 5.6359184263e-01
2.8381519708e+00 2.8381618091e-16 1.0002041960e-16 4.0000244976e+07 -1.1257698852e-23 -2.3544513962e-22 -9.4159405661e+01 1.1999999990e+08 5.6359184263e-01
2.8879397650e+00 2.8879649414e-16 1.0004368417e-16 4.0000524105e+07 -2.9014231304e-23 -5.0660018927e-22 -2.0255424668e+02 1.2000000003e+08 5.6359184263e-01
2.9377275592e+00 2.9377854157e-16 1.0009240185e-16 4.0001107945e+07 -6.6978366813e-23 -1.0764973796e-21 -4.3021335373e+02 1.1999999891e+08 5.6359184263e-01
2.9875153535e+00 2.9876358767e-16 1.0016795498e-16 4.0002008746e+07 -1.4017899928e-22 -1.9537189055e-21 -7.8021639515e+02 1.1999998495e+08 5.6359184263e-01
3.0373031477e+00 3.0375913579e-16 1.0066825428e-16 4.0007997514e+07 -3.3185429359e-22 -7.6140255862e-21 -3.0259978075e+03 1.2000001574e+08 5.6359184263e-01
3.0870909419e+00 3.0881766887e-16 1.0291410550e-16 4.0034475535e+07 -1.2580564238e-21 -3.4351724569e-20 -1.3363117428e+04 1.2000002478e+08 5.6359184263e-01
3.1368787361e+00 3.1404324514e-16 1.0722971555e-16 4.0083740028e+07 -4.2424872620e-21 -8.9058441210e-20 -3.3291102064e+04 1.1999996878e+08 5.6359184263e-01
3.1866665303e+00 3.1950909435e-16 1.1235908501e-16 4.0139809746e+07 -1.0373908920e-20 -1.5817813467e-19 -5.6508472200e+04 1.2000003804e+08 5.6359184263e-01
3.2364543245e+00 3.2523685012e-16 1.1776094671e-16 4.0196104720e+07 -2.0121710684e-20 -2.3436662465e-19 -7.9997874086e+04 1.1999999444e+08 5.6359184263e-01
3.2862421188e+00 3.3124545789e-16 1.2369384460e-16 4.0254992532e+07 -3.3913073128e-20 -3.2153091143e-19 -1.0463919591e+05 1.1999987265e+08 5.6359184263e-01
3.3360299130e+00 3.3756902457e-16 1.3044858917e-16 4.0318780429e+07 -5.2439322219e-20 -4.2533757463e-19 -1.3146245881e+05 1.2000005226e+08 5.6359184263e-01
3.3858177072e+00 3.4425322675e-16 1.3819409416e-16 4.0387952546e+07 -7.6640966820e-20 -5.5001861047e-19 -1.6074583848e+05 1.2000022622e+08 5.6359184263e-01
3.4356055014e+00 3.5135035385e-16 1.4705851525e-16 4.0462286917e+07 -1.0766084302e-19 -7.0001220941e-19 -1.9260424882e+05 1.1999981988e+08 5.6359184263e-01
3.4853932956e+00 3.5892007607e-16 1.5718463527e-16 4.0541902095e+07 -1.4689243435e-19 -8.8042375837e-19 -2.2708360618e+05 1.1999946160e+08 5.6359184263e-01
3.5351810898e+00 3.6702672204e-16 1.6864462584e-16 4.0626347233e+07 -1.9595499351e-19 -1.0957938479e-18 -2.6397580794e+05 1.2000009243e+08 5.6359184263e-01
3.5849688841e+00 3.7574268368e-16 1.8171030105e-16 4.0715855509e+07 -2.5679288986e-19 -1.3550009868e-18 -3.0361528253e+05 1.2000077209e+08 5.6359184263e-01
3.6347566783e+00 3.8515516685e-16 1.9664240334e-16 4.0810184115e+07 -3.3183986621e-19 -1.6676538519e-18 -3.4609656708e+05 1.2000043658e+08 5.6359184263e-01
3.6845444725e+00 3.9536097615e-16 2.1360455743e-16 4.0908832610e+07 -4.2394869298e-19 -2.0415720894e-18 -3.9099507928e+05 1.1999970305e+08 5.6359184263e-01
3.7343322667e+00 4.0646823393e-16 2.3290000443e-16 4.1012062111e+07 -5.3646026268e-19 -2.4896278788e-18 -4.3840605950e+05 1.1999944377e+08 5.6359184263e-01
3.7841200609e+00 4.1860051142e-16 2.5481230574e-16 4.1119484148e+07 -6.7348426248e-19 -3.0285536992e-18 -4.8872273048e+05 1.1999963580e+08 5.6359184263e-01
3.8339078551e+00 4.3189908050e-16 2.7985348665e-16 4.1231403137e+07 -8.4001970851e-19 -3.6785642264e-18 -5.4197060897e+05 1.1999984313e+08 5.6359184263e-01
3.8836956494e+00 4.4653354140e-16 3.0850149724e-16 4.1347720985e+07 -1.0421447594e-18 -4.4605532443e-18 -5.9783732862e+05 1.2000014371e+08 5.6359184263e-01
3.9334834436e+00 4.6269660190e-16 3.4142961518e-16 4.1468712000e+07 -1.2870632331e-18 -5.4041195862e-18 -6.5636332871e+05 1.2000055024e+08 5.6359184263e-01
3.9832712378e+00 4.8063232114e-16 3.7992342185e-16 4.1595895721e+07 -1.5840452706e-18 -6.5608686289e-18 -7.1831635439e+05 1.2000045921e+08 5.6359184263e-01
4.0330590320e+00 5.0066219936e-16 4.2588964937e-16 4.1731594008e+07 -1.9454935217e-18 -8.0077303317e-18 -7.8465243666e+05 1.1999984426e+08 5.6359184263e-01
4.0828468262e+00 5.2322022133e-16 4.8201430862e-16 4.1878669134e+07 -2.3884886776e-18 -9.8594453728e-18 -8.5661450964e+05 1.1999946653e+08 5.6359184263e-01
4.1326346204e+00 5.4888731162e-16 5.5040103263e-16 4.2036389268e+07 -2.9366955522e-18 -1.2230194732e-17 -9.3407024349e+05 1.1999970661e+08 5.6359184263e-01
4.1824224146e+00 5.7809486067e-16 6.2223486963e-16 4.2182134864e+07 -3.6109836650e-18 -1.4853656819e-17 -1.0069492819e+06 1.2000009411e+08 5.6359184263e-01
4.2322102089e+00 6.1105619285e-16 7.0881536074e-16 4.2336767095e+07 -4.4249642371e-18 -1.8115591157e-17 -1.0820244680e+06 1.2000025542e+08 5.6359184263e-01
4.2819980031e+00 6.5043285293e-16 8.9955774583e-16 4.2619319486e+07 -5.4849204738e-18 -2.5582946920e-17 -1.2120709240e+06 1.1999996220e+08 5.6359184263e-01
4.3317857973e+00 7.0334759146e-16 1.2296945606e-15 4.2989317462e+07 -7.1006522951e-18 -3.9758799315e-17 -1.3899416167e+06 1.1999981470e+08 5.6359184263e-01
4.3815735915e+00 7.6723326628e-16 1.2125247333e-15 4.2971726952e+07 -9.2214774123e-18 -4.0058576856e-17 -1.4196710215e+06 1.2000047252e+08 5.6359184263e-01
4.4313613857e+00 8.1273970333e-16 5.8474471684e-16 4.2105739976e+07 -1.0615178204e-17 -1.5190921205e-17 -1.0938533685e+06 1.2000095447e+08 5.6359184263e-01
4.4811491799e+00 8.2979876005e-16 1.7426895801e-16 4.0663474159e+07 -1.0970587767e-17 -2.1859973781e-18 -5.1007505245e+05 1.2000018646e+08 5.6359184263e-01
4.5309369742e+00 8.3505560479e-16 6.4597606741e-17 3.9475202628e+07 -1.1007475548e-17 -2.6972954780e-20 -1.6483007794e+04 1.1999877601e+08 5.6359184263e-01
4.5807247684e+00 8.3760856572e-16 4.4745881813e-17 3.9034075673e+07 -1.1001146110e-17 1.9386779066e-19 1.6912059176e+05 1.1999826526e+08 5.6359184263e-01
4.6305125626e+00 8.3989324395e-16 4.9157940800e-17 3.9147532563e+07 -1.0991944540e-17 1.5659700303e-19 1.2470795513e+05 1.1999964214e+08 5.6359184263e-01
4.6803003568e+00 8.4260880302e-16 5.9985606813e-17 3.9387149564e+07 -1.0986673757e-17 5.3670381123e-20 3.5240509195e+04 1.2000135120e+08 5.6359184263e-01
4.7300881510e+00 8.4583052494e-16 6.8867611644e-17 3.9552993900e+07 -1.0986058576e-17 -1.9454707341e-20 -1.1173495093e+04 1.2000174897e+08 5.6359184263e-01
4.7798759452e+00 8.4944410312e-16 7.6423104410e-17 3.9677434293e+07 -1.0988014234e-17 -5.8240087501e-20 -3.0237154888e+04 1.2000032546e+08 5.6359184263e-01
4.8296637395e+00 8.5350300959e-16 8.7537916428e-17 3.9839857883e+07 -1.0992420583e-17 -1.2943733022e-19 -5.8908928280e+04 1.1999884914e+08 5.6359184263e-01
4.8794515337e+00 8.5828007490e-16 1.0552972078e-16 4.0064158125e+07 -1.1002414993e-17 -2.8889584701e-19 -1.0967875979e+05 1.1999915185e+08 5.6359184263e-01
4.9292393279e+00 8.6414646633e-16 1.3135092959e-16 4.0326976183e+07 -1.1023214236e-17 -5.6782661365e-19 -1.7433245730e+05 1.2000029428e+08 5.6359184263e-01
4.9790271221e+00 8.7150521304e-16 1.6547114887e-16 4.0603698087e+07 -1.1061681048e-17 -1.0051827533e-18 -2.4665409840e+05 1.2000021607e+08 5.6359184263e-01
5.0288149163e+00 8.8076161204e-16 2.0727085058e-16 4.0873194412e+07 -1.1126444532e-17 -1.6207339169e-18 -3.1960390133e+05 1.1999935357e+08 5.6359184263e-01
5.0786027105e+00 8.9223886495e-16 2.5415288316e-16 4.1117484509e+07 -1.1225463357e-17 -2.3723072003e-18 -3.8379774940e+05 1.1999972116e+08 5.6359184263e-01
5.1283905048e+00 9.0615353335e-16 3.0567438401e-16 4.1338930149e+07 -1.1365217673e-17 -3.2709598229e-18 -4.4235953915e+05 1.2000118397e+08 5.6359184263e-01
5.1781782990e+00 9.2284838845e-16 3.6642662545e-16 4.1556088152e+07 -1.1555966196e-17 -4.4368635706e-18 -5.0318039371e+05 1.2000200021e+08 5.6359184263e-01
5.2279660932e+00 9.4279768385e-16 4.3558058697e-16 4.1762465687e+07 -1.1811505789e-17 -5.8479295796e-18 -5.6068604919e+05 1.2000088949e+08 5.6359184263e-01
5.2777538874e+00 9.6633096891e-16 5.1058930400e-16 4.1951680516e+07 -1.2140488340e-17 -7.3818541420e-18 -6.0651718348e+05 1.1999846930e+08 5.6359184263e-01
5.3275416816e+00 9.9383264012e-16 5.9598387300e-16 4.2135988429e+07 -1.2550889062e-17 -9.1544235310e-18 -6.4721664704e+05 1.1999648382e+08 5.6359184263e-01
5.3773294758e+00 1.0259368774e-15 6.9543020846e-16 4.2320987016e+07 -1.3059279389e-17 -1.1321985842e-17 -6.8900891846e+05 1.1999774270e+08 5.6359184263e-01
5.4271172701e+00 1.0633196524e-15 8.0797529994e-16 4.2501765545e+07 -1.3684334889e-17 -1.3823537064e-17 -7.2715679719e+05 1.2000162702e+08 5.6359184263e-01
5.4769050643e+00 1.1067460059e-15 9.4073340381e-16 4.2684561553e+07 -1.4442992727e-17 -1.6742087704e-17 -7.5965057712e+05 1.2000377563e+08 5.6359184263e-01
5.5266928585e+00 1.1577032727e-15 1.1138015085e-15 4.2886010645e+07 -1.5367771817e-17 -2.0591764014e-17 -7.9286893040e+05 1.2000195093e+08 5.6359184263e-01
5.5764806527e+00 1.2187563953e-15 1.3507817354e-15 4.3115546809e+07 -1.6520081763e-17 -2.5986849897e-17 -8.2947319600e+05 1.1999827643e+08 5.6359184263e-01
5.6262684469e+00 1.2937536249e-15 1.6751762669e-15 4.3372602890e+07 -1.7992776149e-17 -3.3510816345e-17 -8.6764083195e+05 1.1999678048e+08 5.6359184263e-01
5.6760562411e+00 1.3872172520e-15 2.0977728155e-15 4.3642317352e+07 -1.9901412998e-17 -4.3693911289e-17 -9.0901337300e+05 1.1999826621e+08 5.6359184263e-01
5.7258440354e+00 1.5062952907e-15 2.7348037033e-15 4.3960130928e+07 -2.2452439602e-17 -6.0351639516e-17 -9.7011203095e+05 1.2000045851e+08 5.6359184263e-01
5.7756318296e+00 1.6663960704e-15 3.7716404317e-15 4.4344268499e+07 -2.6136489232e-17 -9.0175301606e-17 -1.0602171280e+06 1.2000130913e+08 5.6359184263e-01
5.8254196238e+00 1.8922175598e-15 5.4171502596e-15 4.4776556055e+07 -3.1768411523e-17 -1.3980971103e-16 -1.1556255712e+06 1.2000128778e+08 5.6359184263e-01
5.8752074180e+00 2.2244199226e-15 8.2015293340e-15 4.5272000707e+07 -4.0648702584e-17 -2.2600645269e-16 -1.2475434604e+06 1.2000117687e+08 5.6359184263e-01
5.9249952122e+00 2.7592762069e-15 1.4006040138e-14 4.5910356745e+07 -5.6101767655e-17 -4.2320711674e-16 -1.3872293321e+06 1.2000071632e+08 5.6359184263e-01
5.9747830064e+00 3.7322362210e-15 2.6549720170e-14 4.6671944162e+07 -8.7418013480e-17 -8.9536754307e-16 -1.5739730478e+06 1.1999966576e+08 5.6359184263e-01
6.0245708007e+00 5.6275549914e-15 5.3165053916e-14 4.7499998119e+07 -1.5424264433e-16 -1.9340658844e-15 -1.7279795487e+06 1.1999858927e+08 5.6359184263e-01
6.0743585949e+00 9.9918974843e-15 1.4349341152e-13 4.8682484897e+07 -3.2250229179e-16 -5.8325008991e-15 -1.9787712476e+06 1.1999764504e+08 5.6359184263e-01
6.1241463891e+00 2.4904585729e-14 5.4055291775e-13 5.0260109770e+07 -9.8788658740e-16 -2.5289603429e-14 -2.3514039101e+06 1.1999894956e+08 5.6359184263e-01
6.1739341833e+00 7.9012759077e-14 1.9882121818e-12 5.1815110712e+07 -3.5957026398e-15 -9.8654425368e-14 -2.5710485126e+06 1.2000067516e+08 5.6359184263e-01
6.2237219775e+00 7.9863618407e-13 6.9176274349e-11 5.6003710629e+07 -4.9594253674e-14 -4.8333167470e-12 -3.9129553453e+06 1.2000197199e+08 5.6359184263e-01
6.2735097717e+00 1.2165910605e-08 4.2646916448e-06 6.9017700514e+07 -1.2391092684e-09 -4.3661516676e-07 -7.0659680298e+06 1.2000128002e+08 5.6359184357e-01
6.3232975660e+00 4.7675521181e-02 3.6342994241e+00 7.9257390653e+07 -2.2062533461e-03 -1.1584440752e-01 -2.5263536077e+06 1.1999959608e+08 5.0873614084e-01
6.3730853602e+00 3.6455424011e-01 7.9075699243e+00 4.9966386603e+07 -5.1174009229e-03 -5.0748077553e-02 -3.2066716914e+05 1.1999962639e+08 2.5652661869e-01
6.4228731544e+00 7.3708182892e-01 6.5191801751e+00 3.4353971614e+07 -1.2116773797e-02 -2.1165725434e-01 -1.1153652932e+06 1.1999915039e+08 1.2920052917e-01
6.4726609486e+00 1.0099640765e+00 4.7010601605e+00 2.9319213683e+07 -2.1648404987e-02 -9.8214945775e-02 -6.1253948764e+05 1.2000010331e+08 9.0636616113e-02
6.5224487428e+00 1.2254129604e+00 4.0480634909e+00 2.7350276966e+07 -1.9507922598e-02 1.3286020910e-01 8.9765477366e+05 1.2000091691e+08 7.5847817007e-02
6.5722365370e+00 1.4147997478e+00 3.5732011070e+00 2.6374431642e+07 -1.4010538463e-02 7.3540477483e-02 5.4281531830e+05 1.1999900673e+08 6.8920611038e-02
6.6220243313e+00 1.5840244734e+00 3.2306130772e+00 2.5867465741e+07 -1.0640357876e-02 7.6957468074e-02 6.1619718031e+05 1.1999960166e+08 6.5729223053e-02
6.6718121255e+00 1.7367963300e+00 2.9435154377e+00 2.5606467123e+07 -6.8948617124e-03 6.0634966214e-02 5.2748059309e+05 1.2000109850e+08 6.4473866520e-02
6.7215999197e+00 1.8788776741e+00 2.7363111796e+00 2.5477237210e+07 -4.2135167874e-03 5.7323016766e-02 5.3372295763e+05 1.2000066021e+08 6.4132474819e-02
6.7713877139e+00 2.0082520197e+00 2.4911923641e+00 2.5409196791e+07 -1.4351317637e-03 4.7245900878e-02 4.8188988143e+05 1.1999932512e+08 6.4500995308e-02
6.8211755081e+00 2.1286465432e+00 2.3417857304e+00 2.5419851590e+07 4.2478071453e-04 3.2927783390e-02 3.5742781933e+05 1.2000009222e+08 6.5191585842e-02
6.8709633023e+00 2.2412910089e+00 2.1921684026e+00 2.5445581058e+07 2.2253908434e-03 3.7449592064e-02 4.3469590627e+05 1.1999865165e+08 6.6079104444e-02
6.9207510966e+00 2.3476126437e+00 2.0826654905e+00 2.5502921118e+07 3.9292175005e-03 3.1879474180e-02 3.9037460361e+05 1.2000041243e+08 6.7060723326e-02
6.9705388908e+00 2.4488180639e+00 1.9928401393e+00 2.5571744069e+07 5.4827555341e-03 2.8904686973e-02 3.7089942294e+05 1.1999974574e+08 6.8073947561e-02
7.0203266850e+00 2.5472043923e+00 1.9498814214e+00 2.5658931370e+07 6.6826447940e-03 2.1476713940e-02 2.8261694429e+05 1.2000122968e+08 6.9006282165e-02
7.0701144792e+00 2.6409207410e+00 1.8103214489e+00 2.5688683313e+07 7.7371670095e-03 1.8375619159e-02 2.6075228881e+05 1.2000188063e+08 6.9994781550e-02
7.1199022734e+00 2.7288703203e+00 1.7368840669e+00 2.5771551135e+07 8.3821113468e-03 9.5478177080e-03 1.4166867955e+05 1.2000096822e+08 7.1093581977e-02
7.1696900676e+00 2.8139048069e+00 1.6748225601e+00 2.5853337426e+07 8.8011803065e-03 6.3775082991e-03 9.8446174493e+04 1.1999811831e+08 7.2142362826e-02
7.2194778619e+00 2.8957356567e+00 1.6192756203e+00 2.5938291420e+07 8.9481511323e-03 -1.4416666779e-04 -2.3093270813e+03 1.2000180294e+08 7.3179319814e-02
7.2692656561e+00 2.9755333189e+00 1.5807386015e+00 2.6025238445e+07 8.8189229828e-03 -5.1292698879e-03 -8.4448163505e+04 1.2000090657e+08 7.4147122208e-02
7.3190534503e+00 3.0517599949e+00 1.4714202752e+00 2.6060284518e+07 8.4168462943e-03 -1.0806719219e-02 -1.9139751048e+05 1.1999757974e+08 7.5167214463e-02
7.3688412445e+00 3.1222941556e+00 1.3732303123e+00 2.6121821267e+07 7.7870888895e-03 -1.4302129322e-02 -2.7205754385e+05 1.1999945435e+08 7.6373551920e-02
7.4186290387e+00 3.1890654519e+00 1.3050001363e+00 2.6210159860e+07 6.9366593148e-03 -2.0367144875e-02 -4.0906212054e+05 1.2000121046e+08 7.7630413821e-02
7.4684168329e+00 3.2510311471e+00 1.1743521152e+00 2.6249368255e+07 5.8244119555e-03 -2.2954085783e-02 -5.1307460759e+05 1.2000429492e+08 7.9022152135e-02
7.5182046272e+00 3.3059495673e+00 1.0387360635e+00 2.6301865891e+07 4.7006700743e-03 -2.2662325194e-02 -5.7383339133e+05 1.2000127885e+08 8.0703467909e-02
7.5679924214e+00 3.3547905490e+00 9.2431832712e-01 2.6386652832e+07 3.5319843010e-03 -2.3972962748e-02 -6.8435973499e+05 1.1999917191e+08 8.2602688292e-02
7.6177802156e+00 3.3980374994e+00 8.1608755125e-01 2.6487183851e+07 2.3702927116e-03 -2.2577556977e-02 -7.3278400295e+05 1.1999873289e+08 8.4697596478e-02
7.6675680098e+00 3.4367462820e+00 7.5059894750e-01 2.6651216034e+07 1.2321145461e-03 -2.3755214724e-02 -8.4346688954e+05 1.1999939515e+08 8.6925601970e-02
7.7173558040e+00 3.4736983920e+00 7.3693847132e-01 2.6884216877e+07 -2.9732265593e-05 -2.7092226481e-02 -9.8835020936e+05 1.2000012052e+08 8.9087286132e-02
7.7671435982e+00 3.5099943509e+00 7.2084712239e-01 2.7095156259e+07 -1.4647194410e-03 -3.0348104725e-02 -1.1407226500e+06 1.1999909786e+08 9.1113818531e-02
7.8169313925e+00 3.5458939503e+00 7.2751563395e-01 2.7327950648e+07 -3.0361933382e-03 -3.2655006439e-02 -1.2266326148e+06 1.1999410368e+08 9.2998255689e-02
7.8667191867e+00 3.5828036535e+00 7.5463236893e-01 2.7565963651e+07 -4.7142510830e-03 -3.4874097626e-02 -1.2739158126e+06 1.1999702939e+08 9.4624095539e-02
7.9165069809e+00 3.6207976390e+00 7.6914074563e-01 2.7749557516e+07 -6.5386147039e-03 -3.8721496462e-02 -1.3970192052e+06 1.2000132904e+08 9.6000032397e-02
7.9662947751e+00 3.6592906642e+00 7.7803828362e-01 2.7900709137e+07 -8.5773150037e-03 -4.2892552958e-02 -1.5381410779e+06 1.2000225888e+08 9.7199648103e-02
8.0160825693e+00 3.6986532327e+00 8.0943514330e-01 2.8065797299e+07 -1.0787194318e-02 -4.5943184860e-02 -1.5930023847e+06 1.2000480025e+08 9.8195915562e-02
8.0658703635e+00 3.7404415933e+00 8.6861123977e-01 2.8226752177e+07 -1.3173998403e-02 -4.9797797418e-02 -1.6182499400e+06 1.2000657021e+08 9.8835567552e-02
8.1156581578e+00 3.7844610614e+00 8.9176240383e-01 2.8297066717e+07 -1.5701523605e-02 -5.1474081146e-02 -1.6333560398e+06 1.2000384784e+08 9.9168996690e-02
8.1654459520e+00 3.8289583246e+00 8.9708258240e-01 2.8329475514e+07 -1.8318000155e-02 -5.3943019849e-02 -1.7034969689e+06 1.2000209761e+08 9.9415233676e-02
8.2152337462e+00 3.8743463555e+00 9.3579336579e-01 2.8388393559e+07 -2.1112026840e-02 -5.8843218947e-02 -1.7850783291e+06 1.1999614874e+08 9.9533411240e-02
8.2650215404e+00 3.9230484065e+00 1.0236371399e+00 2.8459542333e+07 -2.4232140424e-02 -6.6661052421e-02 -1.8533354930e+06 1.1999490476e+08 9.9262821688e-02
8.3148093346e+00 3.9759881834e+00 1.0953845721e+00 2.8450530470e+07 -2.7744302337e-02 -7.4216587441e-02 -1.9276346739e+06 1.1999537645e+08 9.8547148003e-02
8.3645971288e+00 4.0313478163e+00 1.1222260609e+00 2.8365690062e+07 -3.1596381114e-02 -8.0131372252e-02 -2.0254222823e+06 1.1999605643e+08 9.7652241745e-02
8.4143849231e+00 4.0876222424e+00 1.1410883269e+00 2.8275330174e+07 -3.5705350630e-02 -8.4846731615e-02 -2.1024396571e+06 1.1999974214e+08 9.6771843701e-02
8.4641727173e+00 4.1450775737e+00 1.1630776828e+00 2.8191210690e+07 -4.0007394249e-02 -8.7109127638e-02 -2.1113910159e+06 1.2000398997e+08 9.5878736044e-02
8.5139605115e+00 4.2028732047e+00 1.1545456699e+00 2.8088563607e+07 -4.4297718557e-02 -8.4757620694e-02 -2.0620404044e+06 1.2000368533e+08 9.5071445357e-02
8.5637483057e+00 4.2598399641e+00 1.1327457970e+00 2.7996931132e+07 -4.8415840690e-02 -8.0428790386e-02 -1.9878769900e+06 1.2000250490e+08 9.4461035560e-02
8.6135360999e+00 4.3155801879e+00 1.1062681357e+00 2.7926072796e+07 -5.2285675727e-02 -7.4907222384e-02 -1.8909200019e+06 1.2000070492e+08 9.4059374463e-02
8.6633238941e+00 4.3700842942e+00 1.0859399988e+00 2.7884411450e+07 -5.5862041585e-02 -6.8738952899e-02 -1.7650563082e+06 1.1999890179e+08 9.3836929326e-02
8.7131116884e+00 4.4239991663e+00 1.0808018336e+00 2.7870838581e+07 -5.9126108075e-02 -6.2350292842e-02 -1.6078386373e+06 1.1999512052e+08 9.3703292443e-02
8.7628994826e+00 4.4775036992e+00 1.0647545098e+00 2.7852514016e+07 -6.2054052944e-02 -5.4985493443e-02 -1.4383449073e+06 1.1999347750e+08 9.3630262126e-02
8.8126872768e+00 4.5295230973e+00 1.0186297939e+00 2.7820753414e+07 -6.4543033205e-02 -4.4325506164e-02 -1.2106154604e+06 1.1999598191e+08 9.3718725520e-02
8.8624750710e+00 4.5782001048e+00 9.3109133152e-01 2.7775596271e+07 -6.6397509132e-02 -2.9737485773e-02 -8.8710566943e+05 1.2000190521e+08 9.4134572299e-02
8.9122628652e+00 4.6219074787e+00 8.2529728436e-01 2.7744960317e+07 -6.7478768649e-02 -1.3871964022e-02 -4.6634963981e+05 1.2000410752e+08 9.5001774231e-02
8.9620506594e+00 4.6607174019e+00 7.4167661282e-01 2.7772346625e+07 -6.7807878455e-02 1.3534706602e-04 5.0681194029e+03 1.2000276585e+08 9.6271190059e-02
9.0118384537e+00 4.6968127036e+00 7.2082359456e-01 2.7905816381e+07 -6.7502484327e-02 1.1759001367e-02 4.5523556033e+05 1.2000314468e+08 9.7697374453e-02
9.0616262479e+00 4.7337422464e+00 7.7462401787e-01 2.8130376323e+07 -6.6657998924e-02 2.1903384398e-02 7.9541872142e+05 1.2000258865e+08 9.8907962657e-02
9.1114140421e+00 4.7751112763e+00 8.9618253374e-01 2.8375008769e+07 -6.5350876323e-02 3.0018256485e-02 9.5044062893e+05 1.2000175445e+08 9.9524016807e-02
9.1612018363e+00 4.8235289522e+00 1.0475470015e+00 2.8536427689e+07 -6.3756213764e-02 3.2812828177e-02 8.9386051147e+05 1.2000091240e+08 9.9290594743e-02
9.2109896305e+00 4.8788846923e+00 1.1660274161e+00 2.8552806014e+07 -6.2218364009e-02 2.7687136000e-02 6.7798184880e+05 1.2000009356e+08 9.8306843480e-02
9.2607774247e+00 4.9385566151e+00 1.2190679006e+00 2.8451254516e+07 -6.1097814530e-02 1.6873677690e-02 3.9380685715e+05 1.1999822463e+08 9.6976354140e-02
9.3105652190e+00 4.9991203739e+00 1.2026858465e+00 2.8288322531e+07 -6.0540380100e-02 6.0280926016e-03 1.4178650913e+05 1.1999716922e+08 9.5738422130e-02
9.3603530132e+00 5.0573180584e+00 1.1276460404e+00 2.8114063442e+07 -6.0427027679e-02 -5.8839276186e-04 -1.4669595638e+04 1.1999844885e+08 9.4927868991e-02
9.4101408074e+00 5.1108795560e+00 1.0223174703e+00 2.7969877623e+07 -6.0523711424e-02 -2.6954938582e-03 -7.3746791520e+04 1.1999974944e+08 9.4708147243e-02
9.4599286016e+00 5.1591082576e+00 9.1732767514e-01 2.7882122439e+07 -6.0658695046e-02 -2.5563271788e-03 -7.7699419002e+04 1.2000115167e+08 9.5060445505e-02
9.5097163958e+00 5.2023924622e+00 8.2319296055e-01 2.7849654235e+07 -6.0773949090e-02 -2.0926870251e-03 -7.0798236699e+04 1.2000068155e+08 9.5875433975e-02
9.5595041900e+00 5.2410556440e+00 7.2921467586e-01 2.7848095114e+07 -6.0866422101e-02 -1.5876934283e-03 -6.0632676586e+04 1.1999904229e+08 9.7079546147e-02
9.6092919843e+00 5.2748154289e+00 6.2584764737e-01 2.7856355198e+07 -6.0929274906e-02 -9.4978771964e-04 -4.2274863846e+04 1.1999829020e+08 9.8680240504e-02
9.6590797785e+00 5.3032423142e+00 5.1621843676e-01 2.7868332202e+07 -6.0964603755e-02 -5.1818042783e-04 -2.7974251354e+04 1.1999651095e+08 1.0071131624e-01
9.7088675727e+00 5.3262231522e+00 4.0846766267e-01 2.7883441256e+07 -6.0985049947e-02 -3.4055500506e-04 -2.3247484063e+04 1.1999443100e+08 1.0318457095e-01
9.7586553669e+00 5.3440391554e+00 3.0954556249e-01 2.7898290042e+07 -6.1000678368e-02 -2.9081559169e-04 -2.6210221398e+04 1.1999527450e+08 1.0608180601e-01
9.8084431611e+00 5.3572267956e+00 2.2288196306e-01 2.7898746801e+07 -6.1013230003e-02 -2.0531463472e-04 -2.5699796116e+04 1.1999805318e+08 1.0936667634e-01
9.8582309553e+00 5.3664667031e+00 1.5154378444e-01 2.7870823812e+07 -6.1020874377e-02 -1.0505005652e-04 -1.9320037623e+04 1.2000108544e+08 1.1298721043e-01
9.9080187495e+00 5.3726209368e+00 9.9410458820e-02 2.7818229130e+07 -6.1024189888e-02 -3.5346014251e-05 -9.8909464350e+03 1.2000439944e+08 1.1675804710e-01
9.9578065438e+00 5.3767056187e+00 6.7914838923e-02 2.7744868393e+07 -6.1025134094e-02 -9.7383696495e-06 -3.9783615566e+03 1.2000712121e+08 1.1994697696e-01
1.0007594338e+01 5.3796039752e+00 5.0199422753e-02 2.7664765526e+07 -6.1025586963e-02 -9.6357418811e-06 -5.3102311778e+03 1.2000740679e+08 1.2229803383e-01
1.0057382132e+01 5.3818180627e+00 3.9655792956e-02 2.7599006202e+07 -6.1025976780e-02 -3.6074209086e-06 -2.5106352593e+03 1.2000658781e+08 1.2410721634e-01
1.0107169926e+01 5.3836131002e+00 3.2915623610e-02 2.7551893491e+07 -6.1025792108e-02 1.0035443361e-05 8.4001284580e+03 1.2000451916e+08 1.2558015108e-01
1.0156957721e+01 5.3851228821e+00 2.7942110235e-02 2.7503909083e+07 -6.1025401404e-02 -9.8337018919e-07 -9.6794852108e+02 1.2000154719e+08 1.2682309325e-01
1.0206745515e+01 5.3864075006e+00 2.3788279665e-02 2.7437361928e+07 -6.1026496002e-02 -4.5855022228e-05 -5.2889105844e+04 1.1999802839e+08 1.2788423933e-01
1.0256533309e+01 5.3875011514e+00 2.0277402385e-02 2.7353750570e+07 -6.1029849857e-02 -8.3797809701e-05 -1.1304132262e+05 1.1999485053e+08 1.2879111465e-01
1.0306321103e+01 5.3884390442e+00 1.7555738417e-02 2.7274376299e+07 -6.1034281349e-02 -8.9642863902e-05 -1.3926803559e+05 1.1999454019e+08 1.2957190890e-01
1.0356108897e+01 5.3892623983e+00 1.5645977891e-02 2.7219080221e+07 -6.1038555737e-02 -8.1802763765e-05 -1.4231107859e+05 1.1999607423e+08 1.3025960256e-01
1.0405896692e+01 5.3900051323e+00 1.4250423385e-02 2.7181877245e+07 -6.1042434168e-02 -7.3613261564e-05 -1.4041313618e+05 1.1999716275e+08 1.3088142758e-01
1.0455684486e+01 5.3906840701e+00 1.3044261674e-02 2.7144225421e+07 -6.1045762639e-02 -5.8747769781e-05 -1.2225013158e+05 1.1999723281e+08 1.3145096476e-01
1.0505472280e+01 5.3913048043e+00 1.1907228756e-02 2.7097597480e+07 -6.1048238902e-02 -4.1876396217e-05 -9.5299229725e+04 1.1999752625e+08 1.3197277486e-01
1.0555260074e+01 5.3918713047e+00 1.0886631859e-02 2.7047594346e+07 -6.1050136613e-02 -3.6527053291e-05 -9.0750650235e+04 1.1999845573e+08 1.3245009856e-01
1.0605047869e+01 5.3923934096e+00 1.0147447166e-02 2.7016163896e+07 -6.1051974175e-02 -3.6929759557e-05 -9.8320338162e+04 1.1999870107e+08 1.3289091009e-01
1.0654835663e+01 5.3928866795e+00 9.7087157475e-03 2.7013456541e+07 -6.1053694768e-02 -3.0592827050e-05 -8.5121248320e+04 1.1999979514e+08 1.3330783027e-01
1.0704623457e+01 5.3933632735e+00 9.4691388070e-03 2.7032124571e+07 -6.1054814618e-02 -1.1877012024e-05 -3.3906026210e+04 1.2000063047e+08 1.3371074072e-01
1.0754411251e+01 5.3938324213e+00 9.3943917539e-03 2.7069971515e+07 -6.1054592045e-02 2.2900679917e-05 6.5988386398e+04 1.1999993333e+08 1.3410714542e-01
1.0804199045e+01 5.3942988317e+00 9.3362252749e-03 2.7109248618e+07 -6.1052423798e-02 6.4089876885e-05 1.8609538172e+05 1.1999999703e+08 1.3450087625e-01
1.0853986840e+01 5.3947619959e+00 9.2683775084e-03 2.7146408528e+07 -6.1048200923e-02 1.0518394659e-04 3.0807618510e+05 1.2000040132e+08 1.3489153729e-01
1.0903774634e+01 5.3952202405e+00 9.1165224767e-03 2.7171627276e+07 -6.1042026243e-02 1.4128498434e-04 4.2109729275e+05 1.2000100134e+08 1.3527779317e-01
1.0953562428e+01 5.3956683744e+00 8.8858549545e-03 2.7184914153e+07 -6.1034217994e-02 1.7188058137e-04 5.2584234978e+05 1.2000300977e+08 1.3565547045e-01
1.1003350222e+01 5.3961048254e+00 8.6383338184e-03 2.7193583201e+07 -6.1024971918e-02 1.9792029253e-04 6.2305556318e+05 1.2000469689e+08 1.3602332396e-01
1.1053138017e+01 5.3965275380e+00 8.3412174190e-03 2.7192613695e+07 -6.1014676392e-02 2.1418684504e-04 6.9825540363e+05 1.2000471091e+08 1.3637971318e-01
1.1102925811e+01 5.3969353937e+00 8.0427357465e-03 2.7188480359e+07 -6.1003767334e-02 2.2241360974e-04 7.5186954420e+05 1.2000325603e+08 1.3672375030e-01
1.1152713605e+01 5.3973281709e+00 7.7353462300e-03 2.7180372225e+07 -6.0992712416e-02 2.1962093137e-04 7.7170154841e+05 1.2000060501e+08 1.3705526657e-01
1.1202501399e+01 5.3977045307e+00 7.3627196249e-03 2.7159978190e+07 -6.0982206136e-02 1.9798797524e-04 7.3034820871e+05 1.1999887011e+08 1.3737318062e-01
1.1252289193e+01 5.3980585926e+00 6.8402702986e-03 2.7111054231e+07 -6.0973553970e-02 1.4440732893e-04 5.7235090942e+05 1.1999811934e+08 1.3767271591e-01
1.1302076988e+01 5.3983845716e+00 6.2658463717e-03 2.7042836116e+07 -6.0968207782e-02 6.9607212649e-05 3.0041854404e+05 1.1999665976e+08 1.3794915769e-01
1.1351864782e+01 5.3986851881e+00 5.8556478036e-03 2.6993398867e+07 -6.0966517085e-02 1.3718636200e-06 6.3240247926e+03 1.1999460981e+08 1.3820471605e-01
1.1401652576e+01 5.3989726837e+00 5.7484372543e-03 2.6999596937e+07 -6.0967799662e-02 -5.0151019696e-05 -2.3555224800e+05 1.1999456683e+08 1.3844938939e-01
1.1451440370e+01 5.3992629411e+00 5.9589569367e-03 2.7070950247e+07 -6.0971329936e-02 -8.9920417362e-05 -4.0849953615e+05 1.1999701647e+08 1.3869615211e-01
1.1501228164e+01 5.3995697358e+00 6.3821162036e-03 2.7183426857e+07 -6.0976614855e-02 -1.2064865517e-04 -5.1388031625e+05 1.1999991006e+08 1.3895620127e-01
1.1551015959e+01 5.3998980701e+00 6.7734012821e-03 2.7287404450e+07 -6.0983207250e-02 -1.4331331379e-04 -5.7735370955e+05 1.2000210984e+08 1.3923352233e-01
1.1600803753e+01 5.4002394628e+00 6.8954650330e-03 2.7341725524e+07 -6.0990928076e-02 -1.6770120344e-04 -6.6496461841e+05 1.2000326149e+08 1.3952118226e-01
1.1650591547e+01 5.4005830781e+00 6.9182348102e-03 2.7377702004e+07 -6.0999964896e-02 -1.9504989824e-04 -7.7187579440e+05 1.2000319090e+08 1.3981041422e-01
1.1700379341e+01 5.4009299505e+00 7.0205835690e-03 2.7427489304e+07 -6.1010325000e-02 -2.2077832468e-04 -8.6252019924e+05 1.2000202182e+08 1.4010204912e-01
1.1750167136e+01 5.4012804721e+00 7.0214430336e-03 2.7459742617e+07 -6.1021937160e-02 -2.4509896596e-04 -9.5854292185e+05 1.2000120435e+08 1.4039639583e-01
1.1799954930e+01 5.4016240969e+00 6.7326279858e-03 2.7439483220e+07 -6.1034619260e-02 -2.6237206924e-04 -1.0693230053e+06 1.1999871878e+08 1.4068497542e-01
1.1849742724e+01 5.4019472574e+00 6.2403384323e-03 2.7376918731e+07 -6.1047846175e-02 -2.6673968902e-04 -1.1702106974e+06 1.1999827272e+08 1.4095687603e-01
1.1899530518e+01 5.4022474605e+00 5.8748304406e-03 2.7333433053e+07 -6.1060976167e-02 -2.5867834049e-04 -1.2035355188e+06 1.1999813657e+08 1.4121006810e-01
1.1949318312e+01 5.4025405201e+00 6.0034975969e-03 2.7394774963e+07 -6.1073335987e-02 -2.3421289465e-04 -1.0687452504e+06 1.1999939172e+08 1.4145728475e-01
1.1999106107e+01 5.4028567966e+00 6.8044500022e-03 2.7588298310e+07 -6.1083765128e-02 -1.7846454329e-04 -7.2357546259e+05 1.2000169712e+08 1.4172294513e-01
1.2000000000e+01 5.4028628903e+00 6.8254149050e-03 2.7592876639e+07 -6.1083923874e-02 -1.7700718293e-04 -7.1558102046e+05 1.2000173147e+08 1.4172804561e-01
