# TPV104 station: x2_0_x3_12 (along_strike=0, down_dip=12000)
# Columns (SCEC TPV104 trace layout): t  h-slip  h-slip-rate  h-shear-stress  v-slip  v-slip-rate  v-shear-stress  n-stress  psi
# BP5 convention: h = strike = component 2, v = dip = component 1.  TPV104 is pure strike-slip so v-slip / v-slip-rate / v-shear-stress ≈ 0.
0.0000000000e+00 0.0000000000e+00 1.0000000000e-16 4.0000000000e+07 0.0000000000e+00 0.0000000000e+00 0.0000000000e+00 1.2000000000e+08 5.6359184263e-01
2.4770046874e-04 2.4770046874e-20 1.0000000000e-16 4.0000000000e+07 0.0000000000e+00 0.0000000000e+00 0.0000000000e+00 1.2000000000e+08 5.6359184263e-01
5.0035494685e-02 5.0035494685e-18 1.0000000000e-16 4.0000000000e+07 1.4077850794e-36 -4.9422158918e-37 -1.9768863567e-13 1.2000000000e+08 5.6359184263e-01
9.9823288902e-02 9.9823288902e-18 1.0000000000e-16 4.0000000000e+07 5.4309917097e-37 -1.7256114017e-35 -6.9024456069e-12 1.2000000000e+08 5.6359184263e-01
1.4961108312e-01 1.4961108312e-17 1.0000000000e-16 4.0000000000e+07 3.1605984535e-37 4.6907868121e-37 1.8763147248e-13 1.2000000000e+08 5.6359184263e-01
1.9939887733e-01 1.9939887733e-17 1.0000000000e-16 4.0000000000e+07 2.2615937399e-37 -2.7960518631e-36 -1.1184207452e-12 1.2000000000e+08 5.6359184263e-01
2.4918667155e-01 2.4918667155e-17 1.0000000000e-16 4.0000000000e+07 1.1259092223e-37 -2.0058052047e-36 -8.0232208189e-13 1.2000000000e+08 5.6359184263e-01
2.9897446577e-01 2.9897446577e-17 1.0000000000e-16 4.0000000000e+07 2.8754394116e-38 -8.0876685267e-37 -3.2350674107e-13 1.2000000000e+08 5.6359184263e-01
3.4876225998e-01 3.4876225998e-17 1.0000000000e-16 4.0000000000e+07 4.6240986939e-38 4.7821063913e-37 1.9128425565e-13 1.2000000000e+08 5.6359184263e-01
3.9855005420e-01 3.9855005420e-17 1.0000000000e-16 4.0000000000e+07 3.5432918169e-39 -1.4078530529e-36 -5.6314122114e-13 1.2000000000e+08 5.6359184263e-01
4.4833784842e-01 4.4833784842e-17 1.0000000000e-16 4.0000000000e+07 -9.4517028115e-39 4.6628781839e-37 1.8651512736e-13 1.2000000000e+08 5.6359184263e-01
4.9812564263e-01 4.9812564263e-17 1.0000000000e-16 4.0000000000e+07 -9.5154709567e-39 -3.2824031428e-37 -1.3129612571e-13 1.2000000000e+08 5.6359184263e-01
5.4791343685e-01 5.4791343685e-17 1.0000000000e-16 4.0000000000e+07 -1.0559408549e-38 3.7555036972e-37 1.5022014789e-13 1.2000000000e+08 5.6359184263e-01
5.9770123107e-01 5.9770123107e-17 1.0000000000e-16 4.0000000000e+07 2.8445658542e-38 1.2593485198e-36 5.0373940790e-13 1.2000000000e+08 5.6359184263e-01
6.4748902528e-01 6.4748902528e-17 1.0000000000e-16 4.0000000000e+07 1.5024065058e-37 4.3912235178e-36 1.7564894071e-12 1.2000000000e+08 5.6359184263e-01
6.9727681950e-01 6.9727681950e-17 1.0000000000e-16 4.0000000000e+07 6.3291566911e-37 1.8272145109e-35 7.3088580437e-12 1.2000000000e+08 5.6359184263e-01
7.4706461372e-01 7.4706461372e-17 1.0000000000e-16 4.0000000000e+07 2.8735141211e-36 9.3657000242e-35 3.7462800097e-11 1.2000000000e+08 5.6359184263e-01
7.9685240793e-01 7.9685240793e-17 1.0000000000e-16 4.0000000000e+07 1.8158923045e-35 7.5656002762e-34 3.0262401105e-10 1.2000000000e+08 5.6359184263e-01
8.4664020215e-01 8.4664020215e-17 1.0000000000e-16 4.0000000000e+07 1.8193677119e-34 8.9815133150e-33 3.5926053260e-09 1.2000000000e+08 5.6359184263e-01
8.9642799636e-01 8.9642799636e-17 1.0000000000e-16 4.0000000000e+07 2.2856719456e-33 1.1598917651e-31 4.6395670604e-08 1.2000000000e+08 5.6359184263e-01
9.4621579058e-01 9.4621579058e-17 1.0000000000e-16 4.0000000000e+07 2.7815273117e-32 1.3569004420e-30 5.4276017681e-07 1.2000000000e+08 5.6359184263e-01
9.9600358480e-01 9.9600358480e-17 9.9999999998e-17 4.0000000000e+07 3.0111571532e-31 1.3971010953e-29 5.5884043814e-06 1.2000000000e+08 5.6359184263e-01
1.0457913790e+00 1.0457913790e-16 9.9999999982e-17 4.0000000000e+07 2.9178132106e-30 1.2947094798e-28 5.1788379201e-05 1.2000000000e+08 5.6359184263e-01
1.0955791732e+00 1.0955791732e-16 9.9999999843e-17 3.9999999998e+07 2.5575194132e-29 1.0824347656e-27 4.3297390690e-04 1.2000000000e+08 5.6359184263e-01
1.1453669674e+00 1.1453669671e-16 9.9999998765e-17 3.9999999985e+07 2.0045523323e-28 8.0005708473e-27 3.2002283773e-03 1.2000000000e+08 5.6359184263e-01
1.1951547617e+00 1.1951547595e-16 9.9999991500e-17 3.9999999898e+07 1.3800829527e-27 5.1332187750e-26 2.0532876793e-02 1.2000000000e+08 5.6359184263e-01
1.2449425559e+00 1.2449425418e-16 9.9999949587e-17 3.9999999395e+07 8.2524240952e-27 2.8325003595e-25 1.1330006978e-01 1.2000000000e+08 5.6359184263e-01
1.2947303501e+00 1.2947302719e-16 9.9999744058e-17 3.9999996928e+07 4.2630991530e-26 1.3377879785e-24 5.3511651991e-01 1.2000000000e+08 5.6359184263e-01
1.3445181443e+00 1.3445177718e-16 9.9998892140e-17 3.9999986704e+07 1.8965697319e-25 5.3757701445e-24 2.1503311657e+00 1.1999999999e+08 5.6359184263e-01
1.3943059385e+00 1.3943044142e-16 9.9995934630e-17 3.9999951209e+07 7.2223829675e-25 1.8173434826e-23 7.2696606021e+00 1.1999999998e+08 5.6359184263e-01
1.4440937327e+00 1.4440883965e-16 9.9987457497e-17 3.9999849467e+07 2.3239698947e-24 5.0292767532e-23 2.0119554801e+01 1.1999999996e+08 5.6359184263e-01
1.4938815270e+00 1.4938655821e-16 9.9967447284e-17 3.9999609278e+07 6.3008131173e-24 1.1632703808e-22 4.6545512546e+01 1.1999999992e+08 5.6359184263e-01
1.5436693212e+00 1.5436279803e-16 9.9925944997e-17 3.9999110943e+07 1.4895307166e-23 2.4178336205e-22 9.6782867785e+01 1.1999999980e+08 5.6359184263e-01
1.5934571154e+00 1.5933602988e-16 9.9841215831e-17 3.9998092952e+07 3.2665174542e-23 5.1096928554e-22 2.0470300575e+02 1.1999999963e+08 5.6359184263e-01
1.6432449096e+00 1.6430273895e-16 9.9644401080e-17 3.9995724837e+07 7.3738581309e-23 1.2569337935e-21 5.0451382713e+02 1.1999999890e+08 5.6359184263e-01
1.6930327038e+00 1.6925233106e-16 9.9086062926e-17 3.9988981208e+07 1.7490394585e-22 3.1548352963e-21 1.2732229504e+03 1.1999999669e+08 5.6359184263e-01
1.7428204980e+00 1.7415237305e-16 9.7510156598e-17 3.9969741279e+07 4.6813342626e-22 9.5058319578e-21 3.8964725034e+03 1.1999999350e+08 5.6359184263e-01
1.7926082923e+00 1.7892764729e-16 9.3909814657e-17 3.9924592712e+07 1.1808180318e-21 1.9807943486e-20 8.4211014474e+03 1.1999998772e+08 5.6359184263e-01
1.8423960865e+00 1.8345437681e-16 8.7451096077e-17 3.9839080822e+07 2.5707743201e-21 3.6613925426e-20 1.6679781040e+04 1.1999997816e+08 5.6359184263e-01
1.8921838807e+00 1.8758094368e-16 7.7824028293e-17 3.9699126757e+07 4.8057454275e-21 5.3307739146e-20 2.7193024313e+04 1.1999999920e+08 5.6359184263e-01
1.9419716749e+00 1.9115207145e-16 6.5292457819e-17 3.9488438582e+07 7.9129479303e-21 7.0127553336e-20 4.2412671775e+04 1.2000003967e+08 5.6359184263e-01
1.9917594691e+00 1.9405204014e-16 5.1137613207e-17 3.9195173265e+07 1.1649808625e-20 7.9952402909e-20 6.1280691227e+04 1.1999999869e+08 5.6359184263e-01
2.0415472633e+00 1.9623538006e-16 3.6602425938e-17 3.8793827289e+07 1.5843712628e-20 8.5754260432e-20 9.0888401061e+04 1.1999999153e+08 5.6359184263e-01
2.0913350576e+00 1.9770143789e-16 2.2788220371e-17 3.8225187456e+07 1.9790244125e-20 7.1658327832e-20 1.2020039167e+05 1.2000025814e+08 5.6359184263e-01
2.1411228518e+00 1.9859948688e-16 1.4783427453e-17 3.7705672232e+07 2.3143219606e-20 6.4526955988e-20 1.6457836049e+05 1.2000005110e+08 5.6359184263e-01
2.1909106460e+00 1.9936039895e-16 1.8472813667e-17 3.7973098039e+07 2.6184739254e-20 5.5940715968e-20 1.1499289335e+05 1.1999971790e+08 5.6359184263e-01
2.2406984402e+00 2.0103429871e-16 6.1538201632e-17 3.9417319582e+07 2.8272845969e-20 1.8656532048e-20 1.1950145869e+04 1.1999980451e+08 5.6359184263e-01
2.2904862344e+00 2.0875924229e-16 3.1400142550e-16 4.1373085164e+07 2.6259756654e-20 -1.3928865171e-19 -1.8352786903e+04 1.2000004730e+08 5.6359184263e-01
2.3402740286e+00 2.4574272661e-16 1.3930607030e-15 4.3161171965e+07 1.5759369181e-20 2.5852514584e-19 8.0098794349e+03 1.2000074137e+08 5.6359184263e-01
2.3900618229e+00 3.8690422564e-16 4.8997918988e-15 4.4670420608e+07 2.3724046296e-19 1.1054044639e-17 1.0077750925e+05 1.2000106874e+08 5.6359184263e-01
2.4398496171e+00 8.4686678268e-16 1.5534344628e-14 4.6054610372e+07 1.0756086663e-18 1.8346441607e-17 5.4391623217e+04 1.1999967565e+08 5.6359184263e-01
2.4896374113e+00 2.3757929425e-15 5.4789496691e-14 4.7566608072e+07 3.5085460112e-18 1.5492012548e-16 1.3449703568e+05 1.1999872122e+08 5.6359184263e-01
2.5394252055e+00 8.6788785112e-15 2.5341817406e-13 4.9404160997e+07 3.0340820839e-17 1.0516685717e-15 2.0502398308e+05 1.1999860286e+08 5.6359184263e-01
2.5892129997e+00 4.8474743003e-14 1.9411057256e-12 5.1847317743e+07 1.4754790789e-16 5.0991697176e-15 1.3619983141e+05 1.1999808994e+08 5.6359184263e-01
2.6390007939e+00 5.1698571955e-13 3.0997482081e-11 5.5173654693e+07 1.9169934987e-15 1.2738387318e-13 2.2673563659e+05 1.2000220721e+08 5.6359184263e-01
2.6887885882e+00 1.0261857342e-10 1.8604415555e-08 6.2849539954e+07 -6.8136683497e-13 -1.7017818307e-10 -5.7489688320e+05 1.2000444015e+08 5.6359184266e-01
2.7385763824e+00 2.0579773971e-03 5.2041267976e-01 8.3214535191e+07 -4.4236571537e-05 -1.1353844023e-02 -1.8154916084e+06 1.2000033984e+08 5.6185377623e-01
2.7883641766e+00 1.7287835086e-01 5.8643914753e+00 6.5215916518e+07 -2.5432374892e-03 -3.9820574386e-02 -4.4283115576e+05 1.1999850509e+08 3.8641667480e-01
2.8381519708e+00 4.7093881992e-01 5.4121206069e+00 4.3798600703e+07 8.0158444075e-05 1.2616459565e-01 1.0210106442e+06 1.1999931332e+08 2.0951373436e-01
2.8879397650e+00 6.9773256958e-01 3.7868364880e+00 3.5278862098e+07 4.3987972376e-03 5.6774300698e-02 5.2891978078e+05 1.1999731732e+08 1.4235931703e-01
2.9377275592e+00 8.6832874707e-01 3.2770394718e+00 3.1646649911e+07 6.3421176240e-03 1.7928164619e-02 1.7313381610e+05 1.1999650433e+08 1.1360087881e-01
2.9875153535e+00 1.0257314762e+00 2.9926592927e+00 2.9486247403e+07 6.5421111183e-03 -1.2166065565e-02 -1.1987051785e+05 1.2000030765e+08 9.6539722524e-02
3.0373031477e+00 1.1671768322e+00 2.6968639283e+00 2.8174912666e+07 5.1091820971e-03 -3.1254823975e-02 -3.2652813019e+05 1.2000460374e+08 8.6684040883e-02
3.0870909419e+00 1.2948880400e+00 2.4618350783e+00 2.7378932539e+07 3.9979208860e-03 -1.7454291338e-02 -1.9411530417e+05 1.2000511675e+08 8.0967569890e-02
3.1368787361e+00 1.4131265720e+00 2.3025140662e+00 2.6884478023e+07 2.9446782947e-03 -2.5443301413e-02 -2.9707956521e+05 1.1999691811e+08 7.7547864702e-02
3.1866665303e+00 1.5244742871e+00 2.1329349131e+00 2.6546564331e+07 1.9997568244e-03 -3.6936528496e-03 -4.5971301040e+04 1.1999339705e+08 7.5496883236e-02
3.2364543245e+00 1.6250441080e+00 1.9549955915e+00 2.6343127000e+07 2.2376557656e-03 2.6536994026e-03 3.5758004102e+04 1.1999584604e+08 7.4672400862e-02
3.2862421188e+00 1.7205703140e+00 1.8663931306e+00 2.6250872359e+07 1.9185920515e-03 -1.3458380729e-02 -1.8929250697e+05 1.2000580472e+08 7.4356451877e-02
3.3360299130e+00 1.8096844254e+00 1.7033774903e+00 2.6162539966e+07 1.3758319964e-03 -3.8809527262e-03 -5.9608384744e+04 1.2000980684e+08 7.4524878184e-02
3.3858177072e+00 1.8911066562e+00 1.5969330825e+00 2.6158417802e+07 1.4944030457e-03 4.4906214115e-03 7.3558217534e+04 1.2000292758e+08 7.5149811508e-02
3.4356055014e+00 1.9698677127e+00 1.5614892302e+00 2.6210967644e+07 1.4969945856e-03 -4.8199451956e-03 -8.0907011797e+04 1.1999415591e+08 7.5828264394e-02
3.4853932956e+00 2.0457064718e+00 1.4726332842e+00 2.6230598997e+07 1.2750958993e-03 -5.4576718934e-04 -9.7212255375e+03 1.1999232713e+08 7.6580975899e-02
3.5351810898e+00 2.1163430559e+00 1.3823498071e+00 2.6272713427e+07 1.4558330199e-03 4.0503352398e-03 7.6980006432e+04 1.2000025944e+08 7.7551801093e-02
3.5849688841e+00 2.1846846313e+00 1.3590007305e+00 2.6368851097e+07 1.4009027747e-03 -5.6492239132e-03 -1.0961255637e+05 1.2000320237e+08 7.8518432023e-02
3.6347566783e+00 2.2497104415e+00 1.2368715357e+00 2.6382304947e+07 1.1391036050e-03 -2.7808087726e-03 -5.9314280360e+04 1.2000405829e+08 7.9570771102e-02
3.6845444725e+00 2.3083724617e+00 1.1381904380e+00 2.6443539904e+07 1.1231419664e-03 6.6732888438e-04 1.5504029374e+04 1.2000143638e+08 8.0917691781e-02
3.7343322667e+00 2.3640432090e+00 1.1007435803e+00 2.6568039394e+07 1.1206429619e-03 -6.0159863470e-04 -1.4520453730e+04 1.1999733996e+08 8.2297034079e-02
3.7841200609e+00 2.4179621116e+00 1.0633248603e+00 2.6686211810e+07 1.1151488191e-03 8.0624866841e-04 2.0234383244e+04 1.1999606445e+08 8.3629926832e-02
3.8339078551e+00 2.4695514632e+00 1.0061356943e+00 2.6782169986e+07 1.1852588288e-03 1.4548258810e-03 3.8725784470e+04 1.1999872193e+08 8.4977972123e-02
3.8836956494e+00 2.5184167413e+00 9.6684339830e-01 2.6903091169e+07 1.2225758917e-03 -1.7050875491e-04 -4.7445249009e+03 1.1999997807e+08 8.6381422295e-02
3.9334834436e+00 2.5664745902e+00 9.5964574506e-01 2.7051557776e+07 1.1872158801e-03 -5.7534240022e-04 -1.6218389193e+04 1.2000207785e+08 8.7688835415e-02
3.9832712378e+00 2.6128851064e+00 8.9704122931e-01 2.7127473931e+07 1.2060718712e-03 1.0874630376e-03 3.2886030472e+04 1.2000435217e+08 8.8992571883e-02
4.0330590320e+00 2.6561442605e+00 8.5252931307e-01 2.7238408293e+07 1.2326471469e-03 -4.6886660565e-04 -1.4980341255e+04 1.2000235336e+08 9.0429829238e-02
4.0828468262e+00 2.6984051776e+00 8.4002066467e-01 2.7385530692e+07 1.1918441424e-03 -3.4752180755e-04 -1.1329565482e+04 1.1999957594e+08 9.1808476326e-02
4.1326346204e+00 2.7386168058e+00 7.6812905240e-01 2.7449372568e+07 1.2386088066e-03 1.9287268322e-03 6.8923758623e+04 1.1999633405e+08 9.3243053758e-02
4.1824224146e+00 2.7752857529e+00 7.1603335854e-01 2.7561241144e+07 1.3159998009e-03 6.3113763685e-04 2.4293472359e+04 1.1999619710e+08 9.4877820066e-02
4.2322102089e+00 2.8107132877e+00 7.0998626821e-01 2.7745517865e+07 1.3045649656e-03 -6.1342944871e-04 -2.3972178746e+04 1.2000061744e+08 9.6489241321e-02
4.2819980031e+00 2.8458360148e+00 6.9750695683e-01 2.7905441414e+07 1.2991313152e-03 5.0770005512e-04 2.0311760342e+04 1.2000238135e+08 9.7995491889e-02
4.3317857973e+00 2.8799986760e+00 6.7528943142e-01 2.8044176387e+07 1.3356173553e-03 6.7445924403e-04 2.8009699435e+04 1.2000183941e+08 9.9476384618e-02
4.3815735915e+00 2.9130569172e+00 6.5070403669e-01 2.8177237527e+07 1.3459938064e-03 -2.3961232911e-04 -1.0375859271e+04 1.2000219380e+08 1.0095536124e-01
4.4313613857e+00 2.9444340526e+00 6.0750394559e-01 2.8280332110e+07 1.3398155955e-03 2.7707945926e-04 1.2898515616e+04 1.2000112273e+08 1.0250416526e-01
4.4811491799e+00 2.9736746909e+00 5.7198661226e-01 2.8408118692e+07 1.3690809768e-03 5.8171200391e-04 2.8891137131e+04 1.1999794886e+08 1.0417824947e-01
4.5309369742e+00 3.0018859314e+00 5.6342724859e-01 2.8590203957e+07 1.3779146708e-03 -1.2035275168e-04 -6.1071056219e+03 1.1999439265e+08 1.0585304201e-01
4.5807247684e+00 3.0295019861e+00 5.4127316591e-01 2.8738353666e+07 1.3834172426e-03 5.0011588435e-04 2.6553149248e+04 1.1999590870e+08 1.0748601094e-01
4.6305125626e+00 3.0555767741e+00 5.0765284619e-01 2.8867931811e+07 1.4159269484e-03 5.3123756460e-04 3.0209088564e+04 1.1999935627e+08 1.0920074547e-01
4.6803003568e+00 3.0802752440e+00 4.8596037449e-01 2.9029972700e+07 1.4224483399e-03 -1.5927762175e-04 -9.5148190137e+03 1.2000278299e+08 1.1098093071e-01
4.7300881510e+00 3.1039341503e+00 4.6329327347e-01 2.9190085755e+07 1.4228175613e-03 3.0450906746e-04 1.9185786415e+04 1.2000440574e+08 1.1278981031e-01
4.7798759452e+00 3.1262978072e+00 4.3537184270e-01 2.9340139144e+07 1.4431935807e-03 2.9599463631e-04 1.9947371335e+04 1.2000151301e+08 1.1466812915e-01
4.8296637395e+00 3.1474166972e+00 4.1411565640e-01 2.9513114982e+07 1.4426080302e-03 -2.1603717199e-04 -1.5396495638e+04 1.1999933279e+08 1.1661480172e-01
4.8794515337e+00 3.1674221439e+00 3.8702155517e-01 2.9672224145e+07 1.4388706284e-03 1.6035309186e-04 1.2293973864e+04 1.1999893399e+08 1.1861864753e-01
4.9292393279e+00 3.1857958219e+00 3.5223449446e-01 2.9817079076e+07 1.4536312976e-03 3.0405183573e-04 2.5738358315e+04 1.2000240804e+08 1.2076127021e-01
4.9790271221e+00 3.2027480992e+00 3.3120283629e-01 3.0014556146e+07 1.4614022843e-03 1.8481658473e-05 1.6748611881e+03 1.2000454687e+08 1.2301830454e-01
5.0288149163e+00 3.2188212626e+00 3.1344698284e-01 3.0223672995e+07 1.4619135162e-03 6.9436801144e-05 6.6953433483e+03 1.2000268173e+08 1.2531603205e-01
5.0786027105e+00 3.2338337654e+00 2.8932207836e-01 3.0411221777e+07 1.4694019694e-03 1.9216117070e-04 2.0198444627e+04 1.1999780503e+08 1.2769065995e-01
5.1283905048e+00 3.2476774841e+00 2.6781815966e-01 3.0614659062e+07 1.4781543419e-03 1.6314594539e-04 1.8649435504e+04 1.1999386114e+08 1.3016714932e-01
5.1781782990e+00 3.2605458104e+00 2.4909307328e-01 3.0834160184e+07 1.4872423264e-03 2.0485857891e-04 2.5358562379e+04 1.1999369809e+08 1.3272199668e-01
5.2279660932e+00 3.2724474500e+00 2.2901169839e-01 3.1050825748e+07 1.4966446520e-03 1.4935649047e-04 2.0250678863e+04 1.1999675391e+08 1.3536202508e-01
5.2777538874e+00 3.2833604404e+00 2.0954753818e-01 3.1273726609e+07 1.5024944997e-03 1.1729337773e-04 1.7505340602e+04 1.2000093012e+08 1.3809921024e-01
5.3275416816e+00 3.2932822555e+00 1.8881256331e-01 3.1489575707e+07 1.5107476460e-03 2.0835540020e-04 3.4748869638e+04 1.2000012831e+08 1.4094234900e-01
5.3773294758e+00 3.3021909445e+00 1.7019216521e-01 3.1719888995e+07 1.5201677806e-03 1.3902357030e-04 2.5910782744e+04 1.1999895204e+08 1.4390293402e-01
5.4271172701e+00 3.3103280273e+00 1.5718683998e-01 3.1989015442e+07 1.5243170136e-03 5.2902198158e-05 1.0766099974e+04 1.1999843854e+08 1.4694196041e-01
5.4769050643e+00 3.3177975464e+00 1.4197117836e-01 3.2239485939e+07 1.5279294467e-03 9.9487150030e-05 2.2592012066e+04 1.2000077232e+08 1.5004255825e-01
5.5266928585e+00 3.3243954052e+00 1.2328452139e-01 3.2453368665e+07 1.5331101649e-03 9.0928862572e-05 2.3936077830e+04 1.2000386976e+08 1.5322961124e-01
5.5764806527e+00 3.3301578358e+00 1.0948394792e-01 3.2698205453e+07 1.5361990007e-03 3.8202329442e-05 1.1409413349e+04 1.2000734572e+08 1.5644897745e-01
5.6262684469e+00 3.3353814461e+00 1.0071383177e-01 3.2977789509e+07 1.5377449476e-03 2.7752663629e-05 9.0873466271e+03 1.2000818018e+08 1.5961130883e-01
5.6760562411e+00 3.3401838157e+00 9.2233879484e-02 3.3237069805e+07 1.5386500076e-03 4.4012483401e-06 1.5860180568e+03 1.2000351401e+08 1.6266144382e-01
5.7258440354e+00 3.3445812949e+00 8.4738507284e-02 3.3479620098e+07 1.5384576713e-03 -1.4238670055e-06 -5.6256037475e+02 1.1999539353e+08 1.6554821184e-01
5.7756318296e+00 3.3486522852e+00 7.9178667021e-02 3.3722358000e+07 1.5396935530e-03 5.7594759744e-05 2.4529727263e+04 1.1998978170e+08 1.6826214814e-01
5.8254196238e+00 3.3524917311e+00 7.5145310756e-02 3.3968532647e+07 1.5440472785e-03 1.0941174418e-04 4.9458261160e+04 1.1999174444e+08 1.7083153864e-01
5.8752074180e+00 3.3561189205e+00 7.0345969345e-02 3.4182565582e+07 1.5496399522e-03 1.0379425402e-04 5.0435780870e+04 1.1999789716e+08 1.7325986723e-01
5.9249952122e+00 3.3594852155e+00 6.5018707546e-02 3.4360092359e+07 1.5532276378e-03 3.4790361952e-05 1.8385478503e+04 1.2000231309e+08 1.7551510828e-01
5.9747830064e+00 3.3626203211e+00 6.1287558095e-02 3.4541190783e+07 1.5537162507e-03 1.7355339284e-06 9.7813341554e+02 1.2000305478e+08 1.7761274848e-01
6.0245708007e+00 3.3656106302e+00 5.8914854735e-02 3.4732787303e+07 1.5550856991e-03 6.1688411907e-05 3.6367916028e+04 1.2000228366e+08 1.7960575782e-01
6.0743585949e+00 3.3684859078e+00 5.6619363063e-02 3.4913590833e+07 1.5594849460e-03 1.0273653580e-04 6.3351143147e+04 1.2000074468e+08 1.8151346871e-01
6.1241463891e+00 3.3712542523e+00 5.4651627108e-02 3.5090398918e+07 1.5642370565e-03 8.2618527113e-05 5.3047223437e+04 1.1999996889e+08 1.8334196746e-01
6.1739341833e+00 3.3739266455e+00 5.2629663801e-02 3.5255888449e+07 1.5676658741e-03 5.6660511367e-05 3.7956097834e+04 1.1999933130e+08 1.8509907365e-01
6.2237219775e+00 3.3764831720e+00 4.9983886849e-02 3.5394824241e+07 1.5698125097e-03 2.8690117618e-05 2.0316180564e+04 1.1999873126e+08 1.8677357119e-01
6.2735097717e+00 3.3788967551e+00 4.6931097026e-02 3.5508258029e+07 1.5708533554e-03 2.1137726602e-05 1.5992889531e+04 1.1999814958e+08 1.8834996836e-01
6.3232975660e+00 3.3811509110e+00 4.3633386668e-02 3.5597351645e+07 1.5726280902e-03 5.2187063677e-05 4.2575683413e+04 1.1999866349e+08 1.8981936737e-01
6.3730853602e+00 3.3832483865e+00 4.0775435953e-02 3.5680531119e+07 1.5757179942e-03 6.5809265466e-05 5.7586374971e+04 1.2000067620e+08 1.9118467605e-01
6.4228731544e+00 3.3852248466e+00 3.8741375845e-02 3.5774051637e+07 1.5787651089e-03 5.5474048027e-05 5.1225115664e+04 1.2000326786e+08 1.9246886781e-01
6.4726609486e+00 3.3871104788e+00 3.7011241373e-02 3.5866289163e+07 1.5812730492e-03 4.5290484563e-05 4.3889411849e+04 1.2000435346e+08 1.9369128359e-01
6.5224487428e+00 3.3889101482e+00 3.5338736852e-02 3.5950058847e+07 1.5831118391e-03 2.6552838769e-05 2.7012174213e+04 1.2000266181e+08 1.9485556758e-01
6.5722365370e+00 3.3906386583e+00 3.4203722121e-02 3.6044016714e+07 1.5839462377e-03 1.0938044681e-05 1.1526554447e+04 1.2000001485e+08 1.9597134780e-01
6.6220243313e+00 3.3923160258e+00 3.3040923096e-02 3.6131456180e+07 1.5847578037e-03 2.5833262476e-05 2.8249616042e+04 1.1999781477e+08 1.9705128248e-01
6.6718121255e+00 3.3939057665e+00 3.0633807869e-02 3.6163082999e+07 1.5864738031e-03 3.8396242980e-05 4.5326605418e+04 1.1999678697e+08 1.9807360906e-01
6.7215999197e+00 3.3953608735e+00 2.7928280806e-02 3.6164462032e+07 1.5881566664e-03 2.8205896498e-05 3.6523947897e+04 1.1999636400e+08 1.9901030257e-01
6.7713877139e+00 3.3967021101e+00 2.6118966004e-02 3.6187835214e+07 1.5895232278e-03 3.0501122780e-05 4.2259314738e+04 1.1999641034e+08 1.9987451229e-01
6.8211755081e+00 3.3979693666e+00 2.4762623384e-02 3.6222348731e+07 1.5913780351e-03 4.2704989138e-05 6.2468139385e+04 1.1999819972e+08 2.0069091314e-01
6.8709633023e+00 3.3991548880e+00 2.2713523867e-02 3.6211097872e+07 1.5934409136e-03 3.6459451571e-05 5.8125580906e+04 1.2000036655e+08 2.0145507565e-01
6.9207510966e+00 3.4002224884e+00 2.0215825114e-02 3.6154484578e+07 1.5948235014e-03 1.9738485217e-05 3.5300798030e+04 1.2000133423e+08 2.0214519354e-01
6.9705388908e+00 3.4011795393e+00 1.8409706273e-02 3.6116925215e+07 1.5955960645e-03 1.3188258405e-05 2.5873272255e+04 1.2000204510e+08 2.0276595016e-01
7.0203266850e+00 3.4020701004e+00 1.7455667057e-02 3.6122291227e+07 1.5961766526e-03 9.4904506122e-06 1.9639285040e+04 1.2000129646e+08 2.0334449761e-01
7.0701144792e+00 3.4029180583e+00 1.6559633594e-02 3.6124818658e+07 1.5965536524e-03 7.5083550994e-06 1.6379466662e+04 1.1999999762e+08 2.0389562555e-01
7.1199022734e+00 3.4037139703e+00 1.5404312560e-02 3.6100002099e+07 1.5972050919e-03 2.0816121636e-05 4.8782575129e+04 1.1999938164e+08 2.0441362455e-01
7.1696900676e+00 3.4044531229e+00 1.4311862757e-02 3.6069410055e+07 1.5986123576e-03 3.2968080689e-05 8.3087662398e+04 1.1999895735e+08 2.0489567381e-01
7.2194778619e+00 3.4051393600e+00 1.3259865159e-02 3.6031989778e+07 1.6001259853e-03 2.4910227912e-05 6.7690362360e+04 1.2000002917e+08 2.0534419912e-01
7.2692656561e+00 3.4057746001e+00 1.2299135311e-02 3.5992398311e+07 1.6010205630e-03 1.2567859678e-05 3.6778797858e+04 1.2000221554e+08 2.0576042248e-01
7.3190534503e+00 3.4063697756e+00 1.1685995806e-02 3.5978010096e+07 1.6016007497e-03 1.2711965071e-05 3.9136691066e+04 1.2000248360e+08 2.0615115376e-01
7.3688412445e+00 3.4069447171e+00 1.1454006706e-02 3.5998957229e+07 1.6023747860e-03 1.8118081702e-05 5.6943571363e+04 1.2000153596e+08 2.0652874729e-01
7.4186290387e+00 3.4075106973e+00 1.1247032449e-02 3.6021559088e+07 1.6033080135e-03 1.8101339391e-05 5.7974267380e+04 1.2000121145e+08 2.0690023690e-01
7.4684168329e+00 3.4080586476e+00 1.0705451078e-02 3.6005646722e+07 1.6040984570e-03 1.3635197466e-05 4.5859263602e+04 1.2000157569e+08 2.0726001058e-01
7.5182046272e+00 3.4085734115e+00 9.9862034454e-03 3.5962953745e+07 1.6047134267e-03 1.1780876130e-05 4.2426043656e+04 1.2000194022e+08 2.0759866901e-01
7.5679924214e+00 3.4090568688e+00 9.4870021102e-03 3.5939226217e+07 1.6053336726e-03 1.3555748345e-05 5.1352692943e+04 1.2000048923e+08 2.0791739715e-01
7.6177802156e+00 3.4095211158e+00 9.1652490020e-03 3.5933697433e+07 1.6060664382e-03 1.5441042650e-05 6.0538863104e+04 1.1999755032e+08 2.0822375781e-01
7.6675680098e+00 3.4099662338e+00 8.6609595254e-03 3.5900315872e+07 1.6068203505e-03 1.4608670908e-05 6.0554018124e+04 1.1999498874e+08 2.0851781521e-01
7.7173558040e+00 3.4103780138e+00 7.8538458133e-03 3.5815671717e+07 1.6075249257e-03 1.3756907003e-05 6.2735235294e+04 1.1999493609e+08 2.0879067495e-01
7.7671435982e+00 3.4107483269e+00 7.0584708741e-03 3.5717676330e+07 1.6081868677e-03 1.3020966040e-05 6.5889433962e+04 1.1999674661e+08 2.0903719154e-01
7.8169313925e+00 3.4110870740e+00 6.6207085657e-03 3.5669037767e+07 1.6088712643e-03 1.4442557590e-05 7.7809214381e+04 1.2000025449e+08 2.0926355467e-01
7.8667191867e+00 3.4114007595e+00 5.6286972756e-03 3.5499086804e+07 1.6100035409e-03 4.5254083231e-05 2.8540860348e+05 1.2000232549e+08 2.0947383497e-01
7.9165069809e+00 3.4124253842e+00 1.7005997221e-01 3.9652444402e+07 1.6172596785e-03 5.3293319256e-04 1.2426265577e+05 1.2000123519e+08 2.1000415609e-01
7.9662947751e+00 3.5935066355e+00 8.2663762146e+00 3.7571186415e+07 1.1847232296e-03 -1.0327974413e-02 -4.6941276551e+04 1.1999950815e+08 1.5326099459e-01
8.0160825693e+00 4.1188163003e+00 1.0878713149e+01 2.8022913455e+07 2.2169549582e-03 5.3936877195e-02 1.3893816493e+05 1.1999915768e+08 7.1301051572e-02
8.0658703635e+00 4.5913115521e+00 8.1445801221e+00 2.5321326278e+07 3.5442364310e-03 -1.5894009495e-02 -4.9414137286e+04 1.2000021547e+08 5.1847804585e-02
8.1156581578e+00 4.9456752277e+00 6.2581113587e+00 2.4674112950e+07 2.1520150813e-03 -2.0944137100e-02 -8.2577310441e+04 1.2000125602e+08 4.9121790262e-02
8.1654459520e+00 5.2286468270e+00 5.2249043470e+00 2.4544451538e+07 1.4626121416e-03 -1.7226675394e-02 -8.0923835403e+04 1.2000026012e+08 4.9854485760e-02
8.2152337462e+00 5.4702756876e+00 4.4982105251e+00 2.4543342425e+07 9.9930048770e-04 8.0833799698e-03 4.4104908262e+04 1.1999997565e+08 5.1344657346e-02
8.2650215404e+00 5.6810570893e+00 4.0215444534e+00 2.4613878187e+07 1.5776314239e-03 5.8194486671e-03 3.5617957795e+04 1.2000263413e+08 5.3047851485e-02
8.3148093346e+00 5.8704024161e+00 3.5696381756e+00 2.4672346742e+07 1.6995933113e-03 2.0680296285e-03 1.4293645898e+04 1.2000392668e+08 5.4725099560e-02
8.3645971288e+00 6.0389047679e+00 3.2405120491e+00 2.4763753328e+07 1.7110262957e-03 -1.6957976451e-03 -1.2959160139e+04 1.2000292641e+08 5.6455472993e-02
8.4143849231e+00 6.1934265205e+00 2.9571920493e+00 2.4849477109e+07 1.6925853505e-03 2.2134732450e-03 1.8599959629e+04 1.2000282258e+08 5.8084770386e-02
8.4641727173e+00 6.3344319428e+00 2.7297056998e+00 2.4946561978e+07 1.8303796836e-03 1.5389860993e-03 1.4064670822e+04 1.2000148190e+08 5.9696200346e-02
8.5139605115e+00 6.4656730699e+00 2.5349662501e+00 2.5039141486e+07 1.8344763925e-03 -5.0480816309e-04 -4.9862450903e+03 1.1999696873e+08 6.1215388322e-02
8.5637483057e+00 6.5865124059e+00 2.3257958156e+00 2.5119199941e+07 1.8162531029e-03 -1.9135970954e-04 -2.0667346516e+03 1.1999584478e+08 6.2745877302e-02
8.6135360999e+00 6.6979769915e+00 2.1597354467e+00 2.5215490894e+07 1.8447636457e-03 1.2556190110e-03 1.4659688892e+04 1.1999718763e+08 6.4286685119e-02
8.6633238941e+00 6.8020498252e+00 2.0225393719e+00 2.5317282651e+07 1.8773689636e-03 -3.3555414385e-06 -4.2003232285e+01 1.1999655902e+08 6.5792173938e-02
8.7131116884e+00 6.8990812809e+00 1.8753501202e+00 2.5406677191e+07 1.9058967127e-03 1.3214013042e-03 1.7901945889e+04 1.1999595882e+08 6.7293997189e-02
8.7628994826e+00 6.9891791111e+00 1.7487683641e+00 2.5506421211e+07 1.9549109007e-03 2.3802499905e-04 3.4716809894e+03 1.1999732249e+08 6.8821637340e-02
8.8126872768e+00 7.0731510333e+00 1.6234245332e+00 2.5602467089e+07 1.9675952997e-03 8.3676115447e-04 1.3196270895e+04 1.1999796778e+08 7.0364844374e-02
8.8624750710e+00 7.1509721522e+00 1.5068449840e+00 2.5703953138e+07 2.0279354488e-03 1.0741075211e-03 1.8322262529e+04 1.1999881493e+08 7.1954481397e-02
8.9122628652e+00 7.2233718942e+00 1.4028849780e+00 2.5813661484e+07 2.0547785406e-03 2.1010241472e-04 3.8659709781e+03 1.2000398095e+08 7.3574434967e-02
8.9620506594e+00 7.2907621572e+00 1.3057113242e+00 2.5926893266e+07 2.0741566183e-03 6.9346484369e-04 1.3769803977e+04 1.2000914608e+08 7.5226729948e-02
9.0118384537e+00 7.3533742216e+00 1.2101741546e+00 2.6038872133e+07 2.1216527508e-03 1.0630972722e-03 2.2874272955e+04 1.2000792381e+08 7.6922180636e-02
9.0616262479e+00 7.4114239931e+00 1.1244890784e+00 2.6159454918e+07 2.1644395343e-03 6.1068069378e-04 1.4206517773e+04 1.2000349668e+08 7.8669532200e-02
9.1114140421e+00 7.4653576658e+00 1.0408132711e+00 2.6280715568e+07 2.1890045975e-03 4.5788866775e-04 1.1561768256e+04 1.1999930693e+08 8.0461203063e-02
9.1612018363e+00 7.5149311673e+00 9.5150444711e-01 2.6397439901e+07 2.2112719651e-03 4.1354211539e-04 1.1472834594e+04 1.1999650462e+08 8.2336678852e-02
9.2109896305e+00 7.5602125700e+00 8.6922948652e-01 2.6525534761e+07 2.2293654731e-03 3.1070560901e-04 9.4815380287e+03 1.1999570505e+08 8.4310470941e-02
9.2607774247e+00 7.6015875364e+00 7.9429639933e-01 2.6665486423e+07 2.2412509059e-03 1.7543457027e-04 5.8895497393e+03 1.1999845784e+08 8.6373603514e-02
9.3105652190e+00 7.6393452258e+00 7.2272029931e-01 2.6810573058e+07 2.2498836908e-03 1.8975174296e-04 7.0391726543e+03 1.2000006257e+08 8.8524501176e-02
9.3603530132e+00 7.6735123382e+00 6.5042045642e-01 2.6954780447e+07 2.2589123531e-03 1.5901976617e-04 6.5901108148e+03 1.1999912543e+08 9.0782604945e-02
9.4101408074e+00 7.7042057394e+00 5.8442475079e-01 2.7111297079e+07 2.2674950974e-03 2.2257251873e-04 1.0325075502e+04 1.1999820489e+08 9.3159132220e-02
9.4599286016e+00 7.7317920716e+00 5.2416261897e-01 2.7278545979e+07 2.2824405899e-03 3.5379697745e-04 1.8412352898e+04 1.1999739964e+08 9.5643255626e-02
9.5097163958e+00 7.7563421845e+00 4.6190866379e-01 2.7439788526e+07 2.2986035176e-03 2.6202918297e-04 1.5565902812e+04 1.1999794297e+08 9.8250971828e-02
9.5595041900e+00 7.7777745698e+00 3.9975187448e-01 2.7598426162e+07 2.3084814225e-03 1.6238096307e-04 1.1210601639e+04 1.2000112376e+08 1.0101290655e-01
9.6092919843e+00 7.7961793016e+00 3.4029222186e-01 2.7757443614e+07 2.3167863875e-03 1.6939760666e-04 1.3817666738e+04 1.2000404409e+08 1.0394367895e-01
9.6590797785e+00 7.8116810725e+00 2.8307682924e-01 2.7909825916e+07 2.3239740560e-03 1.1152311714e-04 1.0995568918e+04 1.2000418287e+08 1.0705500525e-01
9.7088675727e+00 7.8244025234e+00 2.2886583701e-01 2.8050766147e+07 2.3284458254e-03 7.7857475058e-05 9.5425418409e+03 1.2000278898e+08 1.1035897735e-01
9.7586553669e+00 7.8345339921e+00 1.7927288185e-01 2.8177117423e+07 2.3319010258e-03 5.8550205743e-05 9.2025966525e+03 1.2000089080e+08 1.1385881991e-01
9.8084431611e+00 7.8423540492e+00 1.3641290766e-01 2.8289939307e+07 2.3344820078e-03 5.1294157687e-05 1.0637619509e+04 1.1999960515e+08 1.1753447242e-01
9.8582309553e+00 7.8482530764e+00 1.0226983298e-01 2.8390486341e+07 2.3373043405e-03 5.9233692784e-05 1.6443493617e+04 1.1999974868e+08 1.2125221237e-01
9.9080187495e+00 7.8526917969e+00 7.7754490282e-02 2.8462650218e+07 2.3398524936e-03 3.9900515096e-05 1.4605901223e+04 1.1999919486e+08 1.2459229139e-01
9.9578065438e+00 7.8561258927e+00 6.1340820084e-02 2.8502939051e+07 2.3414306064e-03 2.8011208192e-05 1.3015831199e+04 1.1999689790e+08 1.2730070788e-01
1.0007594338e+01 7.8588767234e+00 4.9826797573e-02 2.8515890519e+07 2.3428831714e-03 2.9418806747e-05 1.6836391526e+04 1.1999482171e+08 1.2948947362e-01
1.0057382132e+01 7.8611336799e+00 4.1288509097e-02 2.8506778019e+07 2.3441408070e-03 1.9941588817e-05 1.3768248313e+04 1.1999477692e+08 1.3129163381e-01
1.0107169926e+01 7.8630218175e+00 3.4893037309e-02 2.8486861057e+07 2.3449469162e-03 1.4103130059e-05 1.1513870315e+04 1.1999667925e+08 1.3280360161e-01
1.0156957721e+01 7.8646303582e+00 2.9926687427e-02 2.8458162048e+07 2.3456016909e-03 1.1622576407e-05 1.1052247717e+04 1.1999855039e+08 1.3409513340e-01
1.0206745515e+01 7.8660160053e+00 2.5903271541e-02 2.8419061048e+07 2.3460446789e-03 6.2541373216e-06 6.8615545363e+03 1.1999932132e+08 1.3521078266e-01
1.0256533309e+01 7.8672228909e+00 2.2714675794e-02 2.8378677647e+07 2.3462634604e-03 2.7245201720e-06 3.4038909649e+03 1.2000034091e+08 1.3618519391e-01
1.0306321103e+01 7.8682863755e+00 2.0095849426e-02 2.8335431086e+07 2.3463157773e-03 -1.5658128084e-07 -2.2078181412e+02 1.2000195270e+08 1.3704609926e-01
1.0356108897e+01 7.8692308441e+00 1.7925632867e-02 2.8290784671e+07 2.3463437789e-03 2.0361365911e-06 3.2134933413e+03 1.2000387598e+08 1.3781266447e-01
1.0405896692e+01 7.8700765236e+00 1.6097721021e-02 2.8244868414e+07 2.3465027747e-03 3.3771059293e-06 5.9254295976e+03 1.2000614073e+08 1.3850078306e-01
1.0455684486e+01 7.8708369074e+00 1.4487949134e-02 2.8193396468e+07 2.3465654095e-03 -1.6936864733e-06 -3.2958960440e+03 1.2000822104e+08 1.3912108400e-01
1.0505472280e+01 7.8715222491e+00 1.3089210941e-02 2.8138690546e+07 2.3463430666e-03 -5.9121024654e-06 -1.2709614239e+04 1.2000751363e+08 1.3968164914e-01
1.0555260074e+01 7.8721438699e+00 1.1911794326e-02 2.8086142453e+07 2.3461577994e-03 -4.5948498227e-07 -1.0833935102e+03 1.2000480894e+08 1.4019138761e-01
1.0605047869e+01 7.8727070579e+00 1.0681526457e-02 2.8009895662e+07 2.3462043230e-03 -1.4896673583e-08 -3.9063168962e+01 1.2000040998e+08 1.4065446879e-01
1.0654835663e+01 7.8732058270e+00 9.4027307793e-03 2.7905323461e+07 2.3460443556e-03 -5.1612755402e-06 -1.5317578138e+04 1.1999618901e+08 1.4106615323e-01
1.0704623457e+01 7.8736539265e+00 8.7599137266e-03 2.7864617210e+07 2.3459414751e-03 2.9519630991e-06 9.3899693925e+03 1.1999497544e+08 1.4143726394e-01
1.0754411251e+01 7.8740954535e+00 9.1459816184e-03 2.7960251188e+07 2.3462692494e-03 6.8405480155e-06 2.0912292278e+04 1.1999514536e+08 1.4180275508e-01
1.0804199045e+01 7.8745805129e+00 1.0474512576e-02 2.8170908603e+07 2.3462826417e-03 -7.3176840871e-06 -1.9680706678e+04 1.1999516642e+08 1.4220220965e-01
1.0853986840e+01 7.8751501264e+00 1.2456929001e-02 2.8434824629e+07 2.3457841031e-03 -8.0747825622e-06 -1.8431912558e+04 1.1999576601e+08 1.4266746703e-01
1.0903774634e+01 7.8758179130e+00 1.4223458327e-02 2.8659110060e+07 2.3458121090e-03 9.6060396792e-06 1.9355387563e+04 1.1999696889e+08 1.4320836752e-01
1.0953562428e+01 7.8765477769e+00 1.4902356306e-02 2.8786076550e+07 2.3465681962e-03 1.8257555431e-05 3.5267133428e+04 1.1999904924e+08 1.4379626670e-01
1.1003350222e+01 7.8772893460e+00 1.4836332557e-02 2.8852699607e+07 2.3474653801e-03 1.7012133246e-05 3.3084050141e+04 1.2000091591e+08 1.4439208664e-01
1.1053138017e+01 7.8780244266e+00 1.4690264567e-02 2.8911329592e+07 2.3482434841e-03 1.4430539279e-05 2.8400174509e+04 1.1999977215e+08 1.4498183000e-01
1.1102925811e+01 7.8787473378e+00 1.4251956747e-02 2.8944387817e+07 2.3489074226e-03 1.2077783395e-05 2.4528845602e+04 1.1999924066e+08 1.4556117511e-01
1.1152713605e+01 7.8794313620e+00 1.3124956534e-02 2.8911436920e+07 2.3494463535e-03 9.9742740664e-06 2.1971165753e+04 1.1999945241e+08 1.4610970947e-01
1.1202501399e+01 7.8800486755e+00 1.1684786253e-02 2.8831817882e+07 2.3499259500e-03 8.9006227728e-06 2.1961987945e+04 1.2000048262e+08 1.4660615186e-01
1.1252289193e+01 7.8805984734e+00 1.0459309945e-02 2.8752987166e+07 2.3502381878e-03 2.9462107649e-06 8.0992303276e+03 1.2000399181e+08 1.4704988202e-01
1.1302076988e+01 7.8810940425e+00 9.4718093293e-03 2.8682339380e+07 2.3502870524e-03 1.2820012834e-06 3.8821300785e+03 1.2000478093e+08 1.4745112478e-01
1.1351864782e+01 7.8815401278e+00 8.4171750670e-03 2.8583389653e+07 2.3506174226e-03 1.3289770198e-05 4.5129948818e+04 1.2000155348e+08 1.4781351660e-01
1.1401652576e+01 7.8819289056e+00 7.1982441584e-03 2.8433867419e+07 2.3515252812e-03 2.0470022769e-05 8.0858873451e+04 1.2000225905e+08 1.4813088810e-01
1.1451440370e+01 7.8822586153e+00 6.0942347070e-03 2.8266884270e+07 2.3523689312e-03 1.1309110310e-05 5.2455037868e+04 1.2000321870e+08 1.4840169829e-01
1.1501228164e+01 7.8825405183e+00 5.2827727373e-03 2.8123189973e+07 2.3525580925e-03 -3.3770133794e-06 -1.7977754019e+04 1.2000223760e+08 1.4863461254e-01
1.1551015959e+01 7.8827884142e+00 4.7099690625e-03 2.8009473557e+07 2.3521410190e-03 -1.1611446984e-05 -6.9051518797e+04 1.1999956364e+08 1.4884041167e-01
1.1600803753e+01 7.8830125358e+00 4.3280678284e-03 2.7929886047e+07 2.3515867467e-03 -9.0031226744e-06 -5.8098948615e+04 1.1999716702e+08 1.4902715684e-01
1.1650591547e+01 7.8832220174e+00 4.1014575929e-03 2.7885817736e+07 2.3513553018e-03 6.8509939982e-08 4.6579920825e+02 1.1999462027e+08 1.4920210505e-01
1.1700379341e+01 7.8834201871e+00 3.8349502724e-03 2.7825216307e+07 2.3515653963e-03 7.4521352309e-06 5.4070394665e+04 1.1999533918e+08 1.4936790631e-01
1.1750167136e+01 7.8836007661e+00 3.3990834041e-03 2.7699267934e+07 2.3519938390e-03 8.8272325854e-06 7.1933474830e+04 1.1999821775e+08 1.4951950348e-01
1.1799954930e+01 7.8837584784e+00 2.9591121309e-03 2.7549168883e+07 2.3523865291e-03 6.7068427654e-06 6.2440332046e+04 1.1999924308e+08 1.4965259417e-01
1.1849742724e+01 7.8838985924e+00 2.7076396020e-03 2.7457053513e+07 2.3526547548e-03 4.0952929302e-06 4.1528672078e+04 1.1999994824e+08 1.4977137223e-01
1.1899530518e+01 7.8840313133e+00 2.6495313436e-03 2.7444766884e+07 2.3527933910e-03 1.4732471653e-06 1.5260406378e+04 1.2000078902e+08 1.4988409767e-01
1.1949318312e+01 7.8841640996e+00 2.6929773829e-03 2.7477322244e+07 2.3528072445e-03 -7.0791616190e-07 -7.2230983541e+03 1.1999863381e+08 1.4999683894e-01
1.1999106107e+01 7.8842997609e+00 2.7566581719e-03 2.7518760649e+07 2.3527506787e-03 -1.3200220803e-06 -1.3177321748e+04 1.1999685213e+08 1.5011188086e-01
1.2000000000e+01 7.8843022258e+00 2.7578805169e-03 2.7519574952e+07 2.3527494981e-03 -1.3210656193e-06 -1.3182284042e+04 1.1999687192e+08 1.5011396967e-01
