# TPV104 station: x2_9_x3_7.5 (along_strike=9000, down_dip=7500)
# Columns (SCEC TPV104 trace layout): t  h-slip  h-slip-rate  h-shear-stress  v-slip  v-slip-rate  v-shear-stress  n-stress  psi
# BP5 convention: h = strike = component 2, v = dip = component 1.  TPV104 is pure strike-slip so v-slip / v-slip-rate / v-shear-stress ≈ 0.
0.0000000000e+00 0.0000000000e+00 1.0000000000e-16 4.0000000000e+07 0.0000000000e+00 0.0000000000e+00 0.0000000000e+00 1.2000000000e+08 5.6359184263e-01
2.4770046874e-04 2.4770046874e-20 1.0000000000e-16 4.0000000000e+07 0.0000000000e+00 0.0000000000e+00 0.0000000000e+00 1.2000000000e+08 5.6359184263e-01
5.0035494685e-02 5.0035494685e-18 1.0000000000e-16 4.0000000000e+07 -5.4353054392e-37 -7.1616779305e-37 -2.8646711722e-13 1.2000000000e+08 5.6359184263e-01
9.9823288902e-02 9.9823288902e-18 1.0000000000e-16 4.0000000000e+07 -6.4110790640e-37 -1.5762517799e-36 -6.3050071194e-13 1.2000000000e+08 5.6359184263e-01
1.4961108312e-01 1.4961108312e-17 1.0000000000e-16 4.0000000000e+07 -7.0261161402e-37 1.2682983192e-36 5.0731932768e-13 1.2000000000e+08 5.6359184263e-01
1.9939887733e-01 1.9939887733e-17 1.0000000000e-16 4.0000000000e+07 -4.3306332795e-37 5.0324298101e-36 2.0129719240e-12 1.2000000000e+08 5.6359184263e-01
2.4918667155e-01 2.4918667155e-17 1.0000000000e-16 4.0000000000e+07 -3.3277760816e-37 1.2080397319e-36 4.8321589277e-13 1.2000000000e+08 5.6359184263e-01
2.9897446577e-01 2.9897446577e-17 1.0000000000e-16 4.0000000000e+07 -2.5795650599e-37 1.1506643892e-36 4.6026575566e-13 1.2000000000e+08 5.6359184263e-01
3.4876225998e-01 3.4876225998e-17 1.0000000000e-16 4.0000000000e+07 -2.3354918503e-37 9.7795004230e-37 3.9118001692e-13 1.2000000000e+08 5.6359184263e-01
3.9855005420e-01 3.9855005420e-17 1.0000000000e-16 4.0000000000e+07 -1.5858545055e-37 6.7110324474e-37 2.6844129790e-13 1.2000000000e+08 5.6359184263e-01
4.4833784842e-01 4.4833784842e-17 1.0000000000e-16 4.0000000000e+07 -1.7293859942e-37 -3.0507264962e-38 -1.2202905985e-14 1.2000000000e+08 5.6359184263e-01
4.9812564263e-01 4.9812564263e-17 1.0000000000e-16 4.0000000000e+07 -1.2940210953e-37 9.7646670443e-37 3.9058668177e-13 1.2000000000e+08 5.6359184263e-01
5.4791343685e-01 5.4791343685e-17 1.0000000000e-16 4.0000000000e+07 -1.1475873270e-37 3.9261503292e-38 1.5704601317e-14 1.2000000000e+08 5.6359184263e-01
5.9770123107e-01 5.9770123107e-17 1.0000000000e-16 4.0000000000e+07 -9.1915858547e-38 7.1343715794e-37 2.8537486318e-13 1.2000000000e+08 5.6359184263e-01
6.4748902528e-01 6.4748902528e-17 1.0000000000e-16 4.0000000000e+07 -6.5801457388e-38 3.2413775096e-37 1.2965510038e-13 1.2000000000e+08 5.6359184263e-01
6.9727681950e-01 6.9727681950e-17 1.0000000000e-16 4.0000000000e+07 -6.3771847139e-38 -3.5767204420e-37 -1.4306881768e-13 1.2000000000e+08 5.6359184263e-01
7.4706461372e-01 7.4706461372e-17 1.0000000000e-16 4.0000000000e+07 -8.6240790067e-38 -1.3711958097e-37 -5.4847832390e-14 1.2000000000e+08 5.6359184263e-01
7.9685240793e-01 7.9685240793e-17 1.0000000000e-16 4.0000000000e+07 -6.4420149373e-38 7.4353406178e-37 2.9741362471e-13 1.2000000000e+08 5.6359184263e-01
8.4664020215e-01 8.4664020215e-17 1.0000000000e-16 4.0000000000e+07 -3.7571424352e-38 2.6709225007e-37 1.0683690003e-13 1.2000000000e+08 5.6359184263e-01
8.9642799636e-01 8.9642799636e-17 1.0000000000e-16 4.0000000000e+07 -3.6045923571e-38 -1.4438633412e-37 -5.7754533649e-14 1.2000000000e+08 5.6359184263e-01
9.4621579058e-01 9.4621579058e-17 1.0000000000e-16 4.0000000000e+07 -3.9360054894e-38 1.7390862666e-37 6.9563450666e-14 1.2000000000e+08 5.6359184263e-01
9.9600358480e-01 9.9600358480e-17 1.0000000000e-16 4.0000000000e+07 -1.5508196668e-38 5.8912897065e-37 2.3565158826e-13 1.2000000000e+08 5.6359184263e-01
1.0457913790e+00 1.0457913790e-16 1.0000000000e-16 4.0000000000e+07 -7.7060053562e-39 -3.9661680854e-37 -1.5864672342e-13 1.2000000000e+08 5.6359184263e-01
1.0955791732e+00 1.0955791732e-16 1.0000000000e-16 4.0000000000e+07 -3.9718075870e-38 -5.6356870203e-37 -2.2542748081e-13 1.2000000000e+08 5.6359184263e-01
1.1453669674e+00 1.1453669674e-16 1.0000000000e-16 4.0000000000e+07 -4.3072906623e-38 3.8311926807e-37 1.5324770723e-13 1.2000000000e+08 5.6359184263e-01
1.1951547617e+00 1.1951547617e-16 1.0000000000e-16 4.0000000000e+07 -2.3088068629e-38 2.1175519693e-37 8.4702078771e-14 1.2000000000e+08 5.6359184263e-01
1.2449425559e+00 1.2449425559e-16 1.0000000000e-16 4.0000000000e+07 -2.3333279593e-38 -7.3532564471e-38 -2.9413025788e-14 1.2000000000e+08 5.6359184263e-01
1.2947303501e+00 1.2947303501e-16 1.0000000000e-16 4.0000000000e+07 -1.9003939949e-38 2.4009702331e-37 9.6038809324e-14 1.2000000000e+08 5.6359184263e-01
1.3445181443e+00 1.3445181443e-16 1.0000000000e-16 4.0000000000e+07 -7.6498921293e-39 1.5387291044e-37 6.1549164177e-14 1.2000000000e+08 5.6359184263e-01
1.3943059385e+00 1.3943059385e-16 1.0000000000e-16 4.0000000000e+07 1.0576995553e-39 3.3618777118e-37 1.3447510847e-13 1.2000000000e+08 5.6359184263e-01
1.4440937327e+00 1.4440937327e-16 1.0000000000e-16 4.0000000000e+07 4.3249457091e-38 1.6068456987e-36 6.4273827950e-13 1.2000000000e+08 5.6359184263e-01
1.4938815270e+00 1.4938815270e-16 1.0000000000e-16 4.0000000000e+07 2.5916119687e-37 9.9556869102e-36 3.9822747641e-12 1.2000000000e+08 5.6359184263e-01
1.5436693212e+00 1.5436693212e-16 1.0000000000e-16 4.0000000000e+07 2.1311863766e-36 9.4999875080e-35 3.7999950032e-11 1.2000000000e+08 5.6359184263e-01
1.5934571154e+00 1.5934571154e-16 1.0000000000e-16 4.0000000000e+07 2.0869393826e-35 9.6736049721e-34 3.8694419888e-10 1.2000000000e+08 5.6359184263e-01
1.6432449096e+00 1.6432449096e-16 1.0000000000e-16 4.0000000000e+07 2.2100719500e-34 1.0571964233e-32 4.2287856933e-09 1.2000000000e+08 5.6359184263e-01
1.6930327038e+00 1.6930327038e-16 1.0000000000e-16 4.0000000000e+07 2.4596740767e-33 1.1814471124e-31 4.7257884495e-08 1.2000000000e+08 5.6359184263e-01
1.7428204980e+00 1.7428204980e-16 1.0000000001e-16 4.0000000000e+07 2.6287821434e-32 1.2187571589e-30 4.8750286352e-07 1.2000000000e+08 5.6359184263e-01
1.7926082923e+00 1.7926082923e-16 1.0000000007e-16 4.0000000001e+07 2.5284436115e-31 1.1136961052e-29 4.4547844177e-06 1.2000000000e+08 5.6359184263e-01
1.8423960865e+00 1.8423960866e-16 1.0000000068e-16 4.0000000008e+07 2.1653025370e-30 9.0430253562e-29 3.6172101187e-05 1.2000000000e+08 5.6359184263e-01
1.8921838807e+00 1.8921838820e-16 1.0000000548e-16 4.0000000066e+07 1.6433726153e-29 6.4438911893e-28 2.5775563386e-04 1.2000000000e+08 5.6359184263e-01
1.9419716749e+00 1.9419716847e-16 1.0000003780e-16 4.0000000453e+07 1.0826862364e-28 3.9046793847e-27 1.5618711812e-03 1.2000000000e+08 5.6359184263e-01
1.9917594691e+00 1.9917595313e-16 1.0000021978e-16 4.0000002637e+07 6.0206312062e-28 1.9566304052e-26 7.8265049356e-03 1.2000000000e+08 5.6359184263e-01
2.0415472633e+00 2.0415475983e-16 1.0000107304e-16 4.0000012875e+07 2.7625361762e-27 7.8588414267e-26 3.1435038515e-02 1.2000000000e+08 5.6359184263e-01
2.0913350576e+00 2.0913365845e-16 1.0000438048e-16 4.0000052562e+07 1.0248943957e-26 2.4529902417e-25 9.8115440677e-02 1.1999999999e+08 5.6359184263e-01
2.1411228518e+00 2.1411287357e-16 1.0001488799e-16 4.0000178645e+07 2.9443986736e-26 5.2931180116e-25 2.1169414904e-01 1.2000000001e+08 5.6359184263e-01
2.1909106460e+00 2.1909296279e-16 1.0004097035e-16 4.0000491563e+07 5.7168432260e-26 4.2578630768e-25 1.7024686535e-01 1.2000000006e+08 5.6359184263e-01
2.2406984402e+00 2.2407494112e-16 1.0009263850e-16 4.0001111119e+07 4.5572425420e-26 -1.1847088306e-24 -4.7345809132e-01 1.1999999992e+08 5.6359184263e-01
2.2904862344e+00 2.2906055185e-16 1.0019315393e-16 4.0002315589e+07 -8.4466404989e-26 -4.2173367632e-24 -1.6837800740e+00 1.1999999993e+08 5.6359184263e-01
2.3402740286e+00 2.3405360132e-16 1.0041020063e-16 4.0004911377e+07 -3.7629871521e-25 -5.7123085216e-24 -2.2758683353e+00 1.1999999711e+08 5.6359184263e-01
2.3900618229e+00 2.3906897003e-16 1.0131449072e-16 4.0015668797e+07 6.1923352980e-25 7.7069443424e-23 3.0439725853e+01 1.1999999305e+08 5.6359184263e-01
2.4398496171e+00 2.4420244610e-16 1.0587411002e-16 4.0068497689e+07 1.1571689543e-23 3.8143618192e-22 1.4435611096e+02 1.2000000304e+08 5.6359184263e-01
2.4896374113e+00 2.4973501212e-16 1.1749830124e-16 4.0193516415e+07 3.0291421774e-23 1.4182840290e-22 4.8516294958e+01 1.2000003579e+08 5.6359184263e-01
2.5394252055e+00 2.5598963995e-16 1.3416511856e-16 4.0352686222e+07 -8.9178499525e-24 -2.0749517666e-21 -6.2408082269e+02 1.2000001465e+08 5.6359184263e-01
2.5892129997e+00 2.6313977038e-16 1.5348127798e-16 4.0514028993e+07 -1.9975561247e-22 -5.5761504226e-21 -1.4719210242e+03 1.1999981912e+08 5.6359184263e-01
2.6390007939e+00 2.7135462951e-16 1.7743409052e-16 4.0688067870e+07 -5.4576087107e-22 -8.0942523329e-21 -1.8561229543e+03 1.1999986160e+08 5.6359184263e-01
2.6887885882e+00 2.8094459403e-16 2.0920414023e-16 4.0885915640e+07 -1.0142433673e-21 -1.1163119107e-20 -2.1816697584e+03 1.2000043230e+08 5.6359184263e-01
2.7385763824e+00 2.9238157198e-16 2.5225216138e-16 4.1110460119e+07 -1.7261513673e-21 -1.8162034157e-20 -2.9599333333e+03 1.2000043601e+08 5.6359184263e-01
2.7883641766e+00 3.0634337427e-16 3.1147834279e-16 4.1363063765e+07 -2.8958074409e-21 -2.9364794406e-20 -3.8995258950e+03 1.1999904958e+08 5.6359184263e-01
2.8381519708e+00 3.2379493127e-16 3.9383690322e-16 4.1644660021e+07 -4.7114669564e-21 -4.4333263371e-20 -4.6878382031e+03 1.1999925154e+08 5.6359184263e-01
2.8879397650e+00 3.4617051157e-16 5.1163341424e-16 4.1959292688e+07 -7.4567990862e-21 -6.7825258535e-20 -5.5623807892e+03 1.2000105020e+08 5.6359184263e-01
2.9377275592e+00 3.7566512577e-16 6.8338136083e-16 4.2306556669e+07 -1.1727376218e-20 -1.0677733190e-19 -6.6103372171e+03 1.2000084446e+08 5.6359184263e-01
2.9875153535e+00 4.1567718471e-16 9.4083542513e-16 4.2689820148e+07 -1.8482951279e-20 -1.6882446566e-19 -7.6603047494e+03 1.1999972779e+08 5.6359184263e-01
3.0373031477e+00 4.7183322464e-16 1.3433573693e-15 4.3117213819e+07 -2.9312640988e-20 -2.7854522186e-19 -8.9403565750e+03 1.1999973904e+08 5.6359184263e-01
3.0870909419e+00 5.5301961359e-16 1.9528295234e-15 4.3565962979e+07 -4.7931443422e-20 -4.8219614420e-19 -1.0757385176e+04 1.1999924784e+08 5.6359184263e-01
3.1368787361e+00 6.7163763735e-16 2.8971186052e-15 4.4039220040e+07 -7.7357201052e-20 -6.8828559414e-19 -1.0462657855e+04 1.1999907124e+08 5.6359184263e-01
3.1866665303e+00 8.6157220827e-16 5.0864293360e-15 4.4715253447e+07 -1.1919145463e-19 -1.1376268633e-18 -1.0000979107e+04 1.2000070078e+08 5.6359184263e-01
3.2364543245e+00 1.2302160558e-15 1.0096988006e-14 4.5538393601e+07 -2.4638527710e-19 -5.1089843096e-18 -2.3042013941e+04 1.2000161423e+08 5.6359184263e-01
3.2862421188e+00 1.8001259857e-15 1.0737255911e-14 4.5611636311e+07 -7.0384558491e-19 -1.1785278790e-17 -5.0063615361e+04 1.2000025648e+08 5.6359184263e-01
3.3360299130e+00 2.1407248234e-15 3.1521809069e-15 4.4140475641e+07 -1.1290095268e-18 -4.1378496412e-18 -5.7942947022e+04 1.1999917640e+08 5.6359184263e-01
3.3858177072e+00 2.2111899483e-15 4.8130178507e-16 4.1885449697e+07 -1.2100466887e-18 -3.2859281737e-19 -2.8595900431e+04 1.1999962761e+08 5.6359184263e-01
3.4356055014e+00 2.2237450460e-15 1.3923924787e-16 4.0397155015e+07 -1.2141208988e-18 2.0843082886e-20 6.0471545430e+03 1.1999978400e+08 5.6359184263e-01
3.4853932956e+00 2.2295510526e-15 1.1142175719e-16 4.0129578370e+07 -1.2123785395e-18 3.6970477639e-20 1.3315260118e+04 1.1999939476e+08 5.6359184263e-01
3.5351810898e+00 2.2357383872e-15 1.4074118112e-16 4.0410126217e+07 -1.2111124711e-18 1.1350684493e-20 3.2590503316e+03 1.2000006960e+08 5.6359184263e-01
3.5849688841e+00 2.2435890218e-15 1.7236732083e-16 4.0653627178e+07 -1.2110918219e-18 -6.9165941914e-21 -1.6313106234e+03 1.2000082086e+08 5.6359184263e-01
3.6347566783e+00 2.2527024051e-15 1.9237172487e-16 4.0785352437e+07 -1.2116089059e-18 -1.3725603384e-20 -2.9100096275e+03 1.2000070991e+08 5.6359184263e-01
3.6845444725e+00 2.2627277276e-15 2.1133429386e-16 4.0898009371e+07 -1.2125553756e-18 -2.5192803726e-20 -4.8753825234e+03 1.2000024771e+08 5.6359184263e-01
3.7343322667e+00 2.2740793329e-15 2.5045878240e-16 4.1101863986e+07 -1.2140004621e-18 -2.9366429780e-20 -4.8192161242e+03 1.2000033647e+08 5.6359184263e-01
3.7841200609e+00 2.2885520035e-15 3.4169538680e-16 4.1474301156e+07 -1.2153591629e-18 -2.9546247999e-20 -3.5862643597e+03 1.1999942694e+08 5.6359184263e-01
3.8339078551e+00 2.3095548502e-15 5.1934880677e-16 4.1976301638e+07 -1.2177411147e-18 -7.4701910318e-20 -6.0377724559e+03 1.1999832881e+08 5.6359184263e-01
3.8836956494e+00 2.3428194366e-15 8.5000343134e-16 4.2567767901e+07 -1.2244101951e-18 -2.3046310541e-19 -1.1541482798e+04 1.1999911252e+08 5.6359184263e-01
3.9334834436e+00 2.3989630002e-15 1.4592252929e-15 4.3217267755e+07 -1.2500472452e-18 -9.5828764173e-19 -2.8381205974e+04 1.2000191009e+08 5.6359184263e-01
3.9832712378e+00 2.4946166714e-15 2.4494646216e-15 4.3838720371e+07 -1.3406566600e-18 -2.8695190475e-18 -5.1356546248e+04 1.2000165375e+08 5.6359184263e-01
4.0330590320e+00 2.6534408280e-15 4.0839455849e-15 4.4451062185e+07 -1.5528099257e-18 -5.8670795992e-18 -6.3859303384e+04 1.1999872692e+08 5.6359184263e-01
4.0828468262e+00 2.9282653579e-15 7.3577801403e-15 4.5157056213e+07 -1.9762100837e-18 -1.2085417007e-17 -7.4172079725e+04 1.1999761761e+08 5.6359184263e-01
4.1326346204e+00 3.4517883162e-15 1.4515576911e-14 4.5973521107e+07 -2.9542185653e-18 -3.0549789284e-17 -9.6756842054e+04 1.2000065606e+08 5.6359184263e-01
4.1824224146e+00 4.4873920317e-15 2.8521459905e-14 4.6784699968e+07 -5.6243950757e-18 -8.5692288019e-17 -1.4056391215e+05 1.2000260464e+08 5.6359184263e-01
4.2322102089e+00 6.5873897862e-15 6.1581870515e-14 4.7707489499e+07 -1.3023455948e-17 -2.3601708173e-16 -1.8284248845e+05 1.2000072424e+08 5.6359184263e-01
4.2819980031e+00 1.1860150364e-14 1.7097417428e-13 4.8931537080e+07 -3.3814711683e-17 -6.8214706065e-16 -1.9522541537e+05 1.1999754729e+08 5.6359184263e-01
4.3317857973e+00 2.8287853185e-14 5.9269167306e-13 5.0423107252e+07 -1.0414266905e-16 -2.6483653700e-15 -2.2530907243e+05 1.1999735215e+08 5.6359184263e-01
4.3815735915e+00 1.0986240161e-13 3.8625241084e-12 5.2674126104e+07 -4.4765112626e-16 -1.4829762724e-14 -2.0223687151e+05 1.2000116639e+08 5.6359184263e-01
4.4313613857e+00 1.3899611970e-12 1.0518359302e-10 5.6640578289e+07 -3.8750884275e-15 -1.9067257147e-13 -1.0267575391e+05 1.2000299186e+08 5.6359184263e-01
4.4811491799e+00 1.4931701706e-09 3.2971673399e-07 6.6298066870e+07 1.1146743575e-11 2.6414272503e-09 5.3112718409e+05 1.2000101416e+08 5.6359184288e-01
4.5309369742e+00 4.0714198778e-03 7.1697829193e-01 8.3373553252e+07 3.1172131564e-05 4.3942922044e-03 5.1098862996e+05 1.1999746443e+08 5.5978092526e-01
4.5807247684e+00 1.7873856509e-01 6.1858156192e+00 6.4712293239e+07 -2.4872193664e-03 -1.4905161035e-01 -1.5592885580e+06 1.1999826545e+08 3.8177558208e-01
4.6305125626e+00 5.2407978974e-01 6.6781824210e+00 4.1507304822e+07 -1.2471252740e-02 -1.8973800903e-01 -1.1792899446e+06 1.2000026907e+08 1.8830333382e-01
4.6803003568e+00 8.0750545038e-01 4.8271579700e+00 3.2700292453e+07 -1.7892966318e-02 -3.6025641175e-02 -2.4404608458e+05 1.2000080630e+08 1.1841473314e-01
4.7300881510e+00 1.0203767753e+00 3.7864754001e+00 2.9274895471e+07 -1.9219032062e-02 -3.1124210094e-02 -2.4063486510e+05 1.2000032584e+08 9.2413264203e-02
4.7798759452e+00 1.1887698923e+00 3.0736203906e+00 2.7676215685e+07 -1.9653529068e-02 1.4645893260e-02 1.3187799703e+05 1.1999786358e+08 8.1220857298e-02
4.8296637395e+00 1.3352346738e+00 2.8623948026e+00 2.6906159577e+07 -1.9826667522e-02 -2.7557828052e-02 -2.5904019896e+05 1.2000080633e+08 7.5532887367e-02
4.8794515337e+00 1.4742370606e+00 2.6828204313e+00 2.6416064568e+07 -2.0590665660e-02 8.6076917991e-03 8.4754588749e+04 1.2000292638e+08 7.2093464182e-02
4.9292393279e+00 1.5985230830e+00 2.3307947883e+00 2.6065384892e+07 -2.0229198748e-02 -5.5629582328e-03 -6.2210816758e+04 1.2000401814e+08 7.0583967470e-02
4.9790271221e+00 1.7104423542e+00 2.1772545150e+00 2.5935014765e+07 -2.0811054620e-02 -1.0683972453e-02 -1.2726531575e+05 1.2000033261e+08 7.0190664883e-02
5.0288149163e+00 1.8135514085e+00 1.9541371043e+00 2.5829874692e+07 -2.1216343127e-02 -7.1565980078e-03 -9.4596243710e+04 1.1999692722e+08 7.0403970407e-02
5.0786027105e+00 1.9085870897e+00 1.9068080207e+00 2.5874048479e+07 -2.1322938842e-02 4.0952917240e-03 5.5570238563e+04 1.1999508676e+08 7.1019696196e-02
5.1283905048e+00 2.0029708669e+00 1.8451120064e+00 2.5898075465e+07 -2.1154616768e-02 -2.1568070029e-03 -3.0273040515e+04 1.1999757304e+08 7.1544412283e-02
5.1781782990e+00 2.0898124242e+00 1.6555482114e+00 2.5871921493e+07 -2.1500832358e-02 -6.8054247396e-03 -1.0635112489e+05 1.2000058046e+08 7.2408839377e-02
5.2279660932e+00 2.1698913830e+00 1.5740097429e+00 2.5942928831e+07 -2.1522100421e-02 5.0960374175e-03 8.3993213281e+04 1.2000251160e+08 7.3501715048e-02
5.2777538874e+00 2.2467013572e+00 1.5065300428e+00 2.6022029965e+07 -2.1249844946e-02 3.8640896710e-03 6.6743745131e+04 1.2000408612e+08 7.4595880639e-02
5.3275416816e+00 2.3200843256e+00 1.4503313845e+00 2.6110561141e+07 -2.1207047903e-02 -2.1607941360e-03 -3.8901142183e+04 1.2000353049e+08 7.5714274948e-02
5.3773294758e+00 2.3914086701e+00 1.4151031700e+00 2.6207535794e+07 -2.1435579726e-02 -6.4157384210e-03 -1.1881868254e+05 1.1999915053e+08 7.6777825043e-02
5.4271172701e+00 2.4612105636e+00 1.3874813827e+00 2.6302295464e+07 -2.1727957239e-02 -3.5517247374e-03 -6.7329561765e+04 1.1999577929e+08 7.7768956520e-02
5.4769050643e+00 2.5281521425e+00 1.2885108383e+00 2.6336934729e+07 -2.1673544116e-02 5.1741316774e-03 1.0575834073e+05 1.1999454501e+08 7.8801879678e-02
5.5266928585e+00 2.5901098873e+00 1.2205347017e+00 2.6419726985e+07 -2.1407078744e-02 3.3755993017e-03 7.3068313288e+04 1.1999985431e+08 8.0023521395e-02
5.5764806527e+00 2.6512719789e+00 1.2431194619e+00 2.6574590490e+07 -2.1427176194e-02 -3.4942777499e-03 -7.4698372207e+04 1.2000372657e+08 8.1122315018e-02
5.6262684469e+00 2.7136571120e+00 1.2500624783e+00 2.6683093477e+07 -2.1610536894e-02 -2.6718986716e-03 -5.7032766965e+04 1.2000088013e+08 8.1974909312e-02
5.6760562411e+00 2.7743287673e+00 1.1824252345e+00 2.6719425973e+07 -2.1701493559e-02 -1.8322317093e-03 -4.1403192434e+04 1.1999807260e+08 8.2839641528e-02
5.7258440354e+00 2.8318279302e+00 1.1370553298e+00 2.6791201114e+07 -2.1826732651e-02 -2.9050917631e-03 -6.8449525403e+04 1.1999881178e+08 8.3828326043e-02
5.7756318296e+00 2.8884068735e+00 1.1364879982e+00 2.6902803167e+07 -2.1964596604e-02 -2.7899805861e-03 -6.6044074960e+04 1.2000275247e+08 8.4755289568e-02
5.8254196238e+00 2.9439610268e+00 1.0808059465e+00 2.6949305252e+07 -2.2163246462e-02 -5.9995620239e-03 -1.4959579830e+05 1.2000377230e+08 8.5646494055e-02
5.8752074180e+00 2.9947916798e+00 9.5184550219e-01 2.6935228287e+07 -2.2632564136e-02 -1.3111556867e-02 -3.7102951750e+05 1.2000527657e+08 8.6816063315e-02
5.9249952122e+00 3.0382980095e+00 8.0087646939e-01 2.6919095418e+07 -2.3451292486e-02 -1.9260702766e-02 -6.4739159583e+05 1.2000132995e+08 8.8459962562e-02
5.9747830064e+00 3.0755907216e+00 7.1101915162e-01 2.7009013334e+07 -2.4508057599e-02 -2.2843115180e-02 -8.6772627868e+05 1.1999480647e+08 9.0461608490e-02
6.0245708007e+00 3.1100835007e+00 6.8050825484e-01 2.7202017593e+07 -2.5684262308e-02 -2.3849120256e-02 -9.5332302607e+05 1.1999564087e+08 9.2528923958e-02
6.0743585949e+00 3.1438330477e+00 6.8108779546e-01 2.7441119634e+07 -2.6840649343e-02 -2.2368960274e-02 -9.0124844266e+05 1.1999806847e+08 9.4492409570e-02
6.1241463891e+00 3.1784720355e+00 7.1443301168e-01 2.7710158936e+07 -2.7881109357e-02 -1.8975250620e-02 -7.3597832398e+05 1.2000088048e+08 9.6209469488e-02
6.1739341833e+00 3.2152540220e+00 7.6497724206e-01 2.7961158644e+07 -2.8679428672e-02 -1.2787110443e-02 -4.6738962159e+05 1.2000200106e+08 9.7566669632e-02
6.2237219775e+00 3.2548560189e+00 8.2571517886e-01 2.8169008239e+07 -2.9142353248e-02 -5.8235173665e-03 -1.9866742538e+05 1.2000164639e+08 9.8507680589e-02
6.2735097717e+00 3.2972069486e+00 8.7172606773e-01 2.8300657989e+07 -2.9246954920e-02 1.7343684607e-03 5.6306413737e+04 1.1999768262e+08 9.9063545176e-02
6.3232975660e+00 3.3414816008e+00 9.0558388413e-01 2.8379463370e+07 -2.8958892225e-02 9.7914019229e-03 3.0684593341e+05 1.1999699368e+08 9.9352234206e-02
6.3730853602e+00 3.3872287122e+00 9.3039855685e-01 2.8421595671e+07 -2.8286534731e-02 1.6864262137e-02 5.1516550217e+05 1.2000168285e+08 9.9446999765e-02
6.4228731544e+00 3.4341105857e+00 9.5383608796e-01 2.8442718449e+07 -2.7305008637e-02 2.2437575417e-02 6.6907265128e+05 1.1999908807e+08 9.9404234039e-02
6.4726609486e+00 3.4822753684e+00 9.7954337454e-01 2.8449180131e+07 -2.6050794237e-02 2.7893428494e-02 8.1011744076e+05 1.1999852633e+08 9.9221837938e-02
6.5224487428e+00 3.5314133681e+00 9.9391083970e-01 2.8431225634e+07 -2.4538819269e-02 3.2638169890e-02 9.3362818409e+05 1.2000117364e+08 9.8951387473e-02
6.5722365370e+00 3.5816367366e+00 1.0287133491e+00 2.8426659421e+07 -2.2810074820e-02 3.6794964006e-02 1.0167632325e+06 1.2000201797e+08 9.8589471757e-02
6.6220243313e+00 3.6341131928e+00 1.0791096536e+00 2.8413171709e+07 -2.0868268520e-02 4.1209112615e-02 1.0850441276e+06 1.2000140939e+08 9.8019102105e-02
6.6718121255e+00 3.6888693967e+00 1.1147612432e+00 2.8360471742e+07 -1.8723203228e-02 4.4500292587e-02 1.1321251955e+06 1.2000179448e+08 9.7268579565e-02
6.7215999197e+00 3.7445952486e+00 1.1223746804e+00 2.8277636538e+07 -1.6489750245e-02 4.4783972184e-02 1.1283084965e+06 1.2000152976e+08 9.6510346488e-02
6.7713877139e+00 3.8008408324e+00 1.1401868211e+00 2.8211853663e+07 -1.4291698461e-02 4.3356952200e-02 1.0727890974e+06 1.1999799602e+08 9.5794765732e-02
6.8211755081e+00 3.8585240780e+00 1.1812098830e+00 2.8163412213e+07 -1.2174579421e-02 4.1830674455e-02 9.9736257272e+05 1.1999528560e+08 9.5020483787e-02
6.8709633023e+00 3.9187591691e+00 1.2384776726e+00 2.8110450118e+07 -1.0109662813e-02 4.1227804110e-02 9.3577151735e+05 1.1999744868e+08 9.4083930049e-02
6.9207510966e+00 3.9817120300e+00 1.2879080339e+00 2.8029658779e+07 -8.0710245050e-03 4.0533878779e-02 8.8216764030e+05 1.1999974906e+08 9.3000785578e-02
6.9705388908e+00 4.0468061724e+00 1.3251833946e+00 2.7929616375e+07 -6.1004049437e-03 3.8246536474e-02 8.0608547900e+05 1.2000085747e+08 9.1861596332e-02
7.0203266850e+00 4.1136379909e+00 1.3606265596e+00 2.7827991407e+07 -4.3034545949e-03 3.3643876872e-02 6.8809587015e+05 1.2000197727e+08 9.0723705254e-02
7.0701144792e+00 4.1826139251e+00 1.4139687164e+00 2.7736655934e+07 -2.7738816509e-03 2.7675753310e-02 5.4289238396e+05 1.2000059055e+08 8.9554864242e-02
7.1199022734e+00 4.2547636549e+00 1.4854236609e+00 2.7644064143e+07 -1.5470741235e-03 2.1875776814e-02 4.0711306365e+05 1.1999948939e+08 8.8273264239e-02
7.1696900676e+00 4.3304652643e+00 1.5519649609e+00 2.7531077468e+07 -5.7380337851e-04 1.7197264514e-02 3.0507081892e+05 1.2000112889e+08 8.6879583661e-02
7.2194778619e+00 4.4087941397e+00 1.5883859517e+00 2.7393837972e+07 9.5970030589e-05 8.2557268909e-03 1.4238104067e+05 1.2000028856e+08 8.5495508454e-02
7.2692656561e+00 4.4882631139e+00 1.6048047561e+00 2.7256574941e+07 1.1954713783e-05 -1.4401797766e-02 -2.4460525719e+05 1.1999731767e+08 8.4261068078e-02
7.3190534503e+00 4.5694361944e+00 1.6713036297e+00 2.7154422664e+07 -1.6135626136e-03 -5.2755546653e-02 -8.5714312243e+05 1.1999745855e+08 8.3102114811e-02
7.3688412445e+00 4.6567449642e+00 1.8576624353e+00 2.7084516810e+07 -5.3604150537e-03 -9.7575335819e-02 -1.4226378125e+06 1.2000081679e+08 8.1643071077e-02
7.4186290387e+00 4.7565108799e+00 2.1629823138e+00 2.6993211141e+07 -1.1207319161e-02 -1.3417135889e-01 -1.6744084298e+06 1.2000169820e+08 7.9470518628e-02
7.4684168329e+00 4.8726205519e+00 2.4928881126e+00 2.6819069786e+07 -1.8289265870e-02 -1.4495054520e-01 -1.5594116590e+06 1.2000165497e+08 7.6544472880e-02
7.5182046272e+00 5.0033096448e+00 2.7341541495e+00 2.6564057080e+07 -2.5114806050e-02 -1.2471395480e-01 -1.2116758722e+06 1.2000563170e+08 7.3347714676e-02
7.5679924214e+00 5.1423418161e+00 2.8225009936e+00 2.6277873534e+07 -3.0386702647e-02 -8.5923137416e-02 -7.9995625999e+05 1.2000613441e+08 7.0524305041e-02
7.6177802156e+00 5.2818006974e+00 2.7583252919e+00 2.6015614494e+07 -3.3701842230e-02 -4.9142954857e-02 -4.6350014351e+05 1.2000081050e+08 6.8519149973e-02
7.6675680098e+00 5.4153970922e+00 2.6001198718e+00 2.5816008623e+07 -3.5494663830e-02 -2.5347039803e-02 -2.5166508868e+05 1.1999551219e+08 6.7437233898e-02
7.7173558040e+00 5.5404985806e+00 2.4297595241e+00 2.5696120928e+07 -3.6434453469e-02 -1.4215818783e-02 -1.5034055631e+05 1.1999321510e+08 6.7116751701e-02
7.7671435982e+00 5.6577390493e+00 2.2836891550e+00 2.5642808167e+07 -3.7023597602e-02 -1.0022719893e-02 -1.1254188555e+05 1.1999320538e+08 6.7292864402e-02
7.8169313925e+00 5.7680691089e+00 2.1511154963e+00 2.5630583895e+07 -3.7457342808e-02 -7.6700857559e-03 -9.1389224236e+04 1.1999582288e+08 6.7785001233e-02
7.8667191867e+00 5.8722060680e+00 2.0363374599e+00 2.5649301225e+07 -3.7824899816e-02 -7.4414777517e-03 -9.3731372219e+04 1.1999904774e+08 6.8484433435e-02
7.9165069809e+00 5.9711555820e+00 1.9418600768e+00 2.5690811554e+07 -3.8210745071e-02 -7.9981239807e-03 -1.0581519154e+05 1.2000203184e+08 6.9300873443e-02
7.9662947751e+00 6.0658292153e+00 1.8649034653e+00 2.5747196805e+07 -3.8611644765e-02 -8.0319208933e-03 -1.1089016231e+05 1.2000395859e+08 7.0171976575e-02
8.0160825693e+00 6.1571483148e+00 1.8055449673e+00 2.5813113094e+07 -3.9009581003e-02 -7.9723456008e-03 -1.1397725471e+05 1.2000269809e+08 7.1047017108e-02
8.0658703635e+00 6.2455707707e+00 1.7449503073e+00 2.5875231732e+07 -3.9399691736e-02 -7.5781433980e-03 -1.1237352474e+05 1.2000017765e+08 7.1910504476e-02
8.1156581578e+00 6.3307830029e+00 1.6791532869e+00 2.5934843830e+07 -3.9761284248e-02 -7.0701080188e-03 -1.0919917125e+05 1.1999966051e+08 7.2792583621e-02
8.1654459520e+00 6.4129799989e+00 1.6256529526e+00 2.6003113376e+07 -4.0117556393e-02 -7.2822185954e-03 -1.1648264500e+05 1.1999883913e+08 7.3686997111e-02
8.2152337462e+00 6.4928398842e+00 1.5837434632e+00 2.6076199192e+07 -4.0480600374e-02 -7.2358879726e-03 -1.1913826985e+05 1.1999759333e+08 7.4559419915e-02
8.2650215404e+00 6.5707742847e+00 1.5481661784e+00 2.6149384011e+07 -4.0840135784e-02 -7.3078249877e-03 -1.2343321057e+05 1.1999794373e+08 7.5395826825e-02
8.3148093346e+00 6.6470306960e+00 1.5144849792e+00 2.6219002334e+07 -4.1225066099e-02 -8.3863620513e-03 -1.4518601981e+05 1.1999992447e+08 7.6193057599e-02
8.3645971288e+00 6.7214410749e+00 1.4738620117e+00 2.6280437098e+07 -4.1699048219e-02 -1.0781756382e-02 -1.9224952414e+05 1.2000237538e+08 7.6974835957e-02
8.4143849231e+00 6.7937448706e+00 1.4307865819e+00 2.6339652068e+07 -4.2299154193e-02 -1.3230071347e-02 -2.4355517483e+05 1.2000329458e+08 7.7766660108e-02
8.4641727173e+00 6.8639732163e+00 1.3924252947e+00 2.6402489383e+07 -4.3011246401e-02 -1.5357556169e-02 -2.9120249054e+05 1.2000072493e+08 7.8570603057e-02
8.5139605115e+00 6.9325952941e+00 1.3651257959e+00 2.6472460875e+07 -4.3829884589e-02 -1.7510735103e-02 -3.3956742396e+05 1.1999990674e+08 7.9357600757e-02
8.5637483057e+00 6.9998313485e+00 1.3349487298e+00 2.6537051703e+07 -4.4755793067e-02 -1.9727880570e-02 -3.9216471387e+05 1.2000248674e+08 8.0120313587e-02
8.6135360999e+00 7.0654832299e+00 1.3020520432e+00 2.6597625664e+07 -4.5802274921e-02 -2.2319337271e-02 -4.5592753448e+05 1.2000331285e+08 8.0881135972e-02
8.6633238941e+00 7.1292938381e+00 1.2583692416e+00 2.6648866162e+07 -4.6974001042e-02 -2.4664352172e-02 -5.2232444840e+05 1.2000040715e+08 8.1664644074e-02
8.7131116884e+00 7.1904525785e+00 1.1961682588e+00 2.6689911132e+07 -4.8252287765e-02 -2.6608467505e-02 -5.9371048164e+05 1.1999568842e+08 8.2534776318e-02
8.7628994826e+00 7.2482518954e+00 1.1257236591e+00 2.6735617467e+07 -4.9619056465e-02 -2.8284927765e-02 -6.7175900827e+05 1.1999393207e+08 8.3541239764e-02
8.8126872768e+00 7.3025566454e+00 1.0566087971e+00 2.6795225349e+07 -5.1071249954e-02 -3.0009446045e-02 -7.6102893671e+05 1.1999608910e+08 8.4687106007e-02
8.8624750710e+00 7.3534911802e+00 9.8975995709e-01 2.6868571617e+07 -5.2590297419e-02 -3.0717083436e-02 -8.3386294854e+05 1.2000206604e+08 8.5958344576e-02
8.9122628652e+00 7.4010217877e+00 9.1888269139e-01 2.6946905469e+07 -5.4103208090e-02 -2.9899151236e-02 -8.7681442855e+05 1.2000587053e+08 8.7358295252e-02
8.9620506594e+00 7.4449115017e+00 8.4423984728e-01 2.7029811655e+07 -5.5561334259e-02 -2.8660303055e-02 -9.1760960590e+05 1.2000485320e+08 8.8909513451e-02
9.0118384537e+00 7.4850110598e+00 7.6645272702e-01 2.7118149078e+07 -5.6951611306e-02 -2.7111748784e-02 -9.5925087011e+05 1.2000226987e+08 9.0629106289e-02
9.0616262479e+00 7.5212580822e+00 6.9121490931e-01 2.7220451496e+07 -5.8253151100e-02 -2.5134939988e-02 -9.8982878637e+05 1.1999944125e+08 9.2529286192e-02
9.1114140421e+00 7.5538813685e+00 6.1906525958e-01 2.7335579945e+07 -5.9449006371e-02 -2.2833687047e-02 -1.0082492404e+06 1.1999808583e+08 9.4599317897e-02
9.1612018363e+00 7.5827782674e+00 5.4143639611e-01 2.7445858628e+07 -6.0517315253e-02 -2.0043239728e-02 -1.0160083954e+06 1.1999699508e+08 9.6863032572e-02
9.2109896305e+00 7.6077878138e+00 4.6419245971e-01 2.7559056906e+07 -6.1444739497e-02 -1.7259308127e-02 -1.0246832857e+06 1.1999512190e+08 9.9352345225e-02
9.2607774247e+00 7.6290398261e+00 3.9047995852e-01 2.7677763414e+07 -6.2237526891e-02 -1.4615536142e-02 -1.0359695618e+06 1.1999555430e+08 1.0207389230e-01
9.3105652190e+00 7.6467406950e+00 3.2202501226e-01 2.7801557562e+07 -6.2901319954e-02 -1.2078982861e-02 -1.0428212857e+06 1.1999877233e+08 1.0502933991e-01
9.3603530132e+00 7.6611812941e+00 2.5889764550e-01 2.7922997468e+07 -6.3440464629e-02 -9.5950941758e-03 -1.0348637581e+06 1.2000303488e+08 1.0821317453e-01
9.4101408074e+00 7.6725284081e+00 1.9751278044e-01 2.8009568254e+07 -6.3857153103e-02 -7.1777187623e-03 -1.0178825043e+06 1.2000460445e+08 1.1163362789e-01
9.4599286016e+00 7.6809198899e+00 1.4141404374e-01 2.8048172284e+07 -6.4159166909e-02 -5.0363039312e-03 -9.9890446951e+05 1.2000369295e+08 1.1529364106e-01
9.5097163958e+00 7.6868107639e+00 9.8071848102e-02 2.8057487268e+07 -6.4366960040e-02 -3.4173722911e-03 -9.7767994998e+05 1.2000055980e+08 1.1903042890e-01
9.5595041900e+00 7.6909555424e+00 7.1078793696e-02 2.8057057538e+07 -6.4508918876e-02 -2.3767045914e-03 -9.3816079319e+05 1.1999645578e+08 1.2223939248e-01
9.6092919843e+00 7.6940691077e+00 5.5359741994e-02 2.8058394561e+07 -6.4610043748e-02 -1.7385818448e-03 -8.8117851749e+05 1.1999424145e+08 1.2473649405e-01
9.6590797785e+00 7.6965562315e+00 4.5260381644e-02 2.8059488987e+07 -6.4685691028e-02 -1.3308802440e-03 -8.2508848119e+05 1.1999481792e+08 1.2674311049e-01
9.7088675727e+00 7.6986263338e+00 3.8381740224e-02 2.8064536471e+07 -6.4744873388e-02 -1.0694764974e-03 -7.8199586553e+05 1.1999721692e+08 1.2841778329e-01
9.7586553669e+00 7.7004169905e+00 3.3917963654e-02 2.8091629901e+07 -6.4794065604e-02 -9.2322462670e-04 -7.6463566012e+05 1.2000057391e+08 1.2986860584e-01
9.8084431611e+00 7.7020294094e+00 3.1059553329e-02 2.8143597969e+07 -6.4837921445e-02 -8.4623475046e-04 -7.6678793002e+05 1.2000383993e+08 1.3117541451e-01
9.8582309553e+00 7.7035234961e+00 2.9081676729e-02 2.8210424021e+07 -6.4878741524e-02 -7.9586485179e-04 -7.7202168022e+05 1.2000648587e+08 1.3238562448e-01
9.9080187495e+00 7.7049339371e+00 2.7656598875e-02 2.8287309587e+07 -6.4917255262e-02 -7.5181812668e-04 -7.6896339272e+05 1.2000688253e+08 1.3352678647e-01
9.9578065438e+00 7.7062832329e+00 2.6598377255e-02 2.8371393906e+07 -6.4953601092e-02 -7.0812474158e-04 -7.5532750685e+05 1.2000556905e+08 1.3461679964e-01
1.0007594338e+01 7.7075842184e+00 2.5655965224e-02 2.8453791220e+07 -6.4987649861e-02 -6.5819820030e-04 -7.2997581690e+05 1.2000177772e+08 1.3566594784e-01
1.0057382132e+01 7.7088350822e+00 2.4572741053e-02 2.8522498788e+07 -6.5019017995e-02 -6.0250216458e-04 -6.9934677704e+05 1.1999683837e+08 1.3667315380e-01
1.0107169926e+01 7.7100300881e+00 2.3455587231e-02 2.8581745728e+07 -6.5047820340e-02 -5.5737112971e-04 -6.7918316214e+05 1.1999361855e+08 1.3763433067e-01
1.0156957721e+01 7.7111764013e+00 2.2699608597e-02 2.8653247441e+07 -6.5074729606e-02 -5.2521678459e-04 -6.6297030739e+05 1.1999320408e+08 1.3855530353e-01
1.0206745515e+01 7.7123025065e+00 2.2647297784e-02 2.8760181312e+07 -6.5100175737e-02 -4.9689072550e-04 -6.3100982261e+05 1.1999590784e+08 1.3945815824e-01
1.0256533309e+01 7.7134378115e+00 2.2968496489e-02 2.8887918738e+07 -6.5124122569e-02 -4.6451217801e-04 -5.8422587902e+05 1.2000006001e+08 1.4036546701e-01
1.0306321103e+01 7.7145873716e+00 2.3160317206e-02 2.9009754459e+07 -6.5146429984e-02 -4.3222342689e-04 -5.4138703602e+05 1.2000491169e+08 1.4128101624e-01
1.0356108897e+01 7.7157371592e+00 2.2952130556e-02 2.9109773709e+07 -6.5167105581e-02 -3.9701897606e-04 -5.0353201517e+05 1.2000742078e+08 1.4219408700e-01
1.0405896692e+01 7.7168669432e+00 2.2383470873e-02 2.9187595739e+07 -6.5185847191e-02 -3.5561384271e-04 -4.6371329714e+05 1.2000671694e+08 1.4308939115e-01
1.0455684486e+01 7.7179556923e+00 2.1193137980e-02 2.9224851266e+07 -6.5202342951e-02 -3.0376717876e-04 -4.1888797342e+05 1.2000151270e+08 1.4395117336e-01
1.0505472280e+01 7.7189614849e+00 1.9142865248e-02 2.9197797423e+07 -6.5215778713e-02 -2.3605106981e-04 -3.6003864773e+05 1.1999588513e+08 1.4474796758e-01
1.0555260074e+01 7.7198629327e+00 1.7146736689e-02 2.9151712626e+07 -6.5226122501e-02 -1.8418279837e-04 -3.1313503590e+05 1.1999421579e+08 1.4546383272e-01
1.0605047869e+01 7.7206744884e+00 1.5501875947e-02 2.9108532002e+07 -6.5234494135e-02 -1.5505581248e-04 -2.9115489602e+05 1.1999442140e+08 1.4610990899e-01
1.0654835663e+01 7.7214088087e+00 1.4025802614e-02 2.9059725133e+07 -6.5241750627e-02 -1.3786067120e-04 -2.8563022893e+05 1.1999796436e+08 1.4669593555e-01
1.0704623457e+01 7.7220731659e+00 1.2695158605e-02 2.9004400246e+07 -6.5248302155e-02 -1.2576546415e-04 -2.8733409111e+05 1.1999996857e+08 1.4722752788e-01
1.0754411251e+01 7.7226755434e+00 1.1538609278e-02 2.8947618123e+07 -6.5254278320e-02 -1.1427721837e-04 -2.8669427987e+05 1.1999921352e+08 1.4771082822e-01
1.0804199045e+01 7.7232246248e+00 1.0546819358e-02 2.8892361738e+07 -6.5259686835e-02 -1.0353308165e-04 -2.8362249747e+05 1.1999730580e+08 1.4815251396e-01
1.0853986840e+01 7.7237274972e+00 9.6761962359e-03 2.8837012795e+07 -6.5264703066e-02 -9.9836063117e-05 -2.9753156708e+05 1.1999518047e+08 1.4855804446e-01
1.0903774634e+01 7.7241899297e+00 8.9274066423e-03 2.8784669227e+07 -6.5269838383e-02 -1.0833406997e-04 -3.4930193000e+05 1.1999513360e+08 1.4893187447e-01
1.0953562428e+01 7.7246189696e+00 8.3383673233e-03 2.8744220724e+07 -6.5275611945e-02 -1.2383382435e-04 -4.2688294269e+05 1.1999823293e+08 1.4927945935e-01
1.1003350222e+01 7.7250228096e+00 7.9137143317e-03 2.8720618627e+07 -6.5282141194e-02 -1.3780645406e-04 -5.0013008375e+05 1.2000208893e+08 1.4960715710e-01
1.1053138017e+01 7.7254100308e+00 7.6773705557e-03 2.8721625667e+07 -6.5289311714e-02 -1.5040561881e-04 -5.6267882999e+05 1.2000524717e+08 1.4992164136e-01
1.1102925811e+01 7.7257902179e+00 7.6105188010e-03 2.8747285376e+07 -6.5297170910e-02 -1.6561726336e-04 -6.2558767114e+05 1.2000668716e+08 1.5023037354e-01
1.1152713605e+01 7.7261669302e+00 7.4898752979e-03 2.8763488181e+07 -6.5305781722e-02 -1.7913863829e-04 -6.8794898449e+05 1.2000687010e+08 1.5053612947e-01
1.1202501399e+01 7.7265316438e+00 7.1230303773e-03 2.8737585053e+07 -6.5314837892e-02 -1.8262248947e-04 -7.3678322929e+05 1.2000678071e+08 1.5083229769e-01
1.1252289193e+01 7.7268740867e+00 6.6357562994e-03 2.8684973696e+07 -6.5323797998e-02 -1.7616446645e-04 -7.6152180071e+05 1.2000517297e+08 1.5111089790e-01
1.1302076988e+01 7.7271933604e+00 6.2043874807e-03 2.8634839197e+07 -6.5332302014e-02 -1.6502471287e-04 -7.6163136674e+05 1.2000222795e+08 1.5137121976e-01
1.1351864782e+01 7.7274926851e+00 5.8295893181e-03 2.8589129567e+07 -6.5340206392e-02 -1.5274898914e-04 -7.4910262172e+05 1.1999974095e+08 1.5161576210e-01
1.1401652576e+01 7.7277753447e+00 5.5539700023e-03 2.8558734252e+07 -6.5347588997e-02 -1.4525476645e-04 -7.4690577591e+05 1.1999937908e+08 1.5184708706e-01
1.1451440370e+01 7.7280492541e+00 5.4845481460e-03 2.8570076543e+07 -6.5354840786e-02 -1.4771409079e-04 -7.6947138907e+05 1.1999974456e+08 1.5207139939e-01
1.1501228164e+01 7.7283229954e+00 5.4959427616e-03 2.8598434442e+07 -6.5362386657e-02 -1.5491648424e-04 -8.0611627719e+05 1.1999949685e+08 1.5229543283e-01
1.1551015959e+01 7.7285916778e+00 5.2331225901e-03 2.8565433558e+07 -6.5370061148e-02 -1.5028985256e-04 -8.2036962138e+05 1.1999867733e+08 1.5251535721e-01
1.1600803753e+01 7.7288399125e+00 4.7510553946e-03 2.8474211520e+07 -6.5377130118e-02 -1.3383597034e-04 -8.0211098628e+05 1.1999793100e+08 1.5271909801e-01
1.1650591547e+01 7.7290724155e+00 4.7287094663e-03 2.8490724691e+07 -6.5383720834e-02 -1.3753068331e-04 -8.2862964252e+05 1.1999768257e+08 1.5291034742e-01
1.1700379341e+01 7.7293292225e+00 5.7918866634e-03 2.8754511781e+07 -6.5391798585e-02 -1.9917892137e-04 -9.8884749895e+05 1.1999756622e+08 1.5312056832e-01
1.1750167136e+01 7.7296680031e+00 7.9134078329e-03 2.9152722275e+07 -6.5404911602e-02 -3.3772710250e-04 -1.2441750295e+06 1.1999772686e+08 1.5339443989e-01
1.1799954930e+01 7.7301127590e+00 9.7269855558e-03 2.9433762600e+07 -6.5425594158e-02 -4.8139213872e-04 -1.4566878759e+06 1.1999760791e+08 1.5374954144e-01
1.1849742724e+01 7.7306067699e+00 9.8193076165e-03 2.9487445678e+07 -6.5450921891e-02 -5.1415955697e-04 -1.5440245482e+06 1.1999547794e+08 1.5414180663e-01
1.1899530518e+01 7.7310699156e+00 8.6869386644e-03 2.9384702233e+07 -6.5475176111e-02 -4.5136857568e-04 -1.5268130358e+06 1.1999272984e+08 1.5451017994e-01
1.1949318312e+01 7.7314678689e+00 7.3093572809e-03 2.9218486992e+07 -6.5495472926e-02 -3.6390488164e-04 -1.4546764704e+06 1.1999039733e+08 1.5482844516e-01
1.1999106107e+01 7.7317995861e+00 6.0618103107e-03 2.9030524463e+07 -6.5511507633e-02 -2.8341319735e-04 -1.3572898750e+06 1.1999127367e+08 1.5509557472e-01
1.2000000000e+01 7.7318049934e+00 6.0407120499e-03 2.9027016521e+07 -6.5511760254e-02 -2.8207565243e-04 -1.3554386562e+06 1.1999133397e+08 1.5509994557e-01
