# TPV104 station: x2_0_x3_12 (along_strike=0, down_dip=12000)
# Columns (SCEC TPV104 trace layout): t  h-slip  h-slip-rate  h-shear-stress  v-slip  v-slip-rate  v-shear-stress  n-stress  psi
# BP5 convention: h = strike = component 2, v = dip = component 1.  TPV104 is pure strike-slip so v-slip / v-slip-rate / v-shear-stress ≈ 0.
0.0000000000e+00 0.0000000000e+00 1.0000000000e-16 4.0000000000e+07 0.0000000000e+00 0.0000000000e+00 0.0000000000e+00 1.2000000000e+08 5.6359184263e-01
1.4862028124e-04 1.4862028124e-20 1.0000000000e-16 4.0000000000e+07 0.0000000000e+00 0.0000000000e+00 0.0000000000e+00 1.2000000000e+08 5.6359184263e-01
5.0085034779e-02 5.0085034779e-18 1.0000000000e-16 4.0000000000e+07 -1.4262479186e-37 3.9826260480e-36 1.5930504192e-12 1.2000000000e+08 5.6359184263e-01
1.0002144928e-01 1.0002144928e-17 1.0000000000e-16 4.0000000000e+07 -5.3672448315e-38 1.7122813437e-36 6.8491253746e-13 1.2000000000e+08 5.6359184263e-01
1.4995786377e-01 1.4995786377e-17 1.0000000000e-16 4.0000000000e+07 -3.4635088805e-38 -3.7477840767e-36 -1.4991136307e-12 1.2000000000e+08 5.6359184263e-01
1.9989427827e-01 1.9989427827e-17 1.0000000000e-16 4.0000000000e+07 8.0408681309e-39 -3.8159740692e-37 -1.5263896277e-13 1.2000000000e+08 5.6359184263e-01
2.4983069277e-01 2.4983069277e-17 1.0000000000e-16 4.0000000000e+07 2.7541015359e-38 -8.6686454117e-37 -3.4674581647e-13 1.2000000000e+08 5.6359184263e-01
2.9976710727e-01 2.9976710727e-17 1.0000000000e-16 4.0000000000e+07 -1.0074155368e-38 3.6084888573e-36 1.4433955429e-12 1.2000000000e+08 5.6359184263e-01
3.4970352177e-01 3.4970352177e-17 1.0000000000e-16 4.0000000000e+07 -9.4084164132e-39 -3.8571421689e-36 -1.5428568675e-12 1.2000000000e+08 5.6359184263e-01
3.9963993626e-01 3.9963993626e-17 1.0000000000e-16 4.0000000000e+07 3.2528947651e-38 2.1248371247e-36 8.4993484987e-13 1.2000000000e+08 5.6359184263e-01
4.4957635076e-01 4.4957635076e-17 1.0000000000e-16 4.0000000000e+07 -1.8573147047e-38 1.2339206733e-37 4.9356826932e-14 1.2000000000e+08 5.6359184263e-01
4.9951276526e-01 4.9951276526e-17 1.0000000000e-16 4.0000000000e+07 -1.5685859026e-39 -3.5577683048e-37 -1.4231073219e-13 1.2000000000e+08 5.6359184263e-01
5.4944917976e-01 5.4944917976e-17 1.0000000000e-16 4.0000000000e+07 3.6190475956e-39 -7.1420717287e-37 -2.8568286915e-13 1.2000000000e+08 5.6359184263e-01
5.9938559425e-01 5.9938559425e-17 1.0000000000e-16 4.0000000000e+07 -2.3019673942e-38 -3.3287199331e-37 -1.3314879732e-13 1.2000000000e+08 5.6359184263e-01
6.4932200875e-01 6.4932200875e-17 1.0000000000e-16 4.0000000000e+07 -9.5251172477e-38 -2.6203401232e-36 -1.0481360493e-12 1.2000000000e+08 5.6359184263e-01
6.9925842325e-01 6.9925842325e-17 1.0000000000e-16 4.0000000000e+07 -4.4149970108e-37 -1.4804272610e-35 -5.9217090442e-12 1.2000000000e+08 5.6359184263e-01
7.4919483775e-01 7.4919483775e-17 1.0000000000e-16 4.0000000000e+07 -2.5754878096e-36 -9.6936402441e-35 -3.8774560976e-11 1.2000000000e+08 5.6359184263e-01
7.9913125224e-01 7.9913125224e-17 1.0000000000e-16 4.0000000000e+07 -1.9547842918e-35 -8.3808181811e-34 -3.3523272724e-10 1.2000000000e+08 5.6359184263e-01
8.4906766674e-01 8.4906766674e-17 1.0000000000e-16 4.0000000000e+07 -1.8214842659e-34 -8.3636778278e-33 -3.3454711311e-09 1.2000000000e+08 5.6359184263e-01
8.9900408124e-01 8.9900408124e-17 1.0000000000e-16 4.0000000000e+07 -1.8878680601e-33 -8.8945337790e-32 -3.5578135116e-08 1.2000000000e+08 5.6359184263e-01
9.4894049574e-01 9.4894049574e-17 1.0000000000e-16 4.0000000000e+07 -1.9979186140e-32 -9.3606768341e-31 -3.7442707336e-07 1.2000000000e+08 5.6359184263e-01
9.9887691023e-01 9.9887691023e-17 9.9999999997e-17 4.0000000000e+07 -2.0344938972e-31 -9.2885056460e-30 -3.7154022585e-06 1.2000000000e+08 5.6359184263e-01
1.0488133247e+00 1.0488133247e-16 9.9999999969e-17 4.0000000000e+07 -1.9188863827e-30 -8.4131121058e-29 -3.3652448433e-05 1.2000000000e+08 5.6359184263e-01
1.0987497392e+00 1.0987497392e-16 9.9999999740e-17 3.9999999997e+07 -1.6333981074e-29 -6.7946537744e-28 -2.7178615166e-04 1.2000000000e+08 5.6359184263e-01
1.1486861537e+00 1.1486861532e-16 9.9999998088e-17 3.9999999977e+07 -1.2318187210e-28 -4.8094319255e-27 -1.9237728059e-03 1.2000000000e+08 5.6359184263e-01
1.1986225682e+00 1.1986225649e-16 9.9999987689e-17 3.9999999852e+07 -8.1248556855e-28 -2.9476024624e-26 -1.1790411258e-02 1.2000000000e+08 5.6359184263e-01
1.2485589827e+00 1.2485589628e-16 9.9999931262e-17 3.9999999175e+07 -4.6476426121e-27 -1.5514243229e-25 -6.2057014292e-02 1.2000000000e+08 5.6359184263e-01
1.2984953972e+00 1.2984952928e-16 9.9999668921e-17 3.9999996027e+07 -2.2933534084e-26 -6.9703408201e-25 -2.7881452821e-01 1.2000000000e+08 5.6359184263e-01
1.3484318117e+00 1.3484313367e-16 9.9998630901e-17 3.9999983571e+07 -9.7207653937e-26 -2.6554676084e-24 -1.0622011497e+00 1.2000000000e+08 5.6359184263e-01
1.3983682262e+00 1.3983663594e-16 9.9995168980e-17 3.9999942026e+07 -3.5207473058e-25 -8.4922958687e-24 -3.3970775377e+00 1.2000000000e+08 5.6359184263e-01
1.4483046407e+00 1.4482983216e-16 9.9985545175e-17 3.9999826530e+07 -1.0834261446e-24 -2.2577881183e-23 -9.0324189278e+00 1.2000000000e+08 5.6359184263e-01
1.4982410552e+00 1.4982226266e-16 9.9963170543e-17 3.9999557965e+07 -2.8442440874e-24 -5.0848455394e-23 -2.0346650951e+01 1.2000000000e+08 5.6359184263e-01
1.5481774697e+00 1.5481303777e-16 9.9916709013e-17 3.9999000092e+07 -6.6009319233e-24 -1.0590984243e-22 -4.2398191842e+01 1.2000000000e+08 5.6359184263e-01
1.5981138842e+00 1.5980039328e-16 9.9819177897e-17 3.9997828173e+07 -1.4528919704e-23 -2.2995436357e-22 -9.2143366792e+01 1.2000000001e+08 5.6359184263e-01
1.6480502987e+00 1.6478002964e-16 9.9582734575e-17 3.9994982346e+07 -3.3142217243e-23 -5.7904414105e-22 -2.3255899025e+02 1.2000000002e+08 5.6359184263e-01
1.6979867132e+00 1.6973890549e-16 9.8907441149e-17 3.9986817147e+07 -8.4783949748e-23 -1.6986623760e-21 -6.8674410169e+02 1.2000000002e+08 5.6359184263e-01
1.7479231277e+00 1.7463848106e-16 9.7045132124e-17 3.9964007097e+07 -2.3045256585e-22 -4.3229513859e-21 -1.7802279835e+03 1.1999999994e+08 5.6359184263e-01
1.7978595422e+00 1.7939291591e-16 9.2924557979e-17 3.9911941142e+07 -5.5207224872e-22 -9.1339057310e-21 -3.9230954213e+03 1.2000000000e+08 5.6359184263e-01
1.8477959567e+00 1.8386609488e-16 8.5687675865e-17 3.9814646272e+07 -1.1603518377e-21 -1.5003787827e-20 -6.9714868452e+03 1.2000000083e+08 5.6359184263e-01
1.8977323712e+00 1.8789362156e-16 7.5098144294e-17 3.9656350237e+07 -2.0974578331e-21 -2.2145313216e-20 -1.1694061222e+04 1.2000000337e+08 5.6359184263e-01
1.9476687857e+00 1.9131605036e-16 6.1623051139e-17 3.9419035786e+07 -3.3502196891e-21 -2.7378493227e-20 -1.7513475629e+04 1.2000000174e+08 5.6359184263e-01
1.9976052002e+00 1.9402076438e-16 4.6646976870e-17 3.9084920794e+07 -4.8598313418e-21 -3.1928746605e-20 -2.6752699013e+04 1.2000001273e+08 5.6359184263e-01
2.0475416147e+00 1.9598083124e-16 3.2157769512e-17 3.8638555348e+07 -6.4136381208e-21 -3.1584376787e-20 -3.7949606243e+04 1.1999997741e+08 5.6359184263e-01
2.0974780292e+00 1.9727360336e-16 2.0236049915e-17 3.8082746876e+07 -7.8335334504e-21 -2.2378315701e-20 -4.2114332389e+04 1.2000004681e+08 5.6359184263e-01
2.1474144437e+00 1.9806507974e-16 1.2489252136e-17 3.7503591529e+07 -9.0468231767e-21 -2.1671660526e-20 -6.5077163570e+04 1.2000002647e+08 5.6359184263e-01
2.1973508582e+00 1.9872742502e-16 1.8140860498e-17 3.7951603598e+07 -9.4056447544e-21 6.3462802705e-22 1.3276741375e+03 1.2000002399e+08 5.6359184263e-01
2.2472872727e+00 2.0123505180e-16 1.1803982076e-16 4.0199015410e+07 -9.6296457784e-21 2.7970883241e-20 9.5256156708e+03 1.1999998296e+08 5.6359184263e-01
2.2972236872e+00 2.1903183742e-16 7.4198250462e-16 4.2404951159e+07 -5.3141771947e-21 -7.2326751542e-20 -4.1335373105e+03 1.1999990033e+08 5.6359184263e-01
2.3471601017e+00 3.0304742180e-16 3.0889246245e-15 4.4116482317e+07 8.9816453977e-21 1.2805095356e-18 1.8288428223e+04 1.1999998988e+08 5.6359184263e-01
2.3970965162e+00 6.3194687530e-16 1.2147933617e-14 4.5759715341e+07 -1.1991048496e-19 -8.1468798910e-18 -3.0688256660e+04 1.2000008484e+08 5.6359184263e-01
2.4470329307e+00 2.0309415719e-15 5.5408736486e-14 4.7580800636e+07 -6.6855322805e-19 -1.2348391063e-17 -1.0603857273e+04 1.2000003768e+08 5.6359184263e-01
2.4969693452e+00 9.9612950190e-15 3.6498505168e-13 4.9842929275e+07 -3.5467298022e-18 -3.1981807418e-16 -4.3674856214e+04 1.2000004372e+08 5.6359184263e-01
2.5469057597e+00 9.6592219354e-14 5.4567670726e-12 5.3088647006e+07 4.2109001092e-17 2.1609972170e-15 2.1024246941e+04 1.2000003351e+08 5.6359184263e-01
2.5968421742e+00 2.8147606884e-12 2.1926535693e-10 5.7520230798e+07 3.2871041311e-15 7.6550254530e-13 2.0081550364e+05 1.1999963779e+08 5.6359184263e-01
2.6467785887e+00 6.6139946097e-07 4.2979687758e-04 7.4907743186e+07 -8.8664910141e-10 -5.6993623089e-07 -9.9332124179e+04 1.2000130953e+08 5.6359178630e-01
2.6967150032e+00 1.3931019410e-01 5.0984561714e+00 6.8420093604e+07 -4.2894587693e-04 -2.7832972631e-02 -3.7351200612e+05 1.1999795842e+08 4.1505296341e-01
2.7466514177e+00 3.8863450275e-01 4.9946222897e+00 4.8182146904e+07 2.8558897693e-04 9.3464240177e-03 9.0163129247e+04 1.2000050187e+08 2.4691711171e-01
2.7965878322e+00 6.2843978677e-01 4.4707011906e+00 3.7550171097e+07 4.3911276963e-04 -2.1917769856e-04 -1.8409103474e+03 1.2000197281e+08 1.5960756295e-01
2.8465242466e+00 8.3893959033e-01 3.9248514535e+00 3.2274190409e+07 -1.6606310909e-04 -1.1357762239e-02 -9.3395275072e+04 1.1999759041e+08 1.1704178993e-01
2.8964606611e+00 1.0176396368e+00 3.4127142084e+00 2.9578707076e+07 -2.1293243472e-04 -1.3278718363e-03 -1.1508942643e+04 1.1999980986e+08 9.6013156212e-02
2.9463970756e+00 1.1792469670e+00 3.0078838344e+00 2.8016560233e+07 -3.0735481821e-04 3.6354595617e-03 3.3862036366e+04 1.2000266521e+08 8.4274097308e-02
2.9963334901e+00 1.3226211176e+00 2.7018819138e+00 2.7124069056e+07 -5.1211215796e-04 -2.0004640257e-03 -2.0082566933e+04 1.1999745891e+08 7.7930691478e-02
3.0462699046e+00 1.4503961769e+00 2.4922793491e+00 2.6630114311e+07 -3.4682122668e-04 2.1978847362e-03 2.3484494942e+04 1.2000234909e+08 7.4618659650e-02
3.0962063191e+00 1.5697201122e+00 2.2545451585e+00 2.6286870429e+07 -3.5991583318e-04 1.9130265668e-03 2.2304934235e+04 1.1999590559e+08 7.2776934425e-02
3.1461427336e+00 1.6799639140e+00 2.1068706127e+00 2.6109865658e+07 -5.1666203779e-04 3.4333943574e-03 4.2549108087e+04 1.2000200797e+08 7.1970643365e-02
3.1960791481e+00 1.7800360954e+00 1.9744974423e+00 2.6032581155e+07 -3.1038138732e-04 -6.5942982558e-04 -8.6941922958e+03 1.2000286630e+08 7.1975046624e-02
3.2460155626e+00 1.8766625589e+00 1.8731823323e+00 2.5993694157e+07 -4.0146492182e-04 3.7085655440e-04 5.1462859142e+03 1.1999901728e+08 7.2185553437e-02
3.2959519771e+00 1.9680542811e+00 1.7542639341e+00 2.5972504302e+07 -4.5567275607e-04 1.7636689614e-03 2.6111749091e+04 1.1999891067e+08 7.2666015064e-02
3.3458883916e+00 2.0526563451e+00 1.6773258770e+00 2.6014042193e+07 -3.3750823218e-04 -1.0081951007e-03 -1.5636335340e+04 1.2000070696e+08 7.3457603900e-02
3.3958248061e+00 2.1350644193e+00 1.5964965986e+00 2.6047193911e+07 -3.8056990527e-04 -5.9849265731e-06 -9.7645396257e+01 1.1999691684e+08 7.4234920259e-02
3.4457612206e+00 2.2131977792e+00 1.5159001129e+00 2.6094239680e+07 -4.2340406698e-04 1.3348503582e-03 2.2977704722e+04 1.2000240920e+08 7.5135431568e-02
3.4956976351e+00 2.2861711699e+00 1.4402592375e+00 2.6161056190e+07 -3.5388621245e-04 -9.5957504021e-04 -1.7429845886e+04 1.2000068634e+08 7.6207381346e-02
3.5456340496e+00 2.3569864470e+00 1.3852113010e+00 2.6238797199e+07 -4.0924925374e-04 -1.4729820427e-03 -2.7901358492e+04 1.2000234144e+08 7.7242021955e-02
3.5955704641e+00 2.4240269091e+00 1.2905987909e+00 2.6287151429e+07 -4.3539675627e-04 1.6810041202e-03 3.4238998340e+04 1.1999532254e+08 7.8365769397e-02
3.6455068786e+00 2.4869072633e+00 1.2440511131e+00 2.6393004603e+07 -4.0085184478e-04 -1.1926528917e-03 -2.5302572320e+04 1.2000276915e+08 7.9601449965e-02
3.6954432931e+00 2.5478035675e+00 1.1925118163e+00 2.6484863242e+07 -4.4624250068e-04 -7.3907898052e-04 -1.6414433347e+04 1.1999752242e+08 8.0799671815e-02
3.7453797076e+00 2.6060440809e+00 1.1305216398e+00 2.6567787329e+07 -4.4421209821e-04 1.6689969339e-03 3.9222208609e+04 1.1999796096e+08 8.2024122856e-02
3.7953161221e+00 2.6610109166e+00 1.0843763079e+00 2.6675390228e+07 -4.1702585442e-04 -1.3191118051e-03 -3.2449825674e+04 1.2000257495e+08 8.3328965439e-02
3.8452525366e+00 2.7142297983e+00 1.0466815322e+00 2.6786596635e+07 -4.5145247591e-04 -4.2401722459e-04 -1.0851417563e+04 1.2000642578e+08 8.4602126038e-02
3.8951889511e+00 2.7653520096e+00 9.9186920655e-01 2.6873339017e+07 -4.4744340583e-04 1.4731497712e-03 3.9912977399e+04 1.1999448133e+08 8.5885543028e-02
3.9451253656e+00 2.8137746172e+00 9.5927343213e-01 2.6995611342e+07 -4.1876891519e-04 -8.4924786360e-04 -2.3899301795e+04 1.1999573515e+08 8.7236107244e-02
3.9950617801e+00 2.8610897258e+00 9.3424949529e-01 2.7120239991e+07 -4.4852949699e-04 -7.3814356571e-04 -2.1427499561e+04 1.2000231246e+08 8.8526518037e-02
4.0449981946e+00 2.9067003164e+00 8.8406870525e-01 2.7209673146e+07 -4.6957166618e-04 8.4611877756e-04 2.6041658577e+04 1.2000284149e+08 8.9823148138e-02
4.0949346091e+00 2.9499892102e+00 8.6373324875e-01 2.7344730689e+07 -4.2962583939e-04 -6.5697896400e-05 -2.0799144719e+03 1.1999990625e+08 9.1186626715e-02
4.1448710236e+00 2.9927593306e+00 8.4152134435e-01 2.7465981805e+07 -4.5961172686e-04 -7.5059542392e-04 -2.4498297512e+04 1.1999944383e+08 9.2458465644e-02
4.1948074381e+00 3.0338731219e+00 8.0727807361e-01 2.7572150305e+07 -4.5293478785e-04 1.0661652854e-03 3.6414304390e+04 1.1999935237e+08 9.3759027088e-02
4.2447438526e+00 3.0738149056e+00 7.9534718366e-01 2.7708070261e+07 -4.3240370028e-04 -3.2732519828e-04 -1.1403258575e+04 1.1999664362e+08 9.5045431422e-02
4.2946802671e+00 3.1129638066e+00 7.7121548415e-01 2.7821955461e+07 -4.5377584357e-04 -7.0782278926e-04 -2.5535034659e+04 1.2000340976e+08 9.6289625863e-02
4.3446166816e+00 3.1509334496e+00 7.4773658829e-01 2.7934467518e+07 -4.6198571246e-04 6.2839044166e-04 2.3475850528e+04 1.2000231577e+08 9.7538498968e-02
4.3945530961e+00 3.1875496107e+00 7.2106799404e-01 2.8043724591e+07 -4.4479731481e-04 -6.8599545364e-05 -2.6679685871e+03 1.2000012580e+08 9.8816402617e-02
4.4444895106e+00 3.2230991575e+00 7.0377651405e-01 2.8167179649e+07 -4.5901226459e-04 -3.6179995335e-04 -1.4480284692e+04 1.1999570773e+08 1.0009653935e-01
4.4944259251e+00 3.2577158058e+00 6.7874485106e-01 2.8276785159e+07 -4.5028126944e-04 4.7814482454e-04 1.9919706879e+04 1.1999647172e+08 1.0137073139e-01
4.5443623396e+00 3.2909619318e+00 6.5755272129e-01 2.8399367546e+07 -4.4515479595e-04 -1.9241887375e-04 -8.3104732769e+03 1.2000476598e+08 1.0269312067e-01
4.5942987541e+00 3.3237340872e+00 6.5328272282e-01 2.8544159630e+07 -4.6097653166e-04 -1.5483625093e-04 -6.7653261119e+03 1.2000523736e+08 1.0396365186e-01
4.6442351686e+00 3.3556413285e+00 6.2134025337e-01 2.8634350863e+07 -4.5026228383e-04 2.4524777820e-04 1.1302198580e+04 1.1999480435e+08 1.0523756003e-01
4.6941715831e+00 3.3861424354e+00 6.0635344704e-01 2.8767870662e+07 -4.5430581034e-04 -4.0187297838e-04 -1.9066486586e+04 1.2000108960e+08 1.0658187764e-01
4.7441079976e+00 3.4161624811e+00 5.8895524012e-01 2.8889686410e+07 -4.6597673463e-04 1.9418464651e-04 9.5252290177e+03 1.2000177415e+08 1.0788675648e-01
4.7940444121e+00 3.4448625484e+00 5.6577401508e-01 2.9004623940e+07 -4.5104364957e-04 1.0617168118e-04 5.4429323432e+03 1.1999333597e+08 1.0926325011e-01
4.8439808266e+00 3.4729131547e+00 5.5637486724e-01 2.9150305884e+07 -4.6253014885e-04 -3.4446602057e-04 -1.8047705706e+04 1.2000210660e+08 1.1062704432e-01
4.8939172411e+00 3.5001161712e+00 5.3037646461e-01 2.9259078828e+07 -4.5931988640e-04 3.7015580861e-04 2.0420246194e+04 1.2000301606e+08 1.1201042971e-01
4.9438536556e+00 3.5260336283e+00 5.1108054351e-01 2.9390053902e+07 -4.5169538825e-04 -1.3495881788e-04 -7.7609037995e+03 1.2000206174e+08 1.1347447086e-01
4.9937900701e+00 3.5512944454e+00 4.9953678422e-01 2.9537114243e+07 -4.5980156958e-04 3.4706548702e-05 2.0521637773e+03 1.1999832092e+08 1.1493604491e-01
5.0437264845e+00 3.5757836714e+00 4.8035348546e-01 2.9667386658e+07 -4.4638361926e-04 2.6856910303e-04 1.6587250150e+04 1.1999688846e+08 1.1641638159e-01
5.0936628990e+00 3.5993521072e+00 4.6507049975e-01 2.9812016379e+07 -4.4810400808e-04 -2.8350443190e-04 -1.8173242061e+04 1.1999931991e+08 1.1794003198e-01
5.1435993135e+00 3.6221509067e+00 4.4529802597e-01 2.9946201486e+07 -4.5476209325e-04 1.5175365557e-04 1.0205402407e+04 1.2000118864e+08 1.1948896114e-01
5.1935357280e+00 3.6437052159e+00 4.1933613213e-01 3.0072761274e+07 -4.4473094656e-04 8.1398113799e-05 5.8374794273e+03 1.2000454027e+08 1.2113764028e-01
5.2434721425e+00 3.6641724258e+00 4.0188151334e-01 3.0228683438e+07 -4.5045566912e-04 -2.0441476206e-04 -1.5375649109e+04 1.2000338370e+08 1.2286469225e-01
5.2934085570e+00 3.6838746967e+00 3.8668535261e-01 3.0391115550e+07 -4.5071665140e-04 2.1528947219e-04 1.6920442375e+04 1.1999362064e+08 1.2462442796e-01
5.3433449715e+00 3.7027345313e+00 3.6881935289e-01 3.0551335427e+07 -4.4239167371e-04 -4.5791908948e-05 -3.7931956638e+03 1.1999320289e+08 1.2643373629e-01
5.3932813860e+00 3.7207003189e+00 3.5016902985e-01 3.0716982788e+07 -4.5274000830e-04 -1.5248369127e-04 -1.3375937107e+04 1.2000638364e+08 1.2830523434e-01
5.4432178005e+00 3.7376144111e+00 3.2698094394e-01 3.0869114255e+07 -4.4893416989e-04 1.7359895507e-04 1.6388863260e+04 1.2000108773e+08 1.3026977047e-01
5.4931542150e+00 3.7534064167e+00 3.0675962252e-01 3.1040611071e+07 -4.4707447124e-04 -1.0600254321e-04 -1.0726260808e+04 1.1999818296e+08 1.3234378948e-01
5.5430906295e+00 3.7683391341e+00 2.9077510804e-01 3.1234922704e+07 -4.5058444403e-04 5.7762367567e-05 6.2048058320e+03 1.2000342139e+08 1.3448703093e-01
5.5930270440e+00 3.7823273996e+00 2.6981931498e-01 3.1412815885e+07 -4.4395198020e-04 9.2321623322e-05 1.0748237782e+04 1.2000213824e+08 1.3672054809e-01
5.6429634585e+00 3.7954320517e+00 2.5620524328e-01 3.1627568997e+07 -4.4588600733e-04 -1.0442809591e-04 -1.2891253771e+04 1.1999735166e+08 1.3903853014e-01
5.6928998730e+00 3.8078678774e+00 2.4059999109e-01 3.1835565990e+07 -4.4513632183e-04 1.4954706729e-04 1.9787679574e+04 1.1999429684e+08 1.4140731169e-01
5.7428362875e+00 3.8193627127e+00 2.1996254573e-01 3.2025749433e+07 -4.3973727289e-04 -1.6441901760e-05 -2.3938813048e+03 1.1999644837e+08 1.4388458332e-01
5.7927727020e+00 3.8298967122e+00 2.0246024234e-01 3.2240457366e+07 -4.4474743420e-04 -8.6213667263e-05 -1.3728957506e+04 1.2000671057e+08 1.4648036531e-01
5.8427091165e+00 3.8395796447e+00 1.8482347575e-01 3.2454525850e+07 -4.4322159428e-04 9.7842165075e-05 1.7180831941e+04 1.2000513131e+08 1.4917949961e-01
5.8926455310e+00 3.8483539113e+00 1.6757431045e-01 3.2673454424e+07 -4.4177256928e-04 -5.6742499093e-05 -1.1063589957e+04 1.1999832587e+08 1.5199932623e-01
5.9425819455e+00 3.8563675269e+00 1.5313299112e-01 3.2915040302e+07 -4.4484095939e-04 -1.5459572077e-05 -3.3229445481e+03 1.1999853681e+08 1.5491353507e-01
5.9925183600e+00 3.8635927810e+00 1.3597740010e-01 3.3133563029e+07 -4.4298836501e-04 5.5307545077e-05 1.3476769150e+04 1.1999711842e+08 1.5792636353e-01
6.0424547745e+00 3.8699502544e+00 1.1893805737e-01 3.3345823894e+07 -4.4269139080e-04 -4.0495394573e-05 -1.1353408032e+04 1.1999800590e+08 1.6103224039e-01
6.0923911890e+00 3.8754883440e+00 1.0288833152e-01 3.3548371132e+07 -4.4374221685e-04 1.6069859248e-05 5.2398322931e+03 1.2000501768e+08 1.6415325514e-01
6.1423276035e+00 3.8802181085e+00 8.6931574183e-02 3.3702745185e+07 -4.4226527093e-04 2.5457774116e-05 9.8697956650e+03 1.2000292114e+08 1.6712906090e-01
6.1922640180e+00 3.8842471355e+00 7.5291901674e-02 3.3849418890e+07 -4.4308968588e-04 -6.0132540375e-05 -2.7034136511e+04 1.1999529495e+08 1.6980587485e-01
6.2422004325e+00 3.8877634449e+00 6.5418591369e-02 3.3966260671e+07 -4.4498635124e-04 7.0691438782e-06 3.6703997849e+03 1.1999738939e+08 1.7217930407e-01
6.2921368470e+00 3.8907821158e+00 5.5847626996e-02 3.4023647414e+07 -4.4399492751e-04 1.1298746427e-05 6.8834538783e+03 1.2000072706e+08 1.7423051058e-01
6.3420732615e+00 3.8933728211e+00 4.8157602059e-02 3.4057977059e+07 -4.4475858019e-04 -4.1596791202e-05 -2.9418046163e+04 1.2000119903e+08 1.7599628239e-01
6.3920096760e+00 3.8956192468e+00 4.2067534058e-02 3.4080354372e+07 -4.4583882835e-04 2.2969784176e-05 1.8608611180e+04 1.2000280552e+08 1.7753031154e-01
6.4419460905e+00 3.8975550108e+00 3.5230635267e-02 3.4026577127e+07 -4.4440727942e-04 1.1199250967e-06 1.0816500295e+03 1.2000258377e+08 1.7885558528e-01
6.4918825050e+00 3.8991669062e+00 2.9888402259e-02 3.3960669786e+07 -4.4512792144e-04 -1.1422548140e-05 -1.2978859898e+04 1.1999650721e+08 1.7996464340e-01
6.5418189195e+00 3.9005755215e+00 2.6928227277e-02 3.3952543940e+07 -4.4583930700e-04 -1.7757088596e-05 -2.2389083568e+04 1.1999767759e+08 1.8093686181e-01
6.5917553340e+00 3.9018953421e+00 2.5927887773e-02 3.4017892223e+07 -4.4525000095e-04 4.5699436714e-05 5.9958548353e+04 1.2000298690e+08 1.8184771749e-01
6.6416917485e+00 3.9031284791e+00 2.3245878213e-02 3.3986773163e+07 -4.4382191111e-04 -1.1661489283e-05 -1.7049749094e+04 1.1999481168e+08 1.8269894745e-01
6.6916281630e+00 3.9042324909e+00 2.1222379001e-02 3.3968991275e+07 -4.4526109686e-04 -1.8572900823e-05 -2.9728180143e+04 1.1999406783e+08 1.8346309580e-01
6.7415645775e+00 3.9052439863e+00 1.9102160103e-02 3.3930418887e+07 -4.4517412268e-04 5.1499816669e-06 9.1477107448e+03 1.2000655999e+08 1.8416444919e-01
6.7915009920e+00 3.9061453489e+00 1.7290214072e-02 3.3887427234e+07 -4.4558373536e-04 -1.2762163074e-05 -2.5012811913e+04 1.2001128380e+08 1.8479157972e-01
6.8414374065e+00 3.9069851470e+00 1.6244749993e-02 3.3880321098e+07 -4.4542914292e-04 1.8596385072e-05 3.8784930378e+04 1.2000252008e+08 1.8537669119e-01
6.8913738210e+00 3.9077568801e+00 1.4735457610e-02 3.3825144212e+07 -4.4463347439e-04 5.4157537938e-06 1.2431826547e+04 1.1999236323e+08 1.8591557171e-01
6.9413102355e+00 3.9084717970e+00 1.4011611849e-02 3.3824259978e+07 -4.4485766729e-04 -8.9749461092e-06 -2.1665666573e+04 1.1999070192e+08 1.8641577137e-01
6.9912466500e+00 3.9091599924e+00 1.3534495637e-02 3.3842514719e+07 -4.4511393134e-04 3.5691844227e-07 8.9246160035e+02 1.1999789168e+08 1.8689734937e-01
7.0411830645e+00 3.9098190242e+00 1.2823291952e-02 3.3835031577e+07 -4.4492588124e-04 3.4905126292e-06 9.2099287353e+03 1.2000468896e+08 1.8735873984e-01
7.0911194790e+00 3.9104396248e+00 1.2052276427e-02 3.3813712487e+07 -4.4504590957e-04 -6.9838495338e-06 -1.9593798866e+04 1.2000780148e+08 1.8779383336e-01
7.1410558935e+00 3.9110284176e+00 1.1632442687e-02 3.3818729667e+07 -4.4528817479e-04 -1.0974047240e-06 -3.1904591920e+03 1.2000057071e+08 1.8820708887e-01
7.1909923080e+00 3.9116071694e+00 1.1491227581e-02 3.3850822499e+07 -4.4523103855e-04 1.8170149137e-06 5.3525568865e+03 1.1999359507e+08 1.8861305365e-01
7.2409287225e+00 3.9121679300e+00 1.0975893983e-02 3.3843928182e+07 -4.4522251235e-04 -1.8078260536e-06 -5.5743919556e+03 1.1999696222e+08 1.8900645633e-01
7.2908651370e+00 3.9127076800e+00 1.0653176230e-02 3.3855358237e+07 -4.4530087815e-04 5.8390083063e-07 1.8556129524e+03 1.2000325099e+08 1.8938532040e-01
7.3408015514e+00 3.9132305858e+00 1.0288976760e-02 3.3858560246e+07 -4.4518122743e-04 1.4152692962e-06 4.6573125638e+03 1.2000638313e+08 1.8975245354e-01
7.3907379659e+00 3.9137359944e+00 9.9484136602e-03 3.3859762358e+07 -4.4533224698e-04 -6.3165751107e-06 -2.1498677022e+04 1.2000282747e+08 1.9010744777e-01
7.4406743804e+00 3.9142230236e+00 9.5676797269e-03 3.3852382700e+07 -4.4559104899e-04 -3.0351004549e-06 -1.0738798232e+04 1.1999702390e+08 1.9044973913e-01
7.4906107949e+00 3.9146941668e+00 9.3182568693e-03 3.3858862422e+07 -4.4568647593e-04 -1.8680479605e-06 -6.7877479424e+03 1.1999142719e+08 1.9078101629e-01
7.5405472094e+00 3.9151574633e+00 9.3644005020e-03 3.3903426058e+07 -4.4586786943e-04 -5.8264265710e-06 -2.1094337261e+04 1.1998989473e+08 1.9110666840e-01
7.5904836239e+00 3.9156662186e+00 1.1909970519e-02 3.4237818059e+07 -4.4625030452e-04 -1.3340822465e-05 -3.8351115277e+04 1.2000130588e+08 1.9146213290e-01
7.6404200384e+00 3.9164659776e+00 1.9833575166e-02 3.4917958561e+07 -4.4577559661e-04 5.3721220558e-05 9.4578780555e+04 1.2001134268e+08 1.9200718759e-01
7.6903564529e+00 4.0548946945e+00 8.1575800316e+00 3.7397856707e+07 -5.9125921101e-04 -2.0792582831e-03 -9.5322145816e+03 1.2001265149e+08 1.5214606826e-01
7.7402928674e+00 4.5726878411e+00 1.0460331696e+01 2.8026471586e+07 -4.6976788963e-05 -3.9677491807e-03 -1.0630830159e+04 1.2000705191e+08 7.1791547613e-02
7.7902292819e+00 5.0375876409e+00 8.1521204679e+00 2.5374767500e+07 -4.4600151732e-04 7.5538857246e-03 2.3512667009e+04 1.1999333625e+08 5.2308133230e-02
7.8401656964e+00 5.3966191027e+00 6.4169637554e+00 2.4708200372e+07 -3.2102356899e-04 -1.9130064087e-04 -7.3659362059e+02 1.1998158372e+08 4.9187106083e-02
7.8901021109e+00 5.6877056885e+00 5.2757444338e+00 2.4535506241e+07 -4.1778552890e-04 -4.4625522829e-03 -2.0753654913e+04 1.1998787277e+08 4.9700752898e-02
7.9400385254e+00 5.9302313094e+00 4.4815159469e+00 2.4530106754e+07 -2.9915938232e-04 3.8697091542e-03 2.1181310026e+04 1.2000332477e+08 5.1262481016e-02
7.9899749399e+00 6.1385054514e+00 3.8861917701e+00 2.4581504659e+07 -4.0923605134e-04 -2.7850121735e-03 -1.7616163527e+04 1.2001185063e+08 5.3101927052e-02
8.0399113544e+00 6.3194918317e+00 3.4011543521e+00 2.4653525598e+07 -3.5192478232e-04 1.6818523525e-03 1.2191034494e+04 1.2000878705e+08 5.5040533301e-02
8.0898477689e+00 6.4803599941e+00 3.0334298493e+00 2.4743340415e+07 -4.2635173318e-04 -2.4982545036e-03 -2.0377976315e+04 1.2000504795e+08 5.6939520199e-02
8.1397841834e+00 6.6229472761e+00 2.7062060272e+00 2.4837024110e+07 -4.0984573054e-04 1.3339660592e-03 1.2242876870e+04 1.2000522332e+08 5.8861287359e-02
8.1897205979e+00 6.7520203721e+00 2.4564578823e+00 2.4942120621e+07 -4.3826086794e-04 -1.2930643599e-03 -1.3129379286e+04 1.1999756620e+08 6.0718441586e-02
8.2396570124e+00 6.8680838861e+00 2.2156134856e+00 2.5040976789e+07 -4.1207481207e-04 4.6928146359e-04 5.3038430726e+03 1.1998743838e+08 6.2591787575e-02
8.2895934269e+00 6.9740889900e+00 2.0212865083e+00 2.5150596684e+07 -4.5466185249e-04 -6.7405776472e-04 -8.3872102806e+03 1.1998655168e+08 6.4424843889e-02
8.3395298414e+00 7.0703083411e+00 1.8398810886e+00 2.5262121403e+07 -4.6324587546e-04 -3.0228583276e-04 -4.1504755132e+03 1.1999631949e+08 6.6277544886e-02
8.3894662559e+00 7.1583476442e+00 1.6866713660e+00 2.5381822964e+07 -4.8776353656e-04 3.8068174313e-05 5.7286776813e+02 1.2000576215e+08 6.8127879321e-02
8.4394026704e+00 7.2387796398e+00 1.5413390958e+00 2.5499761190e+07 -4.5474657309e-04 5.0828131872e-04 8.4089557450e+03 1.2001221136e+08 7.0000375453e-02
8.4893390849e+00 7.3127471056e+00 1.4190845079e+00 2.5625179942e+07 -4.7380590754e-04 -4.7097755514e-04 -8.5046975931e+03 1.2000863611e+08 7.1878207791e-02
8.5392754994e+00 7.3802865588e+00 1.2927916075e+00 2.5741896954e+07 -4.5491877995e-04 4.2395698654e-04 8.4417759188e+03 1.1999732736e+08 7.3803246411e-02
8.5892119139e+00 7.4425990753e+00 1.1994123666e+00 2.5883381289e+07 -4.8167962851e-04 -7.7049928095e-04 -1.6627414579e+04 1.1999363134e+08 7.5738692561e-02
8.6391483284e+00 7.4996093595e+00 1.0919597918e+00 2.6010864096e+07 -4.7529286490e-04 4.4954815261e-04 1.0708394201e+04 1.2000035118e+08 7.7727733852e-02
8.6890847429e+00 7.5522895925e+00 1.0131164302e+00 2.6162065912e+07 -4.8015334946e-04 -2.3966262659e-04 -6.1888932475e+03 1.2000116212e+08 7.9735717667e-02
8.7390211574e+00 7.6004752036e+00 9.2212152463e-01 2.6296736771e+07 -4.7099662447e-04 4.4553301637e-04 1.2705553597e+04 1.1999713054e+08 8.1806675200e-02
8.7889575719e+00 7.6447134024e+00 8.4793415731e-01 2.6449865549e+07 -4.6425357644e-04 -1.5915738844e-04 -4.9646443525e+03 1.1999408214e+08 8.3927234626e-02
8.8388939864e+00 7.6849232906e+00 7.6423614791e-01 2.6590997065e+07 -4.6267891562e-04 1.5480734449e-04 5.3864000733e+03 1.2000034679e+08 8.6131401981e-02
8.8888304009e+00 7.7214066776e+00 6.9839937792e-01 2.6758719670e+07 -4.7058466125e-04 -3.5621905292e-04 -1.3648302217e+04 1.2000616690e+08 8.8419333991e-02
8.9387668154e+00 7.7544815010e+00 6.2604787656e-01 2.6911150468e+07 -4.7672839640e-04 4.1138693597e-05 1.7683784498e+03 1.2000208702e+08 9.0791101648e-02
8.9887032299e+00 7.7841576887e+00 5.6375696928e-01 2.7082275141e+07 -4.8307539673e-04 -2.2954559368e-04 -1.1027122083e+04 1.2000004289e+08 9.3269291006e-02
9.0386396444e+00 7.8106183583e+00 4.9572806389e-01 2.7239505218e+07 -4.8442124128e-04 1.0847840721e-04 5.9607239420e+03 1.2000181653e+08 9.5862558518e-02
9.0885760589e+00 7.8338624791e+00 4.3673726021e-01 2.7415510759e+07 -4.8405049071e-04 -1.7083766402e-05 -1.0724071983e+03 1.2000285307e+08 9.8594600993e-02
9.1385124734e+00 7.8541699846e+00 3.7680636002e-01 2.7581586524e+07 -4.7763255913e-04 1.7902479254e-04 1.3104311204e+04 1.1999840245e+08 1.0146354627e-01
9.1884488879e+00 7.8715972628e+00 3.2203509723e-01 2.7755440954e+07 -4.7586639862e-04 -6.1164927091e-05 -5.2716599430e+03 1.1999588376e+08 1.0448835224e-01
9.2383853024e+00 7.8863570924e+00 2.7013560322e-01 2.7925552705e+07 -4.7697392561e-04 2.1195655337e-06 2.1911232105e+02 1.1999159834e+08 1.0767215724e-01
9.2883217169e+00 7.8986772907e+00 2.2372779545e-01 2.8100466860e+07 -4.7905597802e-04 -6.4571178521e-05 -8.1102138360e+03 1.1999172464e+08 1.1101504887e-01
9.3382581314e+00 7.9087007039e+00 1.7853851304e-01 2.8253229292e+07 -4.8080387518e-04 -2.1695019702e-05 -3.4331772777e+03 1.2000215422e+08 1.1452445421e-01
9.3881945459e+00 7.9165957529e+00 1.3867368602e-01 2.8392022219e+07 -4.8192764625e-04 -2.7842297252e-06 -5.7004262661e+02 1.2000981241e+08 1.1819315348e-01
9.4381309603e+00 7.9226318275e+00 1.0442184974e-01 2.8498284656e+07 -4.8085157358e-04 1.9354145384e-05 5.2820357596e+03 1.2000936824e+08 1.2191606886e-01
9.4880673748e+00 7.9271879853e+00 7.9673857021e-02 2.8579298188e+07 -4.8107997497e-04 -1.1196770306e-05 -4.0163216553e+03 1.2000389025e+08 1.2530531140e-01
9.5380037893e+00 7.9307032874e+00 6.2255417743e-02 2.8614001690e+07 -4.8095288841e-04 7.7273171823e-06 3.5516502006e+03 1.2000136556e+08 1.2806461268e-01
9.5879402038e+00 7.9335082442e+00 5.0987647276e-02 2.8640972088e+07 -4.8089310067e-04 -1.1137756406e-06 -6.2563422199e+02 1.1999921710e+08 1.3028895770e-01
9.6378766183e+00 7.9358551450e+00 4.3465158900e-02 2.8672580671e+07 -4.8079752284e-04 1.0303091400e-06 6.7966211746e+02 1.1999557540e+08 1.3215497317e-01
9.6878130328e+00 7.9378807764e+00 3.7812088094e-02 2.8698549457e+07 -4.8109153837e-04 -9.8866619154e-06 -7.5037605763e+03 1.1999378996e+08 1.3376759915e-01
9.7377494473e+00 7.9396356163e+00 3.2657322386e-02 2.8691454357e+07 -4.8139545723e-04 -2.4919959694e-06 -2.1893708176e+03 1.1999705669e+08 1.3516694895e-01
9.7876858618e+00 7.9411643100e+00 2.8736470547e-02 2.8684514688e+07 -4.8145100260e-04 2.1167259664e-06 2.1128989023e+03 1.1999670489e+08 1.3638837900e-01
9.8376222763e+00 7.9425141685e+00 2.5431110579e-02 2.8667362816e+07 -4.8118220944e-04 3.3197469742e-06 3.7422034980e+03 1.1999573663e+08 1.3746892314e-01
9.8875586908e+00 7.9437151934e+00 2.2765425395e-02 2.8650928877e+07 -4.8135501462e-04 -5.0659119171e-06 -6.3755927911e+03 1.1999914669e+08 1.3843217785e-01
9.9374951053e+00 7.9447920159e+00 2.0412914135e-02 2.8624559126e+07 -4.8132230883e-04 3.2957375174e-06 4.6215367785e+03 1.2000187803e+08 1.3929747275e-01
9.9874315198e+00 7.9457599010e+00 1.8399161036e-02 2.8594587968e+07 -4.8130856786e-04 -7.5820492941e-07 -1.1783448990e+03 1.2000653651e+08 1.4007685502e-01
1.0037367934e+01 7.9466321971e+00 1.6585072537e-02 2.8554617405e+07 -4.8119400341e-04 4.1146860732e-06 7.0842793300e+03 1.2000692853e+08 1.4078082218e-01
1.0087304349e+01 7.9474172903e+00 1.4874356297e-02 2.8499702868e+07 -4.8117889067e-04 -2.1046354336e-06 -4.0325432108e+03 1.2000474196e+08 1.4141599303e-01
1.0137240763e+01 7.9481190303e+00 1.3275965219e-02 2.8431696161e+07 -4.8123200982e-04 7.2737614121e-08 1.5577426651e+02 1.2000500048e+08 1.4198542679e-01
1.0187177178e+01 7.9487481538e+00 1.1964125997e-02 2.8368185806e+07 -4.8130426889e-04 -2.1622842723e-06 -5.1270006701e+03 1.2000448234e+08 1.4249749200e-01
1.0237113592e+01 7.9493158468e+00 1.0785538339e-02 2.8297102366e+07 -4.8128900908e-04 2.8553542840e-06 7.4913509112e+03 1.1999490319e+08 1.4296090616e-01
1.0287050007e+01 7.9498260873e+00 9.6886198176e-03 2.8216277612e+07 -4.8120406666e-04 4.1762836828e-07 1.2162638436e+03 1.1998519756e+08 1.4337876395e-01
1.0336986421e+01 7.9502870544e+00 8.8144914605e-03 2.8148293588e+07 -4.8117379498e-04 1.4638958153e-06 4.6748209329e+03 1.1998527821e+08 1.4375745084e-01
1.0386922836e+01 7.9507104761e+00 8.1745592206e-03 2.8102981604e+07 -4.8110915478e-04 1.0452818695e-06 3.5935316337e+03 1.1999924469e+08 1.4410617011e-01
1.0436859250e+01 7.9511044101e+00 7.6167782793e-03 2.8059959590e+07 -4.8105934052e-04 1.6340253230e-07 6.0196953161e+02 1.2001107371e+08 1.4443126782e-01
1.0486795665e+01 7.9514813777e+00 7.6949871309e-03 2.8109700275e+07 -4.8115832842e-04 -1.4095090646e-06 -5.1489205459e+03 1.2001155741e+08 1.4474264713e-01
1.0536732079e+01 7.9518940941e+00 8.9558422482e-03 2.8330061913e+07 -4.8093934558e-04 7.8888492165e-06 2.4954837360e+04 1.2000127915e+08 1.4508189666e-01
1.0586668494e+01 7.9523806763e+00 1.0538284115e-02 2.8571653561e+07 -4.8097509119e-04 -1.3751722450e-05 -3.7284006144e+04 1.1999610374e+08 1.4547861002e-01
1.0636604908e+01 7.9529451723e+00 1.2027611123e-02 2.8784565211e+07 -4.8189525287e-04 -9.0416931906e-06 -2.1638644999e+04 1.1999397848e+08 1.4593531815e-01
1.0686541323e+01 7.9535773104e+00 1.3187978594e-02 2.8956669724e+07 -4.8106170968e-04 2.9809448011e-05 6.5452209720e+04 1.1999683708e+08 1.4644349417e-01
1.0736477737e+01 7.9542506797e+00 1.3733370570e-02 2.9071687901e+07 -4.8095397315e-04 -2.8009507671e-05 -5.9292339133e+04 1.2000390718e+08 1.4698245246e-01
1.0786414152e+01 7.9549513015e+00 1.4289024655e-02 2.9187130721e+07 -4.8196296791e-04 3.1952414997e-06 6.5266827928e+03 1.2000692094e+08 1.4754128893e-01
1.0836350566e+01 7.9556624848e+00 1.4039033693e-02 2.9233281053e+07 -4.8152158206e-04 -2.4171623790e-06 -5.0332229926e+03 1.2000452802e+08 1.4810717827e-01
1.0886286981e+01 7.9563467538e+00 1.3361199263e-02 2.9238008375e+07 -4.8199550970e-04 -1.9477929017e-06 -4.2623108940e+03 1.1999947123e+08 1.4865162421e-01
1.0936223395e+01 7.9569946633e+00 1.2551312866e-02 2.9223504976e+07 -4.8148261338e-04 9.6447494539e-06 2.2456087795e+04 1.1999381103e+08 1.4916751848e-01
1.0986159810e+01 7.9576016596e+00 1.1826373353e-02 2.9210501173e+07 -4.8173186228e-04 -1.0362514629e-05 -2.5594849469e+04 1.1999506950e+08 1.4965146319e-01
1.1036096224e+01 7.9581774326e+00 1.1167219076e-02 2.9197923130e+07 -4.8159578723e-04 9.8932152135e-06 2.5866899837e+04 1.1999958775e+08 1.5011089982e-01
1.1086032639e+01 7.9587085806e+00 1.0080983985e-02 2.9127526796e+07 -4.8173935942e-04 -1.3675813730e-05 -3.9514260858e+04 1.2000549162e+08 1.5053563505e-01
1.1135969053e+01 7.9591855195e+00 9.0471039338e-03 2.9043525121e+07 -4.8206022112e-04 3.5770169783e-06 1.1483142365e+04 1.2000502695e+08 1.5091833670e-01
1.1185905468e+01 7.9596137166e+00 8.1137723603e-03 2.8952500771e+07 -4.8186260862e-04 5.9086672580e-07 2.1083989758e+03 1.1999775095e+08 1.5126315339e-01
1.1235841882e+01 7.9599943760e+00 7.1246800292e-03 2.8832061935e+07 -4.8187764723e-04 1.0149633807e-06 4.1073405308e+03 1.1999195897e+08 1.5157094351e-01
1.1285778297e+01 7.9603329734e+00 6.5896150374e-03 2.8771834614e+07 -4.8179652793e-04 8.1493747010e-07 3.5582118193e+03 1.1999385144e+08 1.5184586967e-01
1.1335714711e+01 7.9606570299e+00 6.2538848551e-03 2.8742514537e+07 -4.8180583219e-04 -5.2921885920e-07 -2.4322610835e+03 1.2000143261e+08 1.5210927095e-01
1.1385651126e+01 7.9609422490e+00 5.1535117561e-03 2.8539250195e+07 -4.8182636860e-04 -3.5770495468e-07 -1.9809077151e+03 1.2000564672e+08 1.5234218632e-01
1.1435587540e+01 7.9611797198e+00 4.4453437314e-03 2.8385223254e+07 -4.8184924824e-04 -4.9781530538e-07 -3.1787414959e+03 1.2000529515e+08 1.5253751130e-01
1.1485523955e+01 7.9613906086e+00 4.0240154352e-03 2.8285758644e+07 -4.8185231467e-04 4.8864539742e-07 3.4348043630e+03 1.2000154873e+08 1.5271175447e-01
1.1535460369e+01 7.9615838810e+00 3.7367526082e-03 2.8215260758e+07 -4.8184182931e-04 -5.0120608696e-07 -3.7844786421e+03 1.1999793855e+08 1.5287195290e-01
1.1585396784e+01 7.9617650426e+00 3.5294168067e-03 2.8165816590e+07 -4.8187770922e-04 -4.1364361027e-07 -3.3010014680e+03 1.2000216939e+08 1.5302245356e-01
1.1635333198e+01 7.9619368831e+00 3.3711808999e-03 2.8127906472e+07 -4.8187586700e-04 3.0384332505e-07 2.5351581190e+03 1.2000204239e+08 1.5316546558e-01
1.1685269613e+01 7.9621046692e+00 3.3680992459e-03 2.8143159288e+07 -4.8184556666e-04 9.1146313960e-07 7.6160025135e+03 1.2000027074e+08 1.5330518477e-01
1.1735206027e+01 7.9622739221e+00 3.4174579684e-03 2.8176354375e+07 -4.8181973878e-04 -3.5327025297e-07 -2.9126526002e+03 1.1999531855e+08 1.5344601451e-01
1.1785142442e+01 7.9624473526e+00 3.5332183057e-03 2.8232714456e+07 -4.8189885872e-04 -2.5931836838e-06 -2.0721225847e+04 1.1999151469e+08 1.5359011019e-01
1.1835078856e+01 7.9626255863e+00 3.5945577204e-03 2.8273470524e+07 -4.8205439349e-04 -3.5065384105e-06 -2.7581142968e+04 1.2000156909e+08 1.5373796152e-01
1.1885015271e+01 7.9628065132e+00 3.6602770040e-03 2.8313110084e+07 -4.8222010306e-04 -2.6202089969e-06 -2.0267937561e+04 1.2000115286e+08 1.5388788461e-01
1.1934951685e+01 7.9629926987e+00 3.8121389672e-03 2.8380073611e+07 -4.8228479376e-04 -3.2301931451e-07 -2.4047685571e+03 1.1999985683e+08 1.5404190735e-01
1.1984888100e+01 7.9631880668e+00 4.0142913083e-03 2.8461875672e+07 -4.8232265574e-04 -1.4139293852e-06 -1.0024953169e+04 1.2000178197e+08 1.5420311997e-01
1.2000000000e+01 7.9632492249e+00 4.0798260712e-03 2.8487838312e+07 -4.8234380264e-04 -1.2747217557e-06 -8.9008861251e+03 1.2000374566e+08 1.5425349757e-01
