# TPV104 station: x2_9_x3_7.5 (along_strike=9000, down_dip=7500)
# Columns (SCEC TPV104 trace layout): t  h-slip  h-slip-rate  h-shear-stress  v-slip  v-slip-rate  v-shear-stress  n-stress  psi
# BP5 convention: h = strike = component 2, v = dip = component 1.  TPV104 is pure strike-slip so v-slip / v-slip-rate / v-shear-stress ≈ 0.
0.0000000000e+00 0.0000000000e+00 1.0000000000e-16 4.0000000000e+07 0.0000000000e+00 0.0000000000e+00 0.0000000000e+00 1.2000000000e+08 5.6359184263e-01
1.4862028124e-04 1.4862028124e-20 1.0000000000e-16 4.0000000000e+07 0.0000000000e+00 0.0000000000e+00 0.0000000000e+00 1.2000000000e+08 5.6359184263e-01
5.0085034779e-02 5.0085034779e-18 1.0000000000e-16 4.0000000000e+07 8.2588376247e-38 -1.1970997430e-35 -4.7883989719e-12 1.2000000000e+08 5.6359184263e-01
1.0002144928e-01 1.0002144928e-17 1.0000000000e-16 4.0000000000e+07 -1.0694324934e-37 3.1826109061e-36 1.2730443624e-12 1.2000000000e+08 5.6359184263e-01
1.4995786377e-01 1.4995786377e-17 1.0000000000e-16 4.0000000000e+07 -7.0002347759e-38 -1.6867830316e-36 -6.7471321264e-13 1.2000000000e+08 5.6359184263e-01
1.9989427827e-01 1.9989427827e-17 1.0000000000e-16 4.0000000000e+07 7.0336515189e-39 -5.1217937277e-36 -2.0487174911e-12 1.2000000000e+08 5.6359184263e-01
2.4983069277e-01 2.4983069277e-17 1.0000000000e-16 4.0000000000e+07 1.3378200525e-38 3.7529984658e-36 1.5011993863e-12 1.2000000000e+08 5.6359184263e-01
2.9976710727e-01 2.9976710727e-17 1.0000000000e-16 4.0000000000e+07 -2.3275675524e-38 -3.4726997155e-36 -1.3890798862e-12 1.2000000000e+08 5.6359184263e-01
3.4970352177e-01 3.4970352177e-17 1.0000000000e-16 4.0000000000e+07 1.7699112510e-38 2.6140162503e-36 1.0456065001e-12 1.2000000000e+08 5.6359184263e-01
3.9963993626e-01 3.9963993626e-17 1.0000000000e-16 4.0000000000e+07 -1.1481962645e-38 -2.6121779504e-36 -1.0448711801e-12 1.2000000000e+08 5.6359184263e-01
4.4957635076e-01 4.4957635076e-17 1.0000000000e-16 4.0000000000e+07 9.5390662905e-39 2.4168519844e-36 9.6674079376e-13 1.2000000000e+08 5.6359184263e-01
4.9951276526e-01 4.9951276526e-17 1.0000000000e-16 4.0000000000e+07 -7.0846081389e-39 -2.2886816513e-36 -9.1547266052e-13 1.2000000000e+08 5.6359184263e-01
5.4944917976e-01 5.4944917976e-17 1.0000000000e-16 4.0000000000e+07 1.0974862682e-38 1.7363102908e-36 6.9452411630e-13 1.2000000000e+08 5.6359184263e-01
5.9938559425e-01 5.9938559425e-17 1.0000000000e-16 4.0000000000e+07 -1.1080399843e-38 -6.8788378200e-37 -2.7515351280e-13 1.2000000000e+08 5.6359184263e-01
6.4932200875e-01 6.4932200875e-17 1.0000000000e-16 4.0000000000e+07 8.6824392075e-39 -5.9739671974e-37 -2.3895868790e-13 1.2000000000e+08 5.6359184263e-01
6.9925842325e-01 6.9925842325e-17 1.0000000000e-16 4.0000000000e+07 1.8986945077e-39 1.0839356578e-36 4.3357426313e-13 1.2000000000e+08 5.6359184263e-01
7.4919483775e-01 7.4919483775e-17 1.0000000000e-16 4.0000000000e+07 -1.1030213948e-38 -4.8371556024e-37 -1.9348622409e-13 1.2000000000e+08 5.6359184263e-01
7.9913125224e-01 7.9913125224e-17 1.0000000000e-16 4.0000000000e+07 1.5289019202e-38 5.4856352854e-39 2.1942541142e-15 1.2000000000e+08 5.6359184263e-01
8.4906766674e-01 8.4906766674e-17 1.0000000000e-16 4.0000000000e+07 -8.1372441865e-39 -3.5542123719e-37 -1.4216849488e-13 1.2000000000e+08 5.6359184263e-01
8.9900408124e-01 8.9900408124e-17 1.0000000000e-16 4.0000000000e+07 -1.5270514342e-39 8.3579722514e-37 3.3431889006e-13 1.2000000000e+08 5.6359184263e-01
9.4894049574e-01 9.4894049574e-17 1.0000000000e-16 4.0000000000e+07 6.9809808565e-39 -9.5835448152e-37 -3.8334179261e-13 1.2000000000e+08 5.6359184263e-01
9.9887691023e-01 9.9887691023e-17 1.0000000000e-16 4.0000000000e+07 -1.6093658622e-39 1.0260819656e-36 4.1043278624e-13 1.2000000000e+08 5.6359184263e-01
1.0488133247e+00 1.0488133247e-16 1.0000000000e-16 4.0000000000e+07 -4.7712079619e-39 -1.3943917488e-36 -5.5775669952e-13 1.2000000000e+08 5.6359184263e-01
1.0987497392e+00 1.0987497392e-16 1.0000000000e-16 4.0000000000e+07 -1.4022945158e-39 1.8122340406e-36 7.2489361623e-13 1.2000000000e+08 5.6359184263e-01
1.1486861537e+00 1.1486861537e-16 1.0000000000e-16 4.0000000000e+07 2.1241474512e-38 -1.6837226869e-36 -6.7348907477e-13 1.2000000000e+08 5.6359184263e-01
1.1986225682e+00 1.1986225682e-16 1.0000000000e-16 4.0000000000e+07 -3.6409845635e-38 8.3820744967e-37 3.3528297987e-13 1.2000000000e+08 5.6359184263e-01
1.2485589827e+00 1.2485589827e-16 1.0000000000e-16 4.0000000000e+07 3.2417940743e-38 2.0056324278e-37 8.0225297112e-14 1.2000000000e+08 5.6359184263e-01
1.2984953972e+00 1.2984953972e-16 1.0000000000e-16 4.0000000000e+07 -1.2089855003e-38 -6.5453609801e-37 -2.6181443921e-13 1.2000000000e+08 5.6359184263e-01
1.3484318117e+00 1.3484318117e-16 1.0000000000e-16 4.0000000000e+07 -6.0814279580e-39 1.5483525860e-37 6.1934103439e-14 1.2000000000e+08 5.6359184263e-01
1.3983682262e+00 1.3983682262e-16 1.0000000000e-16 4.0000000000e+07 -1.2001668436e-38 -1.5392189352e-37 -6.1568757408e-14 1.2000000000e+08 5.6359184263e-01
1.4483046407e+00 1.4483046407e-16 1.0000000000e-16 4.0000000000e+07 -8.3933038035e-38 -4.1611626642e-36 -1.6644650657e-12 1.2000000000e+08 5.6359184263e-01
1.4982410552e+00 1.4982410552e-16 1.0000000000e-16 4.0000000000e+07 -7.8855979493e-37 -3.4483517088e-35 -1.3793406835e-11 1.2000000000e+08 5.6359184263e-01
1.5481774697e+00 1.5481774697e-16 1.0000000000e-16 4.0000000000e+07 -7.7006390178e-36 -3.6009750921e-34 -1.4403900369e-10 1.2000000000e+08 5.6359184263e-01
1.5981138842e+00 1.5981138842e-16 1.0000000000e-16 4.0000000000e+07 -8.2307384729e-35 -3.9148021071e-33 -1.5659208428e-09 1.2000000000e+08 5.6359184263e-01
1.6480502987e+00 1.6480502987e-16 1.0000000000e-16 4.0000000000e+07 -8.8809774029e-34 -4.1915161769e-32 -1.6766064707e-08 1.2000000000e+08 5.6359184263e-01
1.6979867132e+00 1.6979867132e-16 1.0000000000e-16 4.0000000000e+07 -9.1888953584e-33 -4.2214874960e-31 -1.6885949984e-07 1.2000000000e+08 5.6359184263e-01
1.7479231277e+00 1.7479231277e-16 1.0000000002e-16 4.0000000000e+07 -8.7722834181e-32 -3.8627184590e-30 -1.5450873833e-06 1.2000000000e+08 5.6359184263e-01
1.7978595422e+00 1.7978595422e-16 1.0000000019e-16 4.0000000002e+07 -7.5167783113e-31 -3.1324262041e-29 -1.2529704794e-05 1.2000000000e+08 5.6359184263e-01
1.8477959567e+00 1.8477959571e-16 1.0000000152e-16 4.0000000018e+07 -5.6740661860e-30 -2.2133805742e-28 -8.8535221662e-05 1.2000000000e+08 5.6359184263e-01
1.8977323712e+00 1.8977323740e-16 1.0000001082e-16 4.0000000130e+07 -3.7268049722e-29 -1.3471971234e-27 -5.3887879282e-04 1.2000000000e+08 5.6359184263e-01
1.9476687857e+00 1.9476688040e-16 1.0000006637e-16 4.0000000796e+07 -2.1137860693e-28 -7.0131233743e-27 -2.8052475437e-03 1.2000000000e+08 5.6359184263e-01
1.9976052002e+00 1.9976053048e-16 1.0000034892e-16 4.0000004187e+07 -1.0313342319e-27 -3.1102533148e-26 -1.2440971152e-02 1.2000000000e+08 5.6359184263e-01
2.0475416147e+00 2.0475421298e-16 1.0000156266e-16 4.0000018752e+07 -4.3212946448e-27 -1.1713401233e-25 -4.6852894748e-02 1.2000000000e+08 5.6359184263e-01
2.0974780292e+00 2.0974802045e-16 1.0000592289e-16 4.0000071073e+07 -1.5521963051e-26 -3.7273424732e-25 -1.4908513368e-01 1.2000000000e+08 5.6359184263e-01
2.1474144437e+00 2.1474222814e-16 1.0001880852e-16 4.0000225681e+07 -4.7768191982e-26 -1.0026845874e-24 -4.0100067550e-01 1.2000000000e+08 5.6359184263e-01
2.1973508582e+00 2.1973748083e-16 1.0004949835e-16 4.0000593836e+07 -1.2744412382e-25 -2.3663547599e-24 -9.4608765842e-01 1.2000000001e+08 5.6359184263e-01
2.2472872727e+00 2.2473495446e-16 1.0011035170e-16 4.0001323497e+07 -3.1575889114e-25 -5.6162657102e-24 -2.2441042080e+00 1.2000000002e+08 5.6359184263e-01
2.2972236872e+00 2.2973682698e-16 1.0023586121e-16 4.0002827028e+07 -7.6540353040e-25 -1.3878680965e-23 -5.5388008576e+00 1.2000000008e+08 5.6359184263e-01
2.3471601017e+00 2.3474924808e-16 1.0058325077e-16 4.0006978719e+07 -2.0576487298e-24 -4.5662417440e-23 -1.8162222326e+01 1.2000000012e+08 5.6359184263e-01
2.3970965162e+00 2.3979907285e-16 1.0201760418e-16 4.0023970286e+07 -6.9486146075e-24 -1.7552929053e-22 -6.8864380462e+01 1.2000000013e+08 5.6359184263e-01
2.4470329307e+00 2.4501387657e-16 1.0805166479e-16 4.0092928487e+07 -2.0808771921e-23 -3.7392342504e-22 -1.3874552668e+02 1.2000000396e+08 5.6359184263e-01
2.4969693452e+00 2.5073014742e-16 1.2195646377e-16 4.0238190190e+07 -5.0100936888e-23 -9.5740890408e-22 -3.1588650885e+02 1.1999999243e+08 5.6359184263e-01
2.5469057597e+00 2.5725683282e-16 1.3976057105e-16 4.0401714114e+07 -1.2840069789e-22 -2.1909707013e-21 -6.3336154997e+02 1.2000000428e+08 5.6359184263e-01
2.5968421742e+00 2.6474672076e-16 1.6098371616e-16 4.0571362911e+07 -2.6979150433e-22 -3.5574517999e-21 -8.9655445563e+02 1.2000000971e+08 5.6359184263e-01
2.6467785887e+00 2.7344733773e-16 1.8875748518e-16 4.0762330546e+07 -4.9362634970e-22 -5.4783795207e-21 -1.1830604580e+03 1.1999993857e+08 5.6359184263e-01
2.6967150032e+00 2.8376768996e-16 2.2646278319e-16 4.0980928263e+07 -8.3727931874e-22 -8.4095709238e-21 -1.5218042360e+03 1.2000010475e+08 5.6359184263e-01
2.7466514177e+00 2.9631041697e-16 2.7860333983e-16 4.1229536229e+07 -1.3685637989e-21 -1.3286256713e-20 -1.9661867758e+03 1.1999998149e+08 5.6359184263e-01
2.7965878322e+00 3.1195362276e-16 3.5200835103e-16 4.1510209761e+07 -2.1986995291e-21 -2.0430088238e-20 -2.4091963890e+03 1.2000008144e+08 5.6359184263e-01
2.8465242466e+00 3.3201538643e-16 4.5768294084e-16 4.1825088186e+07 -3.4794125582e-21 -3.2115561753e-20 -2.9348618500e+03 1.1999965714e+08 5.6359184263e-01
2.8964606611e+00 3.5850439911e-16 6.1340547431e-16 4.2176728566e+07 -5.5358991155e-21 -5.0417557530e-20 -3.4666264452e+03 1.2000028883e+08 5.6359184263e-01
2.9463970756e+00 3.9462498485e-16 8.4945043968e-16 4.2567193306e+07 -8.7796625016e-21 -8.3718712517e-20 -4.1952660833e+03 1.1999969050e+08 5.6359184263e-01
2.9963334901e+00 4.4560526631e-16 1.2199755528e-15 4.3001862827e+07 -1.4174077183e-20 -1.3684995775e-19 -4.8237057680e+03 1.2000045764e+08 5.6359184263e-01
3.0462699046e+00 5.2027810428e-16 1.8189441372e-15 4.3480688820e+07 -2.3359128220e-20 -2.3624421557e-19 -5.6472659125e+03 1.1999911586e+08 5.6359184263e-01
3.0962063191e+00 6.3435673077e-16 2.8339593666e-15 4.4013548382e+07 -3.9453218232e-20 -4.3516908998e-19 -6.7585075573e+03 1.2000119149e+08 5.6359184263e-01
3.1461427336e+00 8.1519748200e-16 4.6109413509e-15 4.4596873208e+07 -6.7975463748e-20 -7.4147143963e-19 -7.1714873957e+03 1.1999906689e+08 5.6359184263e-01
3.1960791481e+00 1.1215787337e-15 7.7656837307e-15 4.5222743079e+07 -1.2617475860e-19 -1.6008280615e-18 -9.3222745932e+03 1.1999995886e+08 5.6359184263e-01
3.2460155626e+00 1.6298459277e-15 1.4328307827e-14 4.5958196883e+07 -2.1757149308e-19 -2.4079960600e-18 -7.7236724917e+03 1.2000107270e+08 5.6359184263e-01
3.2959519771e+00 2.7797449877e-15 2.7477620780e-14 4.6738606554e+07 -5.1598217707e-19 -9.5260517797e-18 -1.6203527580e+04 1.1999861594e+08 5.6359184263e-01
3.3458883916e+00 3.4732176965e-15 2.8043934143e-15 4.4001127745e+07 -7.4755029607e-19 -4.1299081657e-19 -6.4798546396e+03 1.2000164011e+08 5.6359184263e-01
3.3958248061e+00 3.5153245255e-15 1.9696163991e-16 4.0812691591e+07 -7.4923670397e-19 1.4708953266e-20 3.0478623834e+03 1.1999789816e+08 5.6359184263e-01
3.4457612206e+00 3.5225800366e-15 1.3989326262e-16 4.0403435255e+07 -7.4926271142e-19 -1.1163409984e-20 -3.2241732308e+03 1.2000173434e+08 5.6359184263e-01
3.4956976351e+00 3.5306855053e-15 1.8279162157e-16 4.0723642989e+07 -7.5007880811e-19 -2.0439094459e-20 -4.5535696802e+03 1.1999950281e+08 5.6359184263e-01
3.5456340496e+00 3.5404561002e-15 2.0719795096e-16 4.0874042374e+07 -7.5106952994e-19 -1.5707040432e-20 -3.0985356428e+03 1.1999952194e+08 5.6359184263e-01
3.5955704641e+00 3.5513911582e-15 2.3132507056e-16 4.1006560486e+07 -7.5164705462e-19 -9.1285676870e-21 -1.6182040369e+03 1.2000051503e+08 5.6359184263e-01
3.6455068786e+00 3.5637119990e-15 2.6376770980e-16 4.1163654774e+07 -7.5214874293e-19 -1.2289715483e-20 -1.9179360726e+03 1.1999934830e+08 5.6359184263e-01
3.6954432931e+00 3.5781930880e-15 3.2867490386e-16 4.1428442087e+07 -7.5320879202e-19 -3.4191580876e-20 -4.3097416674e+03 1.2000163245e+08 5.6359184263e-01
3.7453797076e+00 3.5983275369e-15 4.9432495897e-16 4.1917090584e+07 -7.5535130414e-19 -5.0260093659e-20 -4.2618865595e+03 1.1999846351e+08 5.6359184263e-01
3.7953161221e+00 3.6303435120e-15 8.3824523968e-16 4.2551301471e+07 -7.5878983870e-19 -1.0942307086e-19 -5.5545726428e+03 1.1999981161e+08 5.6359184263e-01
3.8452525366e+00 3.6891958046e-15 1.6028168132e-15 4.3329325558e+07 -7.6724158510e-19 -2.3867403775e-19 -6.4521316463e+03 1.2000030134e+08 5.6359184263e-01
3.8951889511e+00 3.8028402303e-15 3.1305828990e-15 4.4132914000e+07 -7.9629186493e-19 -1.1666627432e-18 -1.6446849732e+04 1.2000095660e+08 5.6359184263e-01
3.9451253656e+00 4.0329686276e-15 6.5408523977e-15 4.5016695793e+07 -8.9761114914e-19 -3.0719560095e-18 -2.1142398691e+04 1.1999978014e+08 5.6359184263e-01
3.9950617801e+00 4.5474636181e-15 1.5717073006e-14 4.6068470748e+07 -1.2480271726e-18 -1.3688223910e-17 -4.0121690759e+04 1.1999918877e+08 5.6359184263e-01
4.0449981946e+00 5.8545988958e-15 3.9469643186e-14 4.7173697165e+07 -2.7355556231e-18 -5.3582219136e-17 -6.4040897634e+04 1.1999999796e+08 5.6359184263e-01
4.0949346091e+00 9.3160394819e-15 1.2170591460e-13 4.8525103700e+07 -8.5625764378e-18 -2.1585061643e-16 -8.6061335475e+04 1.2000036327e+08 5.6359184263e-01
4.1448710236e+00 2.2970852325e-14 5.1987602687e-13 5.0267855500e+07 -3.7339285513e-17 -1.2693853770e-15 -1.2273941749e+05 1.2000141135e+08 5.6359184263e-01
4.1948074381e+00 1.0852320815e-13 4.5513668591e-12 5.2870042482e+07 -3.0065119988e-16 -1.5860591943e-14 -1.8424139292e+05 1.1999871685e+08 5.6359184263e-01
4.2447438526e+00 1.4763326196e-12 9.1718943492e-11 5.6474062586e+07 -6.2956162588e-15 -4.1469473903e-13 -2.5533979955e+05 1.1999945686e+08 5.6359184263e-01
4.2946802671e+00 2.0167111731e-08 9.8330805199e-06 7.0371558680e+07 1.6027984116e-10 8.6927776726e-08 6.2210851710e+05 1.2000057569e+08 5.6359184359e-01
4.3446166816e+00 1.0403190010e-01 5.9597431045e+00 7.2606037483e+07 -9.2343109087e-04 -1.2049714835e-01 -1.4679861726e+06 1.2000030057e+08 4.4828117670e-01
4.3945530961e+00 4.6065301855e-01 6.6861055348e+00 4.4278723060e+07 -6.6039270227e-03 -3.4228245244e-03 -2.2667649861e+04 1.2000113538e+08 2.1142372578e-01
4.4444895106e+00 7.4109034827e-01 4.9506703477e+00 3.4173472487e+07 -4.6475957631e-03 4.4987811594e-02 3.1054173148e+05 1.1999780899e+08 1.3050186759e-01
4.4944259251e+00 9.7384436615e-01 4.3889864144e+00 2.9961152466e+07 -4.0969520778e-03 -3.2974234417e-02 -2.2509663315e+05 1.2000032692e+08 9.6667889094e-02
4.5443623396e+00 1.1777244293e+00 3.7861312059e+00 2.7840637782e+07 -5.9670804836e-03 -1.1396954953e-02 -8.3805467217e+04 1.2000090600e+08 8.0503627687e-02
4.5942987541e+00 1.3556587555e+00 3.3380342141e+00 2.6748221141e+07 -6.8652590213e-03 -4.1384256492e-02 -3.3161890304e+05 1.1999974885e+08 7.2693955931e-02
4.6442351686e+00 1.5122729119e+00 2.9901523843e+00 2.6173659304e+07 -9.2986000122e-03 -3.7184397955e-02 -3.2548567377e+05 1.2000146496e+08 6.9011415251e-02
4.6941715831e+00 1.6549762571e+00 2.6774679354e+00 2.5834584413e+07 -1.0555366973e-02 -3.5846466016e-02 -3.4587848465e+05 1.1999704403e+08 6.7305512624e-02
4.7441079976e+00 1.7815971840e+00 2.4533148914e+00 2.5686771689e+07 -1.2909187572e-02 -4.1860426423e-02 -4.3828830132e+05 1.1999753134e+08 6.6960858875e-02
4.7940444121e+00 1.9000605950e+00 2.2646509417e+00 2.5614006487e+07 -1.4549182480e-02 -3.4874226701e-02 -3.9443989027e+05 1.2000676088e+08 6.7134194116e-02
4.8439808266e+00 2.0078574793e+00 2.0728734253e+00 2.5587330741e+07 -1.6496296867e-02 -3.4198138394e-02 -4.2213821024e+05 1.1999843587e+08 6.7816214109e-02
4.8939172411e+00 2.1092815699e+00 1.9965209379e+00 2.5645173352e+07 -1.7846242750e-02 -2.3714890846e-02 -3.0461613261e+05 1.1999529681e+08 6.8665874979e-02
4.9438536556e+00 2.2048346369e+00 1.8232352652e+00 2.5655584123e+07 -1.9071396789e-02 -2.4307918696e-02 -3.4204793252e+05 1.2000533862e+08 6.9647268109e-02
4.9937900701e+00 2.2943691410e+00 1.7696568578e+00 2.5750878268e+07 -2.0121794512e-02 -1.7225457911e-02 -2.5065349127e+05 1.1999832730e+08 7.0743493536e-02
5.0437264845e+00 2.3798584459e+00 1.6524417878e+00 2.5800535403e+07 -2.0960302809e-02 -1.6705875474e-02 -2.6083855709e+05 1.1999257068e+08 7.1854109841e-02
5.0936628990e+00 2.4602232207e+00 1.5815142736e+00 2.5894755557e+07 -2.1644732192e-02 -1.2217193965e-02 -2.0003692448e+05 1.2000705939e+08 7.3047607057e-02
5.1435993135e+00 2.5383564743e+00 1.5265516498e+00 2.5985006266e+07 -2.2251121654e-02 -1.1655030225e-02 -1.9839226106e+05 1.2000467024e+08 7.4157455445e-02
5.1935357280e+00 2.6122598466e+00 1.4608607182e+00 2.6072488854e+07 -2.2827389909e-02 -1.0869005183e-02 -1.9398291223e+05 1.2000003341e+08 7.5334426893e-02
5.2434721425e+00 2.6847539569e+00 1.4204603369e+00 2.6165798714e+07 -2.3252332953e-02 -6.9169876053e-03 -1.2741538829e+05 1.1999294147e+08 7.6401922512e-02
5.2934085570e+00 2.7536724912e+00 1.3608955441e+00 2.6250500162e+07 -2.3636783211e-02 -7.5552200163e-03 -1.4573367156e+05 1.1999674617e+08 7.7530055923e-02
5.3433449715e+00 2.8215358935e+00 1.3358976156e+00 2.6352458461e+07 -2.3896155889e-02 -4.2619813078e-03 -8.4073572752e+04 1.2000403308e+08 7.8549404412e-02
5.3932813860e+00 2.8866468889e+00 1.2901113247e+00 2.6437785616e+07 -2.4204918745e-02 -6.9559425743e-03 -1.4254561992e+05 1.2000823103e+08 7.9603473383e-02
5.4432178005e+00 2.9513136246e+00 1.2917414559e+00 2.6547180437e+07 -2.4483232182e-02 -5.0019813499e-03 -1.0279804897e+05 1.1999311929e+08 8.0528330255e-02
5.4931542150e+00 3.0146979153e+00 1.2441120368e+00 2.6608413640e+07 -2.4733780487e-02 -4.6135248738e-03 -9.8671642544e+04 1.1999402686e+08 8.1412669848e-02
5.5430906295e+00 3.0761562389e+00 1.2337227145e+00 2.6709263212e+07 -2.5001046118e-02 -6.0183437349e-03 -1.3029307560e+05 1.2000878663e+08 8.2310392636e-02
5.5930270440e+00 3.1380264853e+00 1.2283760535e+00 2.6792025887e+07 -2.5224049887e-02 -3.5644498984e-03 -7.7743972361e+04 1.2000522961e+08 8.3048177486e-02
5.6429634585e+00 3.1983025309e+00 1.2023866958e+00 2.6853422545e+07 -2.5464410298e-02 -5.5458532024e-03 -1.2385794017e+05 1.1998812682e+08 8.3806895243e-02
5.6928998730e+00 3.2589522906e+00 1.2143707081e+00 2.6942180471e+07 -2.5744634958e-02 -5.6606255597e-03 -1.2558734692e+05 1.1999878682e+08 8.4427120042e-02
5.7428362875e+00 3.3187712388e+00 1.1859518462e+00 2.6988298749e+07 -2.6015683889e-02 -5.7757194013e-03 -1.3143606226e+05 1.2000857460e+08 8.5030221816e-02
5.7927727020e+00 3.3781204927e+00 1.1929063581e+00 2.7060624354e+07 -2.6386660493e-02 -8.4724661309e-03 -1.9219465280e+05 1.2000369619e+08 8.5586138335e-02
5.8427091165e+00 3.4374952592e+00 1.1752266874e+00 2.7097204150e+07 -2.6769739782e-02 -6.9708372052e-03 -1.6072660778e+05 1.1998988117e+08 8.6064661915e-02
5.8926455310e+00 3.4937156884e+00 1.0501490802e+00 2.7044429477e+07 -2.7188779932e-02 -1.1368797351e-02 -2.9277999094e+05 1.1999585400e+08 8.6749119402e-02
5.9425819455e+00 3.5403323359e+00 8.1931419421e-01 2.6911724959e+07 -2.7988465451e-02 -2.0074755896e-02 -6.5938844111e+05 1.2000623922e+08 8.8160221015e-02
5.9925183600e+00 3.5780576520e+00 7.3160802496e-01 2.7011168206e+07 -2.9093928627e-02 -2.3393441425e-02 -8.6369225005e+05 1.2000625638e+08 9.0167258935e-02
6.0424547745e+00 3.6163493413e+00 8.1532536852e-01 2.7358067539e+07 -3.0203049565e-02 -1.9424467665e-02 -6.5178383846e+05 1.2000117145e+08 9.1934438954e-02
6.0923911890e+00 3.6597255105e+00 9.1710430306e-01 2.7639693572e+07 -3.0914507906e-02 -8.8822911335e-03 -2.6769452976e+05 1.1999386129e+08 9.3065610098e-02
6.1423276035e+00 3.7079402529e+00 1.0161061848e+00 2.7828984875e+07 -3.1101411468e-02 1.4789602374e-03 4.0505571852e+04 1.1999173322e+08 9.3610289090e-02
6.1922640180e+00 3.7605595579e+00 1.0815975895e+00 2.7910895909e+07 -3.0740887102e-02 1.2753717876e-02 3.2911287481e+05 1.2000507424e+08 9.3656636822e-02
6.2422004325e+00 3.8157952280e+00 1.1373734839e+00 2.7942356852e+07 -2.9896614172e-02 2.0636615213e-02 5.0698884287e+05 1.2000590065e+08 9.3434773018e-02
6.2921368470e+00 3.8744732522e+00 1.2057325902e+00 2.7943153575e+07 -2.8650371556e-02 2.9605407790e-02 6.8611271128e+05 1.2000224903e+08 9.2894465854e-02
6.3420732615e+00 3.9356053207e+00 1.2432861522e+00 2.7890512226e+07 -2.6996174797e-02 3.5605764808e-02 7.9874051271e+05 1.1999617978e+08 9.2184591192e-02
6.3920096760e+00 3.9991187483e+00 1.3018282983e+00 2.7843062052e+07 -2.5115956843e-02 4.0180255303e-02 8.5936167090e+05 1.1999824502e+08 9.1339055513e-02
6.4419460905e+00 4.0649767253e+00 1.3306016269e+00 2.7754282536e+07 -2.2997466201e-02 4.3527882510e-02 9.0792399839e+05 1.1999885145e+08 9.0392087008e-02
6.4918825050e+00 4.1324119125e+00 1.3736659596e+00 2.7679077257e+07 -2.0834164215e-02 4.3493536479e-02 8.7638552009e+05 1.1999938085e+08 8.9437858205e-02
6.5418189195e+00 4.2016738322e+00 1.3953392399e+00 2.7580825749e+07 -1.8630873569e-02 4.4070979855e-02 8.7112436977e+05 1.1999875427e+08 8.8462969201e-02
6.5917553340e+00 4.2722456287e+00 1.4361939983e+00 2.7506465956e+07 -1.6520246710e-02 4.0361952408e-02 7.7302556001e+05 1.2000349638e+08 8.7522463564e-02
6.6416917485e+00 4.3447240262e+00 1.4603304257e+00 2.7413199915e+07 -1.4565406243e-02 3.7952650869e-02 7.1244396973e+05 1.2000392004e+08 8.6565172069e-02
6.6916281630e+00 4.4181307258e+00 1.4869239853e+00 2.7330274805e+07 -1.2770132800e-02 3.3706651728e-02 6.1954213099e+05 1.1999892354e+08 8.5685454830e-02
6.7415645775e+00 4.4935228206e+00 1.5260357514e+00 2.7254493683e+07 -1.1201844872e-02 2.8863941433e-02 5.1550044535e+05 1.1999620955e+08 8.4782290816e-02
6.7915009920e+00 4.5699291122e+00 1.5354135664e+00 2.7165143263e+07 -9.9226830816e-03 2.2153025108e-02 3.9194007006e+05 1.2000101148e+08 8.3951387104e-02
6.8414374065e+00 4.6475448680e+00 1.5766488851e+00 2.7104310855e+07 -9.0141372524e-03 1.4191823995e-02 2.4397290532e+05 1.2000216224e+08 8.3163394087e-02
6.8913738210e+00 4.7270501172e+00 1.6013004999e+00 2.7025108450e+07 -8.5024315975e-03 6.1311566083e-03 1.0347537659e+05 1.1999074235e+08 8.2362653022e-02
6.9413102355e+00 4.8074450381e+00 1.6236773771e+00 2.6955862201e+07 -8.4502619965e-03 -4.5364519532e-03 -7.5312975012e+04 1.1999634179e+08 8.1635702262e-02
6.9912466500e+00 4.8893681998e+00 1.6530013240e+00 2.6894154978e+07 -8.9670302005e-03 -1.6046640856e-02 -2.6107713272e+05 1.2001279595e+08 8.0921047710e-02
7.0411830645e+00 4.9722440330e+00 1.6696384509e+00 2.6824885426e+07 -1.0083753600e-02 -2.9368851513e-02 -4.7184830736e+05 1.2001325612e+08 8.0265994240e-02
7.0911194790e+00 5.0563226909e+00 1.6906999674e+00 2.6752448302e+07 -1.2038760723e-02 -5.1743626328e-02 -8.1875478497e+05 1.1999328201e+08 7.9640969275e-02
7.1410558935e+00 5.1401940264e+00 1.6773001903e+00 2.6647452326e+07 -1.5733157965e-02 -1.0088272018e-01 -1.6027348544e+06 1.1998341733e+08 7.9147817353e-02
7.1909923080e+00 5.2276119402e+00 1.8743486193e+00 2.6654624467e+07 -2.2306785563e-02 -1.6009224207e-01 -2.2766301575e+06 1.1999593674e+08 7.8460785675e-02
7.2409287225e+00 5.3309998055e+00 2.2770262232e+00 2.6689430928e+07 -3.1139836689e-02 -1.8587112464e-01 -2.1786286394e+06 1.2000294255e+08 7.6722245202e-02
7.2908651370e+00 5.4542707954e+00 2.6352334021e+00 2.6573552726e+07 -4.0140246227e-02 -1.6746093383e-01 -1.6886671029e+06 1.2001260113e+08 7.3995886020e-02
7.3408015514e+00 5.5906254979e+00 2.7835869628e+00 2.6328287033e+07 -4.7198044259e-02 -1.1138641550e-01 -1.0535375966e+06 1.2000182085e+08 7.1166537442e-02
7.3907379659e+00 5.7286165835e+00 2.7176643838e+00 2.6062813126e+07 -5.1332062240e-02 -5.8660294479e-02 -5.6256111021e+05 1.2000093572e+08 6.9079093002e-02
7.4406743804e+00 5.8606051605e+00 2.5634891543e+00 2.5860962328e+07 -5.3486565861e-02 -3.0903090445e-02 -3.1175620794e+05 1.2000246122e+08 6.7947620114e-02
7.4906107949e+00 5.9845636010e+00 2.4040918597e+00 2.5737199843e+07 -5.4632316634e-02 -1.6722275124e-02 -1.7902166881e+05 1.1999125725e+08 6.7570139925e-02
7.5405472094e+00 6.1010658587e+00 2.2653613081e+00 2.5680902599e+07 -5.5285986203e-02 -1.0258509258e-02 -1.1629393339e+05 1.1999416914e+08 6.7688450580e-02
7.5904836239e+00 6.2109620744e+00 2.1381786832e+00 2.5664527802e+07 -5.5682959446e-02 -5.8224843047e-03 -6.9887194876e+04 1.1999584181e+08 6.8126251577e-02
7.6404200384e+00 6.3147516011e+00 2.0228296158e+00 2.5678428914e+07 -5.5907414205e-02 -3.5194661238e-03 -4.4677198696e+04 1.2000286986e+08 6.8784214468e-02
7.6903564529e+00 6.4134935772e+00 1.9342724112e+00 2.5718930500e+07 -5.6039703648e-02 -1.7165037739e-03 -2.2823383619e+04 1.2000602132e+08 6.9563752358e-02
7.7402928674e+00 6.5079231662e+00 1.8490134974e+00 2.5766064736e+07 -5.6088482881e-02 -4.2115102475e-04 -5.8687535718e+03 1.2000390214e+08 7.0411211994e-02
7.7902292819e+00 6.5984971216e+00 1.7837330162e+00 2.5829792573e+07 -5.6083735173e-02 6.2504057057e-04 9.0510564870e+03 1.2000626439e+08 7.1297482279e-02
7.8401656964e+00 6.6862048929e+00 1.7272846880e+00 2.5893845621e+07 -5.6044926055e-02 6.5472199514e-04 9.8149832418e+03 1.1999671270e+08 7.2169955464e-02
7.8901021109e+00 6.7709457726e+00 1.6692557603e+00 2.5956998962e+07 -5.6025671211e-02 2.1943554962e-04 3.4122322470e+03 1.1999162426e+08 7.3047148848e-02
7.9400385254e+00 6.8531950444e+00 1.6261064689e+00 2.6031152310e+07 -5.6019935279e-02 -6.0619056405e-05 -9.7040625592e+02 1.2000224819e+08 7.3907726593e-02
7.9899749399e+00 6.9333193030e+00 1.5844088509e+00 2.6099765314e+07 -5.6040024641e-02 -8.7018353667e-04 -1.4334422629e+04 1.2000131267e+08 7.4740917234e-02
8.0399113544e+00 7.0116628911e+00 1.5542489542e+00 2.6171263652e+07 -5.6116552950e-02 -2.2162286610e-03 -3.7318027104e+04 1.1999752410e+08 7.5535836183e-02
8.0898477689e+00 7.0884247993e+00 1.5179301936e+00 2.6232412937e+07 -5.6268720111e-02 -4.0115961466e-03 -6.9327197720e+04 1.1999168431e+08 7.6292981864e-02
8.1397841834e+00 7.1632414824e+00 1.4808933161e+00 2.6294955406e+07 -5.6515839493e-02 -5.7094296834e-03 -1.0137745730e+05 1.1999964259e+08 7.7047500275e-02
8.1897205979e+00 7.2364051155e+00 1.4486845900e+00 2.6359870484e+07 -5.6852605282e-02 -8.1398774875e-03 -1.4811099518e+05 1.2001318055e+08 7.7785285286e-02
8.2396570124e+00 7.3077951547e+00 1.4103542783e+00 2.6414857167e+07 -5.7333708626e-02 -1.0872535572e-02 -2.0363427728e+05 1.2000867321e+08 7.8522845813e-02
8.2895934269e+00 7.3772485505e+00 1.3696333368e+00 2.6466919944e+07 -5.7935289922e-02 -1.3493681429e-02 -2.6075313481e+05 1.1999631406e+08 7.9276414055e-02
8.3395298414e+00 7.4444618224e+00 1.3224378684e+00 2.6518120814e+07 -5.8696710667e-02 -1.6755530576e-02 -3.3598945911e+05 1.1999074281e+08 8.0070888007e-02
8.3894662559e+00 7.5090724058e+00 1.2620432406e+00 2.6566314672e+07 -5.9579412023e-02 -1.8451770222e-02 -3.8841421453e+05 1.1999760429e+08 8.0933273088e-02
8.4394026704e+00 7.5705035141e+00 1.2019574151e+00 2.6624252924e+07 -6.0542176838e-02 -2.0317240360e-02 -4.5004202254e+05 1.2000213052e+08 8.1903481947e-02
8.4893390849e+00 7.6291617899e+00 1.1434215228e+00 2.6687039841e+07 -6.1622101048e-02 -2.2742184831e-02 -5.3079427016e+05 1.1999785893e+08 8.2945870498e-02
8.5392754994e+00 7.6843165173e+00 1.0644235407e+00 2.6741069355e+07 -6.2782346023e-02 -2.3573464665e-02 -5.9222633610e+05 1.1999997688e+08 8.4118780199e-02
8.5892119139e+00 7.7356134936e+00 9.9268727126e-01 2.6815362657e+07 -6.3989338556e-02 -2.4861010466e-02 -6.7156800635e+05 1.2000249544e+08 8.5446058922e-02
8.6391483284e+00 7.7833459512e+00 9.1575018021e-01 2.6891825441e+07 -6.5239817848e-02 -2.4866598295e-02 -7.3022996347e+05 1.2000185704e+08 8.6903598751e-02
8.6890847429e+00 7.8268053931e+00 8.2502037620e-01 2.6963997343e+07 -6.6454436805e-02 -2.3721498748e-02 -7.7528561437e+05 1.2000415045e+08 8.8554535560e-02
8.7390211574e+00 7.8659718549e+00 7.4601319173e-01 2.7062426781e+07 -6.7605730838e-02 -2.2247167029e-02 -8.0703978896e+05 1.1999646499e+08 9.0403441643e-02
8.7889575719e+00 7.9012997094e+00 6.6832731502e-01 2.7171649325e+07 -6.8655998837e-02 -1.9721017101e-02 -8.0178162547e+05 1.1999241047e+08 9.2419885486e-02
8.8388939864e+00 7.9326332389e+00 5.8697571826e-01 2.7283916888e+07 -6.9574878263e-02 -1.7184582478e-02 -7.9877702861e+05 1.2000361249e+08 9.4631770395e-02
8.8888304009e+00 7.9600833346e+00 5.1467788022e-01 2.7417132126e+07 -7.0383551045e-02 -1.5260682020e-02 -8.1294369035e+05 1.2001160907e+08 9.7044488539e-02
8.9387668154e+00 7.9840759533e+00 4.4586383921e-01 2.7552475585e+07 -7.1098092481e-02 -1.3337405680e-02 -8.2419454565e+05 1.1999781249e+08 9.9636698305e-02
8.9887032299e+00 8.0046915536e+00 3.8192801012e-01 2.7699540574e+07 -7.1717965044e-02 -1.1559830142e-02 -8.3838308675e+05 1.1999327092e+08 1.0242226672e-01
9.0386396444e+00 8.0222672783e+00 3.2187019204e-01 2.7851125269e+07 -7.2254528000e-02 -9.9250699863e-03 -8.5880697975e+05 1.1999914258e+08 1.0539001976e-01
9.0885760589e+00 8.0367679776e+00 2.5828371506e-01 2.7967336300e+07 -7.2706537874e-02 -8.1468991208e-03 -8.8215808522e+05 1.1999736930e+08 1.0856886940e-01
9.1385124734e+00 8.0481202031e+00 1.9844630990e-01 2.8060537910e+07 -7.3068903713e-02 -6.4055610815e-03 -9.0575375100e+05 1.1999456377e+08 1.1199279239e-01
9.1884488879e+00 8.0567264224e+00 1.4743371394e-01 2.8142904017e+07 -7.3347890652e-02 -4.7938045328e-03 -9.1506601331e+05 1.2000305263e+08 1.1563667083e-01
9.2383853024e+00 8.0629761881e+00 1.0502288220e-01 2.8187663187e+07 -7.3551340738e-02 -3.4194862306e-03 -9.1777452802e+05 1.2000794946e+08 1.1939242632e-01
9.2883217169e+00 8.0674427722e+00 7.6198554052e-02 2.8206111468e+07 -7.3696524339e-02 -2.4710737085e-03 -9.1470738960e+05 1.2000221314e+08 1.2276284910e-01
9.3382581314e+00 8.0707619444e+00 5.8059162056e-02 2.8196519284e+07 -7.3804006749e-02 -1.8764345819e-03 -9.1129327399e+05 1.1999851897e+08 1.2540610019e-01
9.3881945459e+00 8.0733337803e+00 4.5732666037e-02 2.8158850800e+07 -7.3886728907e-02 -1.4605984033e-03 -8.9933030549e+05 1.1999897578e+08 1.2747343993e-01
9.4381309603e+00 8.0753939242e+00 3.7372978697e-02 2.8117627010e+07 -7.3951839057e-02 -1.1654794407e-03 -8.7685053063e+05 1.2000157316e+08 1.2913699457e-01
9.4880673748e+00 8.0771138696e+00 3.1913707107e-02 2.8096503934e+07 -7.4004558506e-02 -9.5862086409e-04 -8.4396008237e+05 1.2000219739e+08 1.3053027656e-01
9.5380037893e+00 8.0786094820e+00 2.8208740971e-02 2.8094561028e+07 -7.4048420273e-02 -8.0397386347e-04 -8.0071963495e+05 1.1999877591e+08 1.3174427408e-01
9.5879402038e+00 8.0799460722e+00 2.5471927986e-02 2.8102858644e+07 -7.4085447825e-02 -6.8784180440e-04 -7.5888723497e+05 1.1999559291e+08 1.3283057546e-01
9.6378766183e+00 8.0811665039e+00 2.3493224107e-02 2.8125128850e+07 -7.4117773147e-02 -6.0805181355e-04 -7.2793480903e+05 1.1999294795e+08 1.3382316007e-01
9.6878130328e+00 8.0822975590e+00 2.1872888274e-02 2.8151648227e+07 -7.4146138456e-02 -5.3078288082e-04 -6.8314768305e+05 1.1999614966e+08 1.3474333177e-01
9.7377494473e+00 8.0833587659e+00 2.0712522034e-02 2.8192756521e+07 -7.4171226479e-02 -4.7721903733e-04 -6.4956455349e+05 1.2000523223e+08 1.3560665477e-01
9.7876858618e+00 8.0843683790e+00 1.9720563920e-02 2.8234526412e+07 -7.4193736744e-02 -4.2328388012e-04 -6.0602830334e+05 1.2001030278e+08 1.3642761681e-01
9.8376222763e+00 8.0853309909e+00 1.8919366449e-02 2.8278619294e+07 -7.4213553936e-02 -3.7374229535e-04 -5.5862949285e+05 1.2000613365e+08 1.3721001041e-01
9.8875586908e+00 8.0862665920e+00 1.8614454352e-02 2.8348648676e+07 -7.4231335546e-02 -3.3955112137e-04 -5.1711510125e+05 1.1999600062e+08 1.3796955786e-01
9.9374951053e+00 8.0871897856e+00 1.8329249909e-02 2.8419478597e+07 -7.4247375046e-02 -3.0141457912e-04 -4.6734292035e+05 1.1999069142e+08 1.3871770262e-01
9.9874315198e+00 8.0880987431e+00 1.8166750847e-02 2.8498845064e+07 -7.4261401567e-02 -2.6357997699e-04 -4.1348752946e+05 1.1999490773e+08 1.3945309705e-01
1.0037367934e+01 8.0890140124e+00 1.8512279124e-02 2.8612157127e+07 -7.4274242662e-02 -2.5455136200e-04 -3.9342878949e+05 1.2000245790e+08 1.4019167452e-01
1.0087304349e+01 8.0899389340e+00 1.8356773345e-02 2.8693031660e+07 -7.4286730918e-02 -2.4076434743e-04 -3.7633297060e+05 1.2000851914e+08 1.4093598201e-01
1.0137240763e+01 8.0908308070e+00 1.7248772947e-02 2.8704064286e+07 -7.4297926686e-02 -2.0625548028e-04 -3.4323430329e+05 1.2000543447e+08 1.4165318784e-01
1.0187177178e+01 8.0916552745e+00 1.5811858994e-02 2.8676979884e+07 -7.4307151943e-02 -1.6365140732e-04 -2.9680432373e+05 1.1999338034e+08 1.4231701888e-01
1.0237113592e+01 8.0924139994e+00 1.4569871383e-02 2.8651980257e+07 -7.4314497882e-02 -1.3236564640e-04 -2.6030002515e+05 1.1999079096e+08 1.4292890531e-01
1.0287050007e+01 8.0931118212e+00 1.3443819431e-02 2.8625353532e+07 -7.4320430157e-02 -1.0668609539e-04 -2.2716217018e+05 1.1999898842e+08 1.4349268794e-01
1.0336986421e+01 8.0937591924e+00 1.2500009650e-02 2.8603899732e+07 -7.4325405089e-02 -9.4612956012e-05 -2.1650379343e+05 1.2001132862e+08 1.4401652857e-01
1.0386922836e+01 8.0943718863e+00 1.2235340893e-02 2.8636793544e+07 -7.4329883435e-02 -8.3982949733e-05 -1.9656194410e+05 1.2000666511e+08 1.4451271126e-01
1.0436859250e+01 8.0949845731e+00 1.2070306285e-02 2.8677453939e+07 -7.4333835221e-02 -7.5808169627e-05 -1.8011020112e+05 1.1999577529e+08 1.4500812633e-01
1.0486795665e+01 8.0955522440e+00 1.0652207541e-02 2.8581339741e+07 -7.4337469843e-02 -6.8521065235e-05 -1.8385145401e+05 1.1999025003e+08 1.4546796660e-01
1.0536732079e+01 8.0960648629e+00 1.0009793504e-02 2.8558718819e+07 -7.4340675077e-02 -6.1704761430e-05 -1.7604848000e+05 1.1999857909e+08 1.4588449028e-01
1.0586668494e+01 8.0965484620e+00 9.2791572791e-03 2.8515608001e+07 -7.4343804800e-02 -6.4045032548e-05 -1.9681561456e+05 1.2000172801e+08 1.4627792985e-01
1.0636604908e+01 8.0969930721e+00 8.5987365004e-03 2.8466561973e+07 -7.4347059483e-02 -6.6346554195e-05 -2.1964369958e+05 1.1999742618e+08 1.4664053943e-01
1.0686541323e+01 8.0974089623e+00 8.0372608655e-03 2.8426493630e+07 -7.4350425230e-02 -6.8522335030e-05 -2.4235243236e+05 1.1999893512e+08 1.4698033551e-01
1.0736477737e+01 8.0977966752e+00 7.5437524453e-03 2.8389070809e+07 -7.4354032340e-02 -7.8044792816e-05 -2.9370252611e+05 1.2000311278e+08 1.4729774673e-01
1.0786414152e+01 8.0981665604e+00 7.2681628202e-03 2.8381660637e+07 -7.4358288451e-02 -9.0508876888e-05 -3.5343074888e+05 1.2000954094e+08 1.4760089359e-01
1.0836350566e+01 8.0985170832e+00 6.7061213141e-03 2.8319587038e+07 -7.4362754836e-02 -8.6148469155e-05 -3.6380031856e+05 1.2001001247e+08 1.4788857373e-01
1.0886286981e+01 8.0988350282e+00 6.0824030778e-03 2.8230853753e+07 -7.4366944035e-02 -8.4089760038e-05 -3.9029404782e+05 1.1999869993e+08 1.4815038383e-01
1.0936223395e+01 8.0991319095e+00 5.8614487216e-03 2.8214246612e+07 -7.4371351084e-02 -9.2950515397e-05 -4.4741989373e+05 1.1999532652e+08 1.4839538255e-01
1.0986159810e+01 8.0994217495e+00 5.7511865906e-03 2.8219940879e+07 -7.4376215391e-02 -1.0234913243e-04 -5.0220705253e+05 1.1999809787e+08 1.4863464596e-01
1.1036096224e+01 8.0997106724e+00 5.9014114731e-03 2.8277267533e+07 -7.4381796415e-02 -1.2449206880e-04 -5.9651755369e+05 1.1999609523e+08 1.4887302207e-01
1.1086032639e+01 8.1000160874e+00 6.2952911097e-03 2.8380361650e+07 -7.4388867542e-02 -1.5775262920e-04 -7.1117865557e+05 1.1998735738e+08 1.4912424254e-01
1.1135969053e+01 8.1003312966e+00 6.2892807070e-03 2.8407422198e+07 -7.4397245807e-02 -1.7547399687e-04 -7.9258092397e+05 1.1998404221e+08 1.4938299310e-01
1.1185905468e+01 8.1006485722e+00 6.4673623034e-03 2.8473320380e+07 -7.4406484302e-02 -1.9611130856e-04 -8.6340301608e+05 1.1999722494e+08 1.4964317851e-01
1.1235841882e+01 8.1009703902e+00 6.2497988679e-03 2.8466349302e+07 -7.4416570566e-02 -2.0060391049e-04 -9.1370316197e+05 1.2001394471e+08 1.4990673478e-01
1.1285778297e+01 8.1012599737e+00 5.3501776085e-03 2.8311092339e+07 -7.4425873684e-02 -1.7043616103e-04 -9.0188293658e+05 1.2002410551e+08 1.5014477637e-01
1.1335714711e+01 8.1015180371e+00 5.2242534790e-03 2.8305060686e+07 -7.4434140098e-02 -1.7323688834e-04 -9.3859929603e+05 1.2001617908e+08 1.5035781205e-01
1.1385651126e+01 8.1018108621e+00 6.7803061121e-03 2.8633061099e+07 -7.4445039299e-02 -2.8450725072e-04 -1.2014669188e+06 1.1999747147e+08 1.5059809358e-01
1.1435587540e+01 8.1022045677e+00 8.7701553021e-03 2.8965171347e+07 -7.4463590511e-02 -4.4542495613e-04 -1.4711039579e+06 1.1998395870e+08 1.5091692609e-01
1.1485523955e+01 8.1026463381e+00 8.5638789263e-03 2.8976555193e+07 -7.4486633196e-02 -4.5172964323e-04 -1.5284626338e+06 1.1998431316e+08 1.5127265427e-01
1.1535460369e+01 8.1030467258e+00 7.4823700599e-03 2.8855123758e+07 -7.4507880639e-02 -4.0052150988e-04 -1.5445771384e+06 1.1999554302e+08 1.5159610482e-01
1.1585396784e+01 8.1033880675e+00 6.0674655975e-03 2.8641310453e+07 -7.4526114818e-02 -3.1874466005e-04 -1.5046257152e+06 1.2000662794e+08 1.5187350007e-01
1.1635333198e+01 8.1036480685e+00 4.4553824950e-03 2.8302540925e+07 -7.4539263324e-02 -2.1565245502e-04 -1.3699188433e+06 1.2000697849e+08 1.5208706221e-01
1.1685269613e+01 8.1038512278e+00 3.8498079131e-03 2.8146715076e+07 -7.4548958700e-02 -1.8404036156e-04 -1.3455558657e+06 1.1999974774e+08 1.5225559471e-01
1.1735206027e+01 8.1040397253e+00 3.6891537423e-03 2.8113206026e+07 -7.4558071348e-02 -1.7947199856e-04 -1.3676668483e+06 1.1999923418e+08 1.5241239243e-01
1.1785142442e+01 8.1042173009e+00 3.4292899795e-03 2.8044028976e+07 -7.4566668043e-02 -1.6521226924e-04 -1.3510719984e+06 1.1999929974e+08 1.5256040804e-01
1.1835078856e+01 8.1043849859e+00 3.3048370226e-03 2.8015360408e+07 -7.4574782499e-02 -1.6103270204e-04 -1.3650867362e+06 1.1999742966e+08 1.5270045672e-01
1.1885015271e+01 8.1045464885e+00 3.1468642569e-03 2.7973499331e+07 -7.4582645205e-02 -1.5201019237e-04 -1.3512680140e+06 1.1999790648e+08 1.5283550052e-01
1.1934951685e+01 8.1046989310e+00 2.9633632207e-03 2.7919412984e+07 -7.4589887148e-02 -1.3800435940e-04 -1.3002120957e+06 1.1999971705e+08 1.5296321964e-01
1.1984888100e+01 8.1048417713e+00 2.7459714913e-03 2.7846591005e+07 -7.4596355469e-02 -1.2010505999e-04 -1.2179720342e+06 1.2000284645e+08 1.5308316285e-01
1.2000000000e+01 8.1048827158e+00 2.6742707831e-03 2.7820697668e+07 -7.4598123540e-02 -1.1393781694e-04 -1.1853061320e+06 1.2000449820e+08 1.5311761123e-01
