# TPV104 station: x2_-9_x3_7.5 (along_strike=-9000, down_dip=7500)
# Columns (SCEC TPV104 trace layout): t  h-slip  h-slip-rate  h-shear-stress  v-slip  v-slip-rate  v-shear-stress  n-stress  psi
# BP5 convention: h = strike = component 2, v = dip = component 1.  TPV104 is pure strike-slip so v-slip / v-slip-rate / v-shear-stress ≈ 0.
0.0000000000e+00 0.0000000000e+00 1.0000000000e-16 4.0000000000e+07 0.0000000000e+00 0.0000000000e+00 0.0000000000e+00 1.2000000000e+08 5.6359184263e-01
1.4862028124e-04 1.4862028124e-20 1.0000000000e-16 4.0000000000e+07 0.0000000000e+00 0.0000000000e+00 0.0000000000e+00 1.2000000000e+08 5.6359184263e-01
5.0085034779e-02 5.0085034779e-18 1.0000000000e-16 4.0000000000e+07 -6.3324343927e-38 -8.7759435656e-36 -3.5103774262e-12 1.2000000000e+08 5.6359184263e-01
1.0002144928e-01 1.0002144928e-17 1.0000000000e-16 4.0000000000e+07 -2.9102535521e-38 -2.1005888292e-37 -8.4023553169e-14 1.2000000000e+08 5.6359184263e-01
1.4995786377e-01 1.4995786377e-17 1.0000000000e-16 4.0000000000e+07 2.2897679143e-39 -2.4879009729e-36 -9.9516038916e-13 1.2000000000e+08 5.6359184263e-01
1.9989427827e-01 1.9989427827e-17 1.0000000000e-16 4.0000000000e+07 2.6811858312e-38 -9.5561430068e-37 -3.8224572027e-13 1.2000000000e+08 5.6359184263e-01
2.4983069277e-01 2.4983069277e-17 1.0000000000e-16 4.0000000000e+07 2.1157858147e-39 2.1774082021e-36 8.7096328083e-13 1.2000000000e+08 5.6359184263e-01
2.9976710727e-01 2.9976710727e-17 1.0000000000e-16 4.0000000000e+07 -8.7240267646e-39 -2.7736755647e-36 -1.1094702259e-12 1.2000000000e+08 5.6359184263e-01
3.4970352177e-01 3.4970352177e-17 1.0000000000e-16 4.0000000000e+07 2.6366909784e-38 2.9884606136e-36 1.1953842454e-12 1.2000000000e+08 5.6359184263e-01
3.9963993626e-01 3.9963993626e-17 1.0000000000e-16 4.0000000000e+07 -4.0832514533e-38 -2.5778604831e-36 -1.0311441932e-12 1.2000000000e+08 5.6359184263e-01
4.4957635076e-01 4.4957635076e-17 1.0000000000e-16 4.0000000000e+07 4.7445760090e-38 1.1189810121e-36 4.4759240485e-13 1.2000000000e+08 5.6359184263e-01
4.9951276526e-01 4.9951276526e-17 1.0000000000e-16 4.0000000000e+07 -3.9742650653e-38 1.5667041107e-37 6.2668164428e-14 1.2000000000e+08 5.6359184263e-01
5.4944917976e-01 5.4944917976e-17 1.0000000000e-16 4.0000000000e+07 2.7148146429e-38 -5.8632278348e-37 -2.3452911339e-13 1.2000000000e+08 5.6359184263e-01
5.9938559425e-01 5.9938559425e-17 1.0000000000e-16 4.0000000000e+07 -1.2256278656e-38 5.9323023173e-37 2.3729209269e-13 1.2000000000e+08 5.6359184263e-01
6.4932200875e-01 6.4932200875e-17 1.0000000000e-16 4.0000000000e+07 -1.2443456977e-39 -4.0320013965e-37 -1.6128005586e-13 1.2000000000e+08 5.6359184263e-01
6.9925842325e-01 6.9925842325e-17 1.0000000000e-16 4.0000000000e+07 4.7196797056e-39 3.7025633468e-37 1.4810253387e-13 1.2000000000e+08 5.6359184263e-01
7.4919483775e-01 7.4919483775e-17 1.0000000000e-16 4.0000000000e+07 -4.0929046511e-39 -7.4502658925e-37 -2.9801063570e-13 1.2000000000e+08 5.6359184263e-01
7.9913125224e-01 7.9913125224e-17 1.0000000000e-16 4.0000000000e+07 6.0585097133e-39 1.0369453791e-36 4.1477815163e-13 1.2000000000e+08 5.6359184263e-01
8.4906766674e-01 8.4906766674e-17 1.0000000000e-16 4.0000000000e+07 -8.5158160008e-39 -9.9286472103e-37 -3.9714588841e-13 1.2000000000e+08 5.6359184263e-01
8.9900408124e-01 8.9900408124e-17 1.0000000000e-16 4.0000000000e+07 8.6336414595e-39 9.6391054558e-37 3.8556421823e-13 1.2000000000e+08 5.6359184263e-01
9.4894049574e-01 9.4894049574e-17 1.0000000000e-16 4.0000000000e+07 -7.9260426194e-39 -1.2216049973e-36 -4.8864199891e-13 1.2000000000e+08 5.6359184263e-01
9.9887691023e-01 9.9887691023e-17 1.0000000000e-16 4.0000000000e+07 3.3335740615e-39 1.5221659648e-36 6.0886638593e-13 1.2000000000e+08 5.6359184263e-01
1.0488133247e+00 1.0488133247e-16 1.0000000000e-16 4.0000000000e+07 8.9225670889e-39 -1.4828799766e-36 -5.9315199062e-13 1.2000000000e+08 5.6359184263e-01
1.0987497392e+00 1.0987497392e-16 1.0000000000e-16 4.0000000000e+07 -2.5367702853e-38 7.8535995512e-37 3.1414398205e-13 1.2000000000e+08 5.6359184263e-01
1.1486861537e+00 1.1486861537e-16 1.0000000000e-16 4.0000000000e+07 2.7891639603e-38 3.6424744643e-37 1.4569897857e-13 1.2000000000e+08 5.6359184263e-01
1.1986225682e+00 1.1986225682e-16 1.0000000000e-16 4.0000000000e+07 -9.3544768336e-39 -9.9016771092e-37 -3.9606708437e-13 1.2000000000e+08 5.6359184263e-01
1.2485589827e+00 1.2485589827e-16 1.0000000000e-16 4.0000000000e+07 -4.3367527642e-39 7.3079630862e-37 2.9231852345e-13 1.2000000000e+08 5.6359184263e-01
1.2984953972e+00 1.2984953972e-16 1.0000000000e-16 4.0000000000e+07 -6.2611337772e-40 -4.0950185647e-37 -1.6380074259e-13 1.2000000000e+08 5.6359184263e-01
1.3484318117e+00 1.3484318117e-16 1.0000000000e-16 4.0000000000e+07 -5.1215001258e-39 8.9941004369e-38 3.5976401747e-14 1.2000000000e+08 5.6359184263e-01
1.3983682262e+00 1.3983682262e-16 1.0000000000e-16 4.0000000000e+07 -1.7537270990e-38 -5.6031290950e-37 -2.2412516380e-13 1.2000000000e+08 5.6359184263e-01
1.4483046407e+00 1.4483046407e-16 1.0000000000e-16 4.0000000000e+07 -8.0671642840e-38 -2.6838481265e-36 -1.0735392506e-12 1.2000000000e+08 5.6359184263e-01
1.4982410552e+00 1.4982410552e-16 1.0000000000e-16 4.0000000000e+07 -4.3545978330e-37 -1.5117494408e-35 -6.0469977632e-12 1.2000000000e+08 5.6359184263e-01
1.5481774697e+00 1.5481774697e-16 1.0000000000e-16 4.0000000000e+07 -2.7974993284e-36 -1.1046100975e-34 -4.4184403901e-11 1.2000000000e+08 5.6359184263e-01
1.5981138842e+00 1.5981138842e-16 1.0000000000e-16 4.0000000000e+07 -2.2707960990e-35 -1.0031166641e-33 -4.0124666563e-10 1.2000000000e+08 5.6359184263e-01
1.6480502987e+00 1.6480502987e-16 1.0000000000e-16 4.0000000000e+07 -2.3188237947e-34 -1.1191263037e-32 -4.4765052149e-09 1.2000000000e+08 5.6359184263e-01
1.6979867132e+00 1.6979867132e-16 1.0000000000e-16 4.0000000000e+07 -2.7532868163e-33 -1.3774744900e-31 -5.5098979601e-08 1.2000000000e+08 5.6359184263e-01
1.7479231277e+00 1.7479231277e-16 1.0000000002e-16 4.0000000000e+07 -3.3598859666e-32 -1.6623361011e-30 -6.6493444033e-07 1.2000000000e+08 5.6359184263e-01
1.7978595422e+00 1.7978595422e-16 1.0000000017e-16 4.0000000002e+07 -3.8300921140e-31 -1.8183069601e-29 -7.2732278287e-06 1.2000000000e+08 5.6359184263e-01
1.8477959567e+00 1.8477959570e-16 1.0000000136e-16 4.0000000016e+07 -3.8671045437e-30 -1.7301413141e-28 -6.9205651655e-05 1.2000000000e+08 5.6359184263e-01
1.8977323712e+00 1.8977323737e-16 1.0000000971e-16 4.0000000117e+07 -3.3695006155e-29 -1.4035725875e-27 -5.6142898212e-04 1.2000000000e+08 5.6359184263e-01
1.9476687857e+00 1.9476688022e-16 1.0000006005e-16 4.0000000721e+07 -2.5028665147e-28 -9.6131504802e-27 -3.8452579525e-03 1.2000000000e+08 5.6359184263e-01
1.9976052002e+00 1.9976052952e-16 1.0000031836e-16 4.0000003820e+07 -1.5765659973e-27 -5.5341876481e-26 -2.2136682231e-02 1.2000000000e+08 5.6359184263e-01
2.0475416147e+00 2.0475420863e-16 1.0000143843e-16 4.0000017261e+07 -8.4080251458e-27 -2.6725211223e-25 -1.0689935335e-01 1.2000000000e+08 5.6359184263e-01
2.0974780292e+00 2.0974800376e-16 1.0000550288e-16 4.0000066033e+07 -3.7947734403e-26 -1.0794745762e-24 -4.3176678366e-01 1.2000000000e+08 5.6359184263e-01
2.1474144437e+00 2.1474217439e-16 1.0001764970e-16 4.0000211778e+07 -1.4458347545e-25 -3.6159658095e-24 -1.4461387425e+00 1.2000000000e+08 5.6359184263e-01
2.1973508582e+00 2.1973733705e-16 1.0004693630e-16 4.0000563105e+07 -4.6210626212e-25 -9.8941235147e-24 -3.9558483912e+00 1.2000000000e+08 5.6359184263e-01
2.2472872727e+00 2.2473462891e-16 1.0010536383e-16 4.0001263704e+07 -1.2318999172e-24 -2.2135158851e-23 -8.8450238077e+00 1.2000000001e+08 5.6359184263e-01
2.2972236872e+00 2.2973612703e-16 1.0022474060e-16 4.0002693856e+07 -2.8650827358e-24 -4.6089886108e-23 -1.8395853087e+01 1.1999999998e+08 5.6359184263e-01
2.3471601017e+00 2.3474754263e-16 1.0054831007e-16 4.0006561775e+07 -6.3827214025e-24 -1.0468529603e-22 -4.1652602215e+01 1.2000000008e+08 5.6359184263e-01
2.3970965162e+00 2.3979334268e-16 1.0185983080e-16 4.0022113251e+07 -1.6001153099e-23 -3.4350841261e-22 -1.3496912849e+02 1.2000000084e+08 5.6359184263e-01
2.4470329307e+00 2.4499106507e-16 1.0746961563e-16 4.0086445435e+07 -5.8210529270e-23 -1.6775123367e-21 -6.2571645350e+02 1.1999999960e+08 5.6359184263e-01
2.4969693452e+00 2.5066581735e-16 1.2093041803e-16 4.0228058113e+07 -2.2365662359e-22 -5.2513955209e-21 -1.7469008016e+03 1.2000001189e+08 5.6359184263e-01
2.5469057597e+00 2.5713507122e-16 1.3848240087e-16 4.0390683674e+07 -6.0218574803e-22 -1.0117718760e-20 -2.9510000937e+03 1.1999998843e+08 5.6359184263e-01
2.5968421742e+00 2.6455179125e-16 1.5928274858e-16 4.0558608222e+07 -1.2657666112e-21 -1.6753864436e-20 -4.2660829871e+03 1.1999998687e+08 5.6359184263e-01
2.6467785887e+00 2.7315147785e-16 1.8637712686e-16 4.0747110952e+07 -2.3254465130e-21 -2.6327824670e-20 -5.7559788103e+03 1.1999996745e+08 5.6359184263e-01
2.6967150032e+00 2.8333027296e-16 2.2308453525e-16 4.0962848300e+07 -3.9717504781e-21 -4.0494420182e-20 -7.4355974027e+03 1.1999997727e+08 5.6359184263e-01
2.7466514177e+00 2.9566826688e-16 2.7368888069e-16 4.1208213732e+07 -6.5001813929e-21 -6.2229808427e-20 -9.3696873605e+03 1.2000008329e+08 5.6359184263e-01
2.7965878322e+00 3.1101512103e-16 3.4477623504e-16 4.1485304120e+07 -1.0380620517e-20 -9.5616894883e-20 -1.1505131619e+04 1.2000010170e+08 5.6359184263e-01
2.8465242466e+00 3.3062908834e-16 4.4685145329e-16 4.1796392932e+07 -1.6418601182e-20 -1.5014368151e-19 -1.4043737046e+04 1.1999979323e+08 5.6359184263e-01
2.8964606611e+00 3.5644608456e-16 5.9647272027e-16 4.2143124698e+07 -2.5924281114e-20 -2.3725370403e-19 -1.6762899784e+04 1.2000026183e+08 5.6359184263e-01
2.9463970756e+00 3.9148760813e-16 8.2258825497e-16 4.2528716991e+07 -4.1137850053e-20 -3.8589147329e-19 -1.9951013351e+04 1.1999994026e+08 5.6359184263e-01
2.9963334901e+00 4.4074927729e-16 1.1760776653e-15 4.2957740673e+07 -6.6165711468e-20 -6.3979358845e-19 -2.3369278976e+04 1.2000006389e+08 5.6359184263e-01
3.0462699046e+00 5.1254773716e-16 1.7434418270e-15 4.3430076660e+07 -1.0862474554e-19 -1.0952512657e-18 -2.7283300018e+04 1.1999986023e+08 5.6359184263e-01
3.0962063191e+00 6.2153790502e-16 2.7042685267e-15 4.3956966218e+07 -1.8290101878e-19 -1.9932114406e-18 -3.2398974840e+04 1.2000021285e+08 5.6359184263e-01
3.1461427336e+00 7.9329912968e-16 4.3463981083e-15 4.4526144665e+07 -3.1450259799e-19 -3.4483363837e-18 -3.5326060993e+04 1.1999956667e+08 5.6359184263e-01
3.1960791481e+00 1.0828520975e-15 7.4075422271e-15 4.5166221174e+07 -5.8014882334e-19 -7.3611039769e-18 -4.4883071890e+04 1.2000037815e+08 5.6359184263e-01
3.2460155626e+00 1.5570364347e-15 1.2872118921e-14 4.5829189867e+07 -1.0067014857e-18 -1.1504064286e-17 -4.0958442792e+04 1.2000007646e+08 5.6359184263e-01
3.2959519771e+00 2.6218414462e-15 2.8039265573e-14 4.6763318193e+07 -2.4648059953e-18 -4.7497616628e-17 -7.9215561265e+04 1.1999988301e+08 5.6359184263e-01
3.3458883916e+00 3.4257550028e-15 3.8517325184e-15 4.4381276099e+07 -3.6400340136e-18 -1.8696649780e-18 -2.1543063337e+04 1.1999986863e+08 5.6359184263e-01
3.3958248061e+00 3.4823461869e-15 2.2791374255e-16 4.0988477267e+07 -3.6471660706e-18 1.9931143137e-20 3.5844578664e+03 1.1999976860e+08 5.6359184263e-01
3.4457612206e+00 3.4899185574e-15 1.3461030721e-16 4.0357330761e+07 -3.6492152614e-18 -7.6713698427e-20 -2.2999428242e+04 1.2000202362e+08 5.6359184263e-01
3.4956976351e+00 3.4976663681e-15 1.7785597320e-16 4.0689740703e+07 -3.6532011557e-18 -7.3420630738e-20 -1.6797110455e+04 1.1999640035e+08 5.6359184263e-01
3.5456340496e+00 3.5074316008e-15 2.0860170219e-16 4.0883365641e+07 -3.6565029326e-18 -6.2242448200e-20 -1.2198753613e+04 1.2000311016e+08 5.6359184263e-01
3.5955704641e+00 3.5181989443e-15 2.2360436991e-16 4.0965438087e+07 -3.6598791579e-18 -7.6566441216e-20 -1.4027354691e+04 1.1999938690e+08 5.6359184263e-01
3.6455068786e+00 3.5300877717e-15 2.5470661340e-16 4.1121432033e+07 -3.6637116777e-18 -7.1057282331e-20 -1.1471933009e+04 1.1999854966e+08 5.6359184263e-01
3.6954432931e+00 3.5440740654e-15 3.1618568537e-16 4.1382068869e+07 -3.6674203734e-18 -9.4241161918e-20 -1.2334189791e+04 1.2000196985e+08 5.6359184263e-01
3.7453797076e+00 3.5633319575e-15 4.7099698301e-16 4.1859097928e+07 -3.6749405547e-18 -2.1004053279e-19 -1.8667013905e+04 1.1999852125e+08 5.6359184263e-01
3.7953161221e+00 3.5930637534e-15 7.5865923281e-16 4.2432001994e+07 -3.6871548574e-18 -2.7406556922e-19 -1.5328556323e+04 1.2000097755e+08 5.6359184263e-01
3.8452525366e+00 3.6473972628e-15 1.5153700162e-15 4.3261758726e+07 -3.7102566158e-18 -7.4499791789e-19 -2.1268680144e+04 1.1999963975e+08 5.6359184263e-01
3.8951889511e+00 3.7527152102e-15 2.8323184522e-15 4.4012234842e+07 -3.7580904353e-18 -1.0585873676e-18 -1.6449702464e+04 1.1999951190e+08 5.6359184263e-01
3.9451253656e+00 3.9659078434e-15 6.2507407137e-15 4.4962687165e+07 -3.8330904644e-18 -2.3863898316e-18 -1.7165725530e+04 1.2000092952e+08 5.6359184263e-01
3.9950617801e+00 4.4376440313e-15 1.3598529388e-14 4.5894665120e+07 -3.9068294416e-18 4.3367599231e-19 1.4636446243e+03 1.1999897779e+08 5.6359184263e-01
4.0449981946e+00 5.5327934502e-15 3.3958930306e-14 4.6993714335e+07 -3.8401625520e-18 4.8311288531e-18 6.6855076762e+03 1.2000109918e+08 5.6359184263e-01
4.0949346091e+00 8.5819483995e-15 1.0310908418e-13 4.8325982812e+07 -2.6223045702e-18 5.7140023513e-17 2.6780839110e+04 1.1999985831e+08 5.6359184263e-01
4.1448710236e+00 1.9456503649e-14 4.1830681576e-13 5.0006399394e+07 5.9975446055e-18 4.0070155627e-16 4.7901782389e+04 1.1999966757e+08 5.6359184263e-01
4.1948074381e+00 8.0143557675e-14 2.9097473900e-12 5.2333556339e+07 7.2564267781e-17 4.6719710017e-15 8.4028207561e+04 1.1999893212e+08 5.6359184263e-01
4.2447438526e+00 9.2282196231e-13 5.2693717989e-11 5.5810074710e+07 2.3104160753e-15 1.6509628514e-13 1.7486023685e+05 1.2000115852e+08 5.6359184263e-01
4.2946802671e+00 4.0497371886e-10 1.4374929526e-07 6.5303370632e+07 1.5664754945e-12 5.1373990626e-10 2.3338512685e+05 1.2000069881e+08 5.6359184271e-01
4.3446166816e+00 7.1550007051e-02 5.1311058612e+00 7.6447079361e+07 8.2428368679e-04 4.5474893114e-02 6.7751920480e+05 1.1999894383e+08 4.8176092860e-01
4.3945530961e+00 4.1189131500e-01 6.5602979026e+00 4.6833251618e+07 -2.2207782194e-03 -9.4894420495e-02 -6.7744092390e+05 1.1999997275e+08 2.3290063478e-01
4.4444895106e+00 6.9493737976e-01 5.1517423290e+00 3.5415764230e+07 -9.9762022191e-04 9.3411186795e-02 6.4215722695e+05 1.1999851700e+08 1.4046393202e-01
4.4944259251e+00 9.3937226878e-01 4.5519953787e+00 3.0459783321e+07 2.6751111317e-03 6.4813770831e-02 4.3370286028e+05 1.2000490537e+08 1.0045667357e-01
4.5443623396e+00 1.1465568171e+00 3.8079005860e+00 2.8078562437e+07 5.9712412597e-03 4.7190910614e-02 3.4797466484e+05 1.1999750845e+08 8.2448705159e-02
4.5942987541e+00 1.3285955896e+00 3.4796589613e+00 2.6907441540e+07 7.6718786815e-03 4.4951062396e-02 3.4759673204e+05 1.1999560557e+08 7.3611591531e-02
4.6442351686e+00 1.4889756123e+00 2.9678207787e+00 2.6211954432e+07 1.0025759028e-02 3.6144942945e-02 3.1923410073e+05 1.2000305835e+08 6.9401771031e-02
4.6941715831e+00 1.6319753799e+00 2.7838969069e+00 2.5912067638e+07 1.1801059542e-02 4.1928125756e-02 3.9026029585e+05 1.2000395522e+08 6.7552668807e-02
4.7441079976e+00 1.7629822420e+00 2.4412514284e+00 2.5675282921e+07 1.3940666407e-02 4.1991002701e-02 4.4163041216e+05 1.1999769311e+08 6.6914740066e-02
4.7940444121e+00 1.8806485285e+00 2.3114689688e+00 2.5636082384e+07 1.5985087403e-02 3.8577932041e-02 4.2786083542e+05 1.1999623743e+08 6.7136082225e-02
4.8439808266e+00 1.9913153480e+00 2.0969931270e+00 2.5585023960e+07 1.7780496773e-02 3.4360251796e-02 4.1922305521e+05 1.2000351034e+08 6.7671810119e-02
4.8939172411e+00 2.0924276832e+00 1.9841209864e+00 2.5626174543e+07 1.9500980408e-02 3.1223674546e-02 4.0327345928e+05 1.2000028176e+08 6.8571985879e-02
4.9438536556e+00 2.1892604352e+00 1.8679684100e+00 2.5665680894e+07 2.0733234935e-02 2.2728069400e-02 3.1228117855e+05 1.1999647212e+08 6.9501498692e-02
4.9937900701e+00 2.2792519513e+00 1.7573195925e+00 2.5725358947e+07 2.1990948806e-02 2.2921172950e-02 3.3554249559e+05 1.1999984078e+08 7.0605980691e-02
5.0437264845e+00 2.3650706351e+00 1.6707540136e+00 2.5801395784e+07 2.2808602425e-02 1.4132652808e-02 2.1825006292e+05 1.2000658706e+08 7.1722722665e-02
5.0936628990e+00 2.4464831461e+00 1.5888254757e+00 2.5878125418e+07 2.3679438364e-02 1.7367569433e-02 2.8287571345e+05 1.2000108620e+08 7.2879815730e-02
5.1435993135e+00 2.5239070696e+00 1.5199077808e+00 2.5966195531e+07 2.4324467264e-02 1.0069852178e-02 1.7203395754e+05 1.1999358149e+08 7.4062948056e-02
5.1935357280e+00 2.5989583615e+00 1.4770634317e+00 2.6065780786e+07 2.4866684735e-02 1.2991237264e-02 2.2925673699e+05 1.1999289887e+08 7.5183334952e-02
5.2434721425e+00 2.6706206266e+00 1.4031487705e+00 2.6144979322e+07 2.5461889564e-02 8.0296125751e-03 1.4961639076e+05 1.2000472691e+08 7.6330796486e-02
5.2934085570e+00 2.7400677216e+00 1.3825750972e+00 2.6261632864e+07 2.5773789270e-02 7.5126144920e-03 1.4270004142e+05 1.2001395201e+08 7.7433087845e-02
5.3433449715e+00 2.8077462651e+00 1.3210619895e+00 2.6328333285e+07 2.6203413208e-02 7.3655285674e-03 1.4679257482e+05 1.1999309190e+08 7.8482433251e-02
5.3932813860e+00 2.8731057928e+00 1.2993783840e+00 2.6433769180e+07 2.6454775628e-02 3.9980824262e-03 8.1334574529e+04 1.1999115344e+08 7.9527649702e-02
5.4432178005e+00 2.9374834617e+00 1.2810094955e+00 2.6533584300e+07 2.6760671336e-02 8.2298464163e-03 1.7046503123e+05 1.2000160912e+08 8.0485725585e-02
5.4931542150e+00 3.0004960996e+00 1.2434613189e+00 2.6609524100e+07 2.7063882593e-02 3.0745215147e-03 6.5793405148e+04 1.2000657685e+08 8.1403168606e-02
5.5430906295e+00 3.0626219654e+00 1.2489257910e+00 2.6714790274e+07 2.7282141739e-02 7.0106913606e-03 1.4996019036e+05 1.2000000279e+08 8.2250928571e-02
5.5930270440e+00 3.1241660685e+00 1.2100669461e+00 2.6769636369e+07 2.7583669181e-02 3.6339464594e-03 8.0391771398e+04 1.1999857877e+08 8.3024444858e-02
5.6429634585e+00 3.1844949136e+00 1.2178922155e+00 2.6867912023e+07 2.7794039498e-02 6.1112660785e-03 1.3482060010e+05 1.1999865135e+08 8.3780115714e-02
5.6928998730e+00 3.2451078130e+00 1.1992649611e+00 2.6924829584e+07 2.8080278216e-02 4.3315970618e-03 9.7249162195e+04 1.1999766858e+08 8.4409061679e-02
5.7428362875e+00 3.3044206308e+00 1.1859861720e+00 2.6989154623e+07 2.8322180673e-02 6.3331014697e-03 1.4412061358e+05 1.1999931687e+08 8.5054918661e-02
5.7927727020e+00 3.3639537567e+00 1.1913896770e+00 2.7060329771e+07 2.8674720401e-02 7.1763147515e-03 1.6299742012e+05 1.2000504195e+08 8.5592368664e-02
5.8427091165e+00 3.4228845049e+00 1.1720103996e+00 2.7102396028e+07 2.9031540423e-02 7.0797717961e-03 1.6371764198e+05 1.2000476690e+08 8.6107484229e-02
5.8926455310e+00 3.4808549432e+00 1.1293498603e+00 2.7118714336e+07 2.9392979499e-02 7.9899508357e-03 1.9186011518e+05 1.1999506899e+08 8.6634330009e-02
5.9425819455e+00 3.5323641890e+00 9.0973423088e-01 2.6976916457e+07 2.9936789176e-02 1.4765021585e-02 4.3783639251e+05 1.1999098815e+08 8.7648155440e-02
5.9925183600e+00 3.5725448821e+00 7.3834280523e-01 2.6941889680e+07 3.0897530729e-02 2.3079675154e-02 8.4216986667e+05 1.2000198305e+08 8.9501273784e-02
6.0424547745e+00 3.6098226382e+00 7.7395439273e-01 2.7233466192e+07 3.2058271493e-02 2.0962201409e-02 7.3760599944e+05 1.2000931280e+08 9.1419886285e-02
6.0923911890e+00 3.6506996607e+00 8.7200485145e-01 2.7551367959e+07 3.2882151957e-02 1.2247511791e-02 3.8696539746e+05 1.1999931977e+08 9.2835421847e-02
6.1423276035e+00 3.6970577322e+00 9.7415045226e-01 2.7777740416e+07 3.3266162461e-02 2.4897431963e-03 7.0994619002e+04 1.2000192732e+08 9.3586384291e-02
6.1922640180e+00 3.7472263533e+00 1.0372564905e+00 2.7886890269e+07 3.3091402430e-02 -9.1051987577e-03 -2.4479545894e+05 1.1999913216e+08 9.3880418627e-02
6.2422004325e+00 3.8012491459e+00 1.1220804536e+00 2.7962077126e+07 3.2415430738e-02 -1.7740027496e-02 -4.4207883266e+05 1.1999324754e+08 9.3750350750e-02
6.2921368470e+00 3.8583899325e+00 1.1620952407e+00 2.7948802576e+07 3.1301456531e-02 -2.6666573727e-02 -6.4134055318e+05 1.1999066808e+08 9.3324674992e-02
6.3420732615e+00 3.9177438811e+00 1.2199607446e+00 2.7935833053e+07 2.9797468929e-02 -3.3175550899e-02 -7.5968563370e+05 1.2000204898e+08 9.2731576494e-02
6.3920096760e+00 3.9801008532e+00 1.2721731382e+00 2.7890163856e+07 2.8009585479e-02 -3.8250158026e-02 -8.3856759963e+05 1.2001649338e+08 9.1921627491e-02
6.4419460905e+00 4.0444022146e+00 1.3041090447e+00 2.7810860658e+07 2.6006767506e-02 -4.1637312198e-02 -8.8793915848e+05 1.2000943274e+08 9.1038966561e-02
6.4918825050e+00 4.1107277873e+00 1.3524620484e+00 2.7736283083e+07 2.3876750184e-02 -4.3406002653e-02 -8.9017002623e+05 1.1999020633e+08 9.0091096536e-02
6.5418189195e+00 4.1789964521e+00 1.3791782051e+00 2.7641163431e+07 2.1694185890e-02 -4.3765708154e-02 -8.7714197284e+05 1.1998704763e+08 8.9105970704e-02
6.5917553340e+00 4.2486296420e+00 1.4119639349e+00 2.7558534006e+07 1.9547429059e-02 -4.1914130192e-02 -8.1807470691e+05 1.1999714922e+08 8.8148884213e-02
6.6416917485e+00 4.3201164732e+00 1.4495001597e+00 2.7476223657e+07 1.7510533958e-02 -3.9648031299e-02 -7.5155436738e+05 1.2000186078e+08 8.7176687655e-02
6.6916281630e+00 4.3930223993e+00 1.4686316921e+00 2.7383508434e+07 1.5624465613e-02 -3.5543817827e-02 -6.6273555207e+05 1.2001023535e+08 8.6239248692e-02
6.7415645775e+00 4.4673486983e+00 1.5115822678e+00 2.7310093187e+07 1.3954374736e-02 -3.1474094475e-02 -5.6864946846e+05 1.2000450973e+08 8.5333272424e-02
6.7915009920e+00 4.5435592194e+00 1.5361691290e+00 2.7220886381e+07 1.2537972644e-02 -2.4645134706e-02 -4.3671129630e+05 1.1999784002e+08 8.4422089680e-02
6.8414374065e+00 4.6208740124e+00 1.5651627809e+00 2.7141737777e+07 1.1469670974e-02 -1.8560636437e-02 -3.2186296102e+05 1.1999041580e+08 8.3576908303e-02
6.8913738210e+00 4.6997741430e+00 1.5885318070e+00 2.7063899781e+07 1.0719175112e-02 -1.0887300875e-02 -1.8548751650e+05 1.2000045729e+08 8.2751161096e-02
6.9413102355e+00 4.7795953261e+00 1.6149940173e+00 2.6996013713e+07 1.0403759755e-02 -1.8195658644e-03 -3.0415608045e+04 1.2000905192e+08 8.1999297607e-02
6.9912466500e+00 4.8613987669e+00 1.6557698791e+00 2.6930806788e+07 1.0566072423e-02 8.8954599958e-03 1.4468309725e+05 1.2000016057e+08 8.1226124747e-02
7.0411830645e+00 4.9443894669e+00 1.6683704862e+00 2.6849777384e+07 1.1361749291e-02 2.3072130155e-02 3.7130934860e+05 1.1999322275e+08 8.0505631832e-02
7.0911194790e+00 5.0284842739e+00 1.7000071608e+00 2.6787971576e+07 1.2859463096e-02 3.7895239238e-02 5.9713665624e+05 1.1999389506e+08 7.9834007575e-02
7.1410558935e+00 5.1130305579e+00 1.6773822792e+00 2.6686562664e+07 1.5509227537e-02 7.3759039761e-02 1.1734804052e+06 1.2000378909e+08 7.9257422081e-02
7.1909923080e+00 5.1977599129e+00 1.7590847194e+00 2.6634675985e+07 2.0682121052e-02 1.3431441020e-01 2.0336830605e+06 1.2000308489e+08 7.8761782098e-02
7.2409287225e+00 5.2932288912e+00 2.0935967784e+00 2.6681229078e+07 2.8628639350e-02 1.7771273896e-01 2.2648077926e+06 1.2000665686e+08 7.7545588905e-02
7.2908651370e+00 5.4081221615e+00 2.5003368212e+00 2.6637784973e+07 3.7717882414e-02 1.7849432528e-01 1.9016211798e+06 1.1999937120e+08 7.5194526139e-02
7.3408015514e+00 5.5403993699e+00 2.7538283427e+00 2.6437240406e+07 4.5690269093e-02 1.3472208425e-01 1.2933558981e+06 1.1999290950e+08 7.2281445839e-02
7.3907379659e+00 5.6788548325e+00 2.7620073427e+00 2.6168472284e+07 5.0892133552e-02 7.5004167667e-02 7.1062247101e+05 1.1999672556e+08 6.9832598650e-02
7.4406743804e+00 5.8142466795e+00 2.6416455248e+00 2.5937541792e+07 5.3566757932e-02 3.7151160470e-02 3.6477633667e+05 1.2000229212e+08 6.8290112165e-02
7.4906107949e+00 5.9415693578e+00 2.4629176854e+00 2.5777615713e+07 5.4957873128e-02 2.0548081144e-02 2.1506221767e+05 1.2000707917e+08 6.7638471142e-02
7.5405472094e+00 6.0611168292e+00 2.3292282205e+00 2.5702453611e+07 5.5712641080e-02 1.0493171822e-02 1.1578953904e+05 1.2000108640e+08 6.7577175631e-02
7.5904836239e+00 6.1739553567e+00 2.1885985938e+00 2.5664526546e+07 5.6092880024e-02 5.4039792710e-03 6.3369578071e+04 1.1999871802e+08 6.7887650780e-02
7.6404200384e+00 6.2801264679e+00 2.0725370007e+00 2.5669833084e+07 5.6266794291e-02 1.5999695476e-03 1.9816751746e+04 1.2000003625e+08 6.8474415843e-02
7.6903564529e+00 6.3812755624e+00 1.9769266925e+00 2.5698165536e+07 5.6298189738e-02 1.9422954025e-04 2.5247991725e+03 1.1999424724e+08 6.9193411578e-02
7.7402928674e+00 6.4775616141e+00 1.8841261976e+00 2.5738872234e+07 5.6276022036e-02 -1.3921502770e-03 -1.9018035074e+04 1.1999183737e+08 7.0018061010e-02
7.7902292819e+00 6.5698929966e+00 1.8162522560e+00 2.5801272472e+07 5.6185546155e-02 -1.7399316003e-03 -2.4717078344e+04 1.2000235566e+08 7.0886212335e-02
7.8401656964e+00 6.6589205076e+00 1.7504403192e+00 2.5862999864e+07 5.6110817410e-02 -1.4213459570e-03 -2.1000584761e+04 1.2000503336e+08 7.1764881042e-02
7.8901021109e+00 6.7449394381e+00 1.6961688993e+00 2.5930790715e+07 5.6030329798e-02 -1.7800581299e-03 -2.7213277433e+04 1.2000526376e+08 7.2644326272e-02
7.9400385254e+00 6.8283362104e+00 1.6454060275e+00 2.5997144446e+07 5.5963073894e-02 -5.4837839572e-04 -8.6642884043e+03 1.1999948203e+08 7.3511398355e-02
7.9899749399e+00 6.9094129589e+00 1.6023010206e+00 2.6066911074e+07 5.5967040439e-02 4.6928621440e-04 7.6345467311e+03 1.1999958528e+08 7.4357988934e-02
8.0399113544e+00 6.9884456310e+00 1.5641289906e+00 2.6137359905e+07 5.6023637680e-02 2.0113137439e-03 3.3610035694e+04 1.2000408475e+08 7.5178088335e-02
8.0898477689e+00 7.0656797040e+00 1.5300106128e+00 2.6204418739e+07 5.6174880830e-02 3.9798730779e-03 6.8163096248e+04 1.1999899649e+08 7.5967135376e-02
8.1397841834e+00 7.1412599994e+00 1.4960856937e+00 2.6267279598e+07 5.6416537992e-02 5.7978050099e-03 1.0179401213e+05 1.1999309422e+08 7.6726773468e-02
8.1897205979e+00 7.2150576514e+00 1.4600821095e+00 2.6328081403e+07 5.6777063612e-02 8.8566553899e-03 1.5970248697e+05 1.1999504395e+08 7.7475780139e-02
8.2396570124e+00 7.2870015327e+00 1.4196485783e+00 2.6385000865e+07 5.7296653621e-02 1.1627533428e-02 2.1610452350e+05 1.1999947903e+08 7.8226069880e-02
8.2895934269e+00 7.3567133676e+00 1.3729510297e+00 2.6439595026e+07 5.7930464090e-02 1.3980968913e-02 2.6923841284e+05 1.2000504643e+08 7.9009256265e-02
8.3395298414e+00 7.4241018164e+00 1.3250929492e+00 2.6496316003e+07 5.8705202690e-02 1.6924428289e-02 3.3841776939e+05 1.2001074475e+08 7.9832649177e-02
8.3894662559e+00 7.4888947270e+00 1.2672274886e+00 2.6546929728e+07 5.9607569484e-02 1.9151891627e-02 4.0120966894e+05 1.2000579808e+08 8.0717197934e-02
8.4394026704e+00 7.5505812286e+00 1.2051797945e+00 2.6600642504e+07 6.0616115716e-02 2.1181207707e-02 4.6751010646e+05 1.1999295473e+08 8.1699386999e-02
8.4893390849e+00 7.6092127587e+00 1.1413312347e+00 2.6661846351e+07 6.1718983436e-02 2.3009545204e-02 5.3751000603e+05 1.1998896909e+08 8.2771891145e-02
8.5392754994e+00 7.6643219308e+00 1.0646013861e+00 2.6721271112e+07 6.2902570203e-02 2.4098916000e-02 6.0487772829e+05 1.1999131125e+08 8.3970557872e-02
8.5892119139e+00 7.7155365562e+00 9.8714474128e-01 2.6792586709e+07 6.4113417300e-02 2.4490605428e-02 6.6471171048e+05 1.1999638247e+08 8.5322439645e-02
8.6391483284e+00 7.7629113480e+00 9.0920938465e-01 2.6875111477e+07 6.5352677630e-02 2.4887253605e-02 7.3563661605e+05 1.2000967306e+08 8.6822739979e-02
8.6890847429e+00 7.8061497558e+00 8.2202801126e-01 2.6955998930e+07 6.6564269322e-02 2.3410223101e-02 7.6766964167e+05 1.2001615439e+08 8.8500090751e-02
8.7390211574e+00 7.8449402028e+00 7.3260272258e-01 2.7041787256e+07 6.7671060713e-02 2.0871822675e-02 7.7041945249e+05 1.2000604262e+08 9.0386596760e-02
8.7889575719e+00 7.8795677933e+00 6.5694111425e-01 2.7156027942e+07 6.8656437992e-02 1.8651210337e-02 7.7098658933e+05 1.1998646277e+08 9.2465855578e-02
8.8388939864e+00 7.9106829189e+00 5.8957725200e-01 2.7293852264e+07 6.9542944447e-02 1.6971287541e-02 7.8566771919e+05 1.1998972920e+08 9.4693553652e-02
8.8888304009e+00 7.9383355408e+00 5.1708780042e-01 2.7425891531e+07 7.0347942243e-02 1.5143469916e-02 8.0319660024e+05 1.2000383727e+08 9.7083209172e-02
8.9387668154e+00 7.9623525399e+00 4.4615743741e-01 2.7559545723e+07 7.1052141206e-02 1.3135301002e-02 8.1137934328e+05 1.2000568580e+08 9.9670896178e-02
8.9887032299e+00 7.9829054807e+00 3.7742708137e-01 2.7692441571e+07 7.1660510789e-02 1.1218997003e-02 8.2315613887e+05 1.2000201867e+08 1.0246127089e-01
9.0386396444e+00 8.0001539981e+00 3.1496099626e-01 2.7834743556e+07 7.2175533645e-02 9.4654726380e-03 8.3651311317e+05 1.2000099154e+08 1.0546167511e-01
9.0885760589e+00 8.0143954930e+00 2.5519817507e-01 2.7965237183e+07 7.2606583245e-02 7.7830797728e-03 8.5288882573e+05 1.1999653331e+08 1.0866599465e-01
9.1385124734e+00 8.0256545410e+00 1.9698963084e-01 2.8065322401e+07 7.2953011600e-02 6.1309224775e-03 8.7347905172e+05 1.1999486742e+08 1.1209758836e-01
9.1884488879e+00 8.0341966151e+00 1.4670818573e-01 2.8149781945e+07 7.3222325129e-02 4.6902351689e-03 8.9994363042e+05 1.1999959414e+08 1.1574617040e-01
9.2383853024e+00 8.0404280176e+00 1.0452041268e-01 2.8193277543e+07 7.3423170451e-02 3.3856472538e-03 9.1324259292e+05 1.2000066746e+08 1.1950021647e-01
9.2883217169e+00 8.0448541690e+00 7.5474900326e-02 2.8205032513e+07 7.3566203562e-02 2.4282558755e-03 9.0744122380e+05 1.2000098299e+08 1.2284975028e-01
9.3382581314e+00 8.0481574957e+00 5.7914434420e-02 2.8204375736e+07 7.3672158397e-02 1.8518743230e-03 9.0186427172e+05 1.2000515445e+08 1.2548106119e-01
9.3881945459e+00 8.0507106114e+00 4.5162689542e-02 2.8152714660e+07 7.3753286041e-02 1.4198145005e-03 8.8505872674e+05 1.2000432861e+08 1.2753360136e-01
9.4381309603e+00 8.0527444514e+00 3.6938352199e-02 2.8107668856e+07 7.3816373933e-02 1.1316151287e-03 8.6108506243e+05 1.1999671637e+08 1.2917657137e-01
9.4880673748e+00 8.0544424029e+00 3.1425686626e-02 2.8079701943e+07 7.3867882161e-02 9.4075378787e-04 8.4058898312e+05 1.1999753236e+08 1.3055265829e-01
9.5380037893e+00 8.0559134725e+00 2.7741506699e-02 2.8075043641e+07 7.3911051034e-02 7.9512302230e-04 8.0468280950e+05 1.1999981073e+08 1.3174754074e-01
9.5879402038e+00 8.0572289135e+00 2.5099005749e-02 2.8082850323e+07 7.3947901093e-02 6.8729964752e-04 7.6900787709e+05 1.1999360163e+08 1.3281741420e-01
9.6378766183e+00 8.0584341280e+00 2.3251948276e-02 2.8110752822e+07 7.3980156694e-02 6.0599258287e-04 7.3262281109e+05 1.1999773378e+08 1.3379821783e-01
9.6878130328e+00 8.0595539452e+00 2.1648662470e-02 2.8138495350e+07 7.4008449256e-02 5.2903228887e-04 6.8762551135e+05 1.2001043054e+08 1.3470972439e-01
9.7377494473e+00 8.0606047870e+00 2.0516744212e-02 2.8177739873e+07 7.4033336304e-02 4.7160986918e-04 6.4770999130e+05 1.2001089590e+08 1.3556507603e-01
9.7876858618e+00 8.0616052105e+00 1.9586418720e-02 2.8216821068e+07 7.4055668385e-02 4.2324607752e-04 6.0974183224e+05 1.1999499312e+08 1.3637899943e-01
9.8376222763e+00 8.0625662128e+00 1.8940182229e-02 2.8269675893e+07 7.4075639612e-02 3.7743246671e-04 5.6334692963e+05 1.1998830425e+08 1.3716026320e-01
9.8875586908e+00 8.0634991254e+00 1.8488127789e-02 2.8333722742e+07 7.4093461690e-02 3.3846599290e-04 5.1871134330e+05 1.1999379712e+08 1.3791784132e-01
9.9374951053e+00 8.0644181978e+00 1.8312005854e-02 2.8413557892e+07 7.4109487746e-02 3.0208783795e-04 4.6873020578e+05 1.1999831461e+08 1.3866291361e-01
9.9874315198e+00 8.0653225456e+00 1.7909072105e-02 2.8476139914e+07 7.4123529514e-02 2.6223646788e-04 4.1696645734e+05 1.2000110759e+08 1.3939486775e-01
1.0037367934e+01 8.0662164271e+00 1.7992397613e-02 2.8570099948e+07 7.4136036688e-02 2.4091934534e-04 3.8255545057e+05 1.2000637529e+08 1.4011707479e-01
1.0087304349e+01 8.0671175685e+00 1.7931543785e-02 2.8652738316e+07 7.4147650157e-02 2.2419552829e-04 3.5824109072e+05 1.2000323057e+08 1.4084325034e-01
1.0137240763e+01 8.0679903953e+00 1.6976609628e-02 2.8671987235e+07 7.4158365393e-02 2.0358551210e-04 3.4383786470e+05 1.2000491458e+08 1.4154601630e-01
1.0187177178e+01 8.0688082275e+00 1.5668230716e-02 2.8655995865e+07 7.4167594343e-02 1.6352525637e-04 2.9907518949e+05 1.2000775754e+08 1.4220496267e-01
1.0237113592e+01 8.0695467677e+00 1.3974648929e-02 2.8590689959e+07 7.4174930809e-02 1.3439416583e-04 2.7495659799e+05 1.2000831072e+08 1.4280148285e-01
1.0287050007e+01 8.0702201209e+00 1.3111623606e-02 2.8577347712e+07 7.4181067771e-02 1.0928139862e-04 2.3818350957e+05 1.1999745479e+08 1.4334657368e-01
1.0336986421e+01 8.0708560884e+00 1.2363336814e-02 2.8566260320e+07 7.4185873760e-02 8.6963632333e-05 2.0093489298e+05 1.1998617529e+08 1.4386182256e-01
1.0386922836e+01 8.0714647463e+00 1.2125522291e-02 2.8601656463e+07 7.4189974987e-02 7.6564294911e-05 1.8059969772e+05 1.1998356823e+08 1.4435511347e-01
1.0436859250e+01 8.0720639075e+00 1.1714310048e-02 2.8621211753e+07 7.4193508555e-02 6.7309737127e-05 1.6445580076e+05 1.1999462415e+08 1.4484030142e-01
1.0486795665e+01 8.0726232670e+00 1.0694521017e-02 2.8568423039e+07 7.4196850706e-02 6.5196020318e-05 1.7415903769e+05 1.2000348299e+08 1.4529394240e-01
1.0536732079e+01 8.0731376014e+00 9.9473491916e-03 2.8531808933e+07 7.4199847549e-02 5.5643894052e-05 1.5960241495e+05 1.2000363711e+08 1.4571202046e-01
1.0586668494e+01 8.0736152728e+00 9.1327866272e-03 2.8475779384e+07 7.4202670011e-02 5.8745480089e-05 1.8316680320e+05 1.2000336752e+08 1.4610105015e-01
1.0636604908e+01 8.0740462267e+00 8.1669727415e-03 2.8383773681e+07 7.4205591983e-02 5.6940718471e-05 1.9789370156e+05 1.2000315954e+08 1.4645318312e-01
1.0686541323e+01 8.0744404899e+00 7.7091203833e-03 2.8353831017e+07 7.4208478836e-02 6.1500924717e-05 2.2619789809e+05 1.2000621303e+08 1.4677623799e-01
1.0736477737e+01 8.0748159348e+00 7.2777624947e-03 2.8321532744e+07 7.4211863820e-02 7.2816197735e-05 2.8336543408e+05 1.2000760746e+08 1.4708422394e-01
1.0786414152e+01 8.0751679659e+00 6.8917882002e-03 2.8290452708e+07 7.4215584495e-02 7.5962635503e-05 3.1182289485e+05 1.2000709103e+08 1.4737353785e-01
1.0836350566e+01 8.0755059995e+00 6.5739110047e-03 2.8264612350e+07 7.4219558977e-02 8.3757574804e-05 3.6011673744e+05 1.1999863024e+08 1.4765159245e-01
1.0886286981e+01 8.0758185951e+00 5.9862687042e-03 2.8181827244e+07 7.4223812319e-02 8.4676909859e-05 3.9863730867e+05 1.1999498363e+08 1.4790937168e-01
1.0936223395e+01 8.0761124439e+00 5.8241416180e-03 2.8177448596e+07 7.4228044996e-02 8.7415135907e-05 4.2291820152e+05 1.1999401581e+08 1.4815215005e-01
1.0986159810e+01 8.0763982796e+00 5.6260783360e-03 2.8162170995e+07 7.4232768914e-02 1.0222458822e-04 5.1170036417e+05 1.1999102114e+08 1.4838842070e-01
1.1036096224e+01 8.0766825283e+00 5.8649200508e-03 2.8238690758e+07 7.4238279143e-02 1.2001956122e-04 5.7787578430e+05 1.1998959877e+08 1.4862327868e-01
1.1086032639e+01 8.0769859676e+00 6.1999525230e-03 2.8333794480e+07 7.4244995383e-02 1.4933109240e-04 6.8244336805e+05 1.1999247759e+08 1.4887312788e-01
1.1135969053e+01 8.0772936724e+00 6.1251344161e-03 2.8348534697e+07 7.4252998203e-02 1.6959957136e-04 7.8494593044e+05 1.1999874036e+08 1.4912616956e-01
1.1185905468e+01 8.0776040807e+00 6.3509945209e-03 2.8423256834e+07 7.4262080165e-02 1.9581721018e-04 8.7636083440e+05 1.2001226848e+08 1.4938116342e-01
1.1235841882e+01 8.0779212850e+00 6.1971703738e-03 2.8425528307e+07 7.4272208815e-02 2.0159662308e-04 9.2469468647e+05 1.2002044698e+08 1.4964131581e-01
1.1285778297e+01 8.0782100515e+00 5.3428824421e-03 2.8276160320e+07 7.4281543431e-02 1.7084467315e-04 9.0416201741e+05 1.2001859917e+08 1.4987890868e-01
1.1335714711e+01 8.0784647773e+00 5.0580606605e-03 2.8231710445e+07 7.4289733447e-02 1.6713934000e-04 9.3289301328e+05 1.2000559181e+08 1.5008947533e-01
1.1385651126e+01 8.0787401341e+00 6.2319587668e-03 2.8497042466e+07 7.4299765169e-02 2.5422658273e-04 1.1625086100e+06 1.1998719937e+08 1.5031620996e-01
1.1435587540e+01 8.0791051629e+00 8.3496896263e-03 2.8869140741e+07 7.4316720717e-02 4.2404696405e-04 1.4661468909e+06 1.1998083100e+08 1.5061303465e-01
1.1485523955e+01 8.0795415497e+00 8.6633858133e-03 2.8953249386e+07 7.4339655866e-02 4.6007505486e-04 1.5375821979e+06 1.1998532944e+08 1.5096495560e-01
1.1535460369e+01 8.0799447383e+00 7.4749828798e-03 2.8815809094e+07 7.4361077633e-02 4.0018814323e-04 1.5427119129e+06 1.1998910819e+08 1.5129087801e-01
1.1585396784e+01 8.0802885391e+00 6.2160347610e-03 2.8628955238e+07 7.4379665136e-02 3.3603683372e-04 1.5476720837e+06 1.1999488264e+08 1.5157046146e-01
1.1635333198e+01 8.0805581719e+00 4.6371095847e-03 2.8312470621e+07 7.4393836405e-02 2.3405733744e-04 1.4290672603e+06 1.2000770958e+08 1.5179181902e-01
1.1685269613e+01 8.0807660961e+00 3.8510319598e-03 2.8116592303e+07 7.4404040606e-02 1.8568127926e-04 1.3556690471e+06 1.2002084369e+08 1.5196429466e-01
1.1735206027e+01 8.0809529075e+00 3.6675497458e-03 2.8075904271e+07 7.4413070894e-02 1.7838225758e-04 1.3655556256e+06 1.2001968072e+08 1.5211988498e-01
1.1785142442e+01 8.0811313901e+00 3.4548312022e-03 2.8019438761e+07 7.4421744628e-02 1.6679523750e-04 1.3527459575e+06 1.2000617455e+08 1.5226875703e-01
1.1835078856e+01 8.0812972539e+00 3.2089177265e-03 2.7944912749e+07 7.4429680438e-02 1.5268440153e-04 1.3296546196e+06 1.1999097880e+08 1.5240746501e-01
1.1885015271e+01 8.0814540137e+00 3.0788140366e-03 2.7910450267e+07 7.4437151827e-02 1.4699656154e-04 1.3325716239e+06 1.1998928975e+08 1.5253881637e-01
1.1934951685e+01 8.0816046050e+00 2.9461609093e-03 2.7876624714e+07 7.4444289301e-02 1.3739419311e-04 1.3000261958e+06 1.1999971230e+08 1.5266516080e-01
1.1984888100e+01 8.0817470632e+00 2.7442275927e-03 2.7808925708e+07 7.4450692628e-02 1.1730570774e-04 1.1887300166e+06 1.1999298524e+08 1.5278490137e-01
1.2000000000e+01 8.0817879469e+00 2.6664143269e-03 2.7779952303e+07 7.4452404617e-02 1.0919549434e-04 1.1376497621e+06 1.1999029683e+08 1.5281932934e-01
