# TPV104 station: x2_-12_x3_3 (along_strike=-12000, down_dip=3000)
# Columns (SCEC TPV104 trace layout): t  h-slip  h-slip-rate  h-shear-stress  v-slip  v-slip-rate  v-shear-stress  n-stress  psi
# BP5 convention: h = strike = component 2, v = dip = component 1.  TPV104 is pure strike-slip so v-slip / v-slip-rate / v-shear-stress ≈ 0.
0.0000000000e+00 0.0000000000e+00 1.0000000000e-16 4.0000000000e+07 0.0000000000e+00 0.0000000000e+00 0.0000000000e+00 1.2000000000e+08 5.6359184263e-01
1.4862028124e-04 1.4862028124e-20 1.0000000000e-16 4.0000000000e+07 0.0000000000e+00 0.0000000000e+00 0.0000000000e+00 1.2000000000e+08 5.6359184263e-01
5.0085034779e-02 5.0085034779e-18 1.0000000000e-16 4.0000000000e+07 -5.1241476019e-38 9.9025909316e-36 3.9610363726e-12 1.2000000000e+08 5.6359184263e-01
1.0002144928e-01 1.0002144928e-17 1.0000000000e-16 4.0000000000e+07 -2.3716060061e-38 -8.4116551812e-36 -3.3646620725e-12 1.2000000000e+08 5.6359184263e-01
1.4995786377e-01 1.4995786377e-17 1.0000000000e-16 4.0000000000e+07 3.9162129467e-38 2.5493725748e-36 1.0197490299e-12 1.2000000000e+08 5.6359184263e-01
1.9989427827e-01 1.9989427827e-17 1.0000000000e-16 4.0000000000e+07 3.7874887480e-39 3.0646366090e-36 1.2258546436e-12 1.2000000000e+08 5.6359184263e-01
2.4983069277e-01 2.4983069277e-17 1.0000000000e-16 4.0000000000e+07 -2.7365354265e-38 1.9293773376e-37 7.7175093504e-14 1.2000000000e+08 5.6359184263e-01
2.9976710727e-01 2.9976710727e-17 1.0000000000e-16 4.0000000000e+07 1.3373454751e-39 -2.1435610416e-36 -8.5742441666e-13 1.2000000000e+08 5.6359184263e-01
3.4970352177e-01 3.4970352177e-17 1.0000000000e-16 4.0000000000e+07 2.2003055788e-38 7.6578016780e-37 3.0631206712e-13 1.2000000000e+08 5.6359184263e-01
3.9963993626e-01 3.9963993626e-17 1.0000000000e-16 4.0000000000e+07 -1.9472114535e-38 6.4904879295e-39 2.5961951718e-15 1.2000000000e+08 5.6359184263e-01
4.4957635076e-01 4.4957635076e-17 1.0000000000e-16 4.0000000000e+07 1.7915998088e-38 -2.0650636754e-37 -8.2602547014e-14 1.2000000000e+08 5.6359184263e-01
4.9951276526e-01 4.9951276526e-17 1.0000000000e-16 4.0000000000e+07 -1.1653965220e-38 -1.0844474900e-37 -4.3377899599e-14 1.2000000000e+08 5.6359184263e-01
5.4944917976e-01 5.4944917976e-17 1.0000000000e-16 4.0000000000e+07 1.0890987735e-38 7.2607589381e-38 2.9043035752e-14 1.2000000000e+08 5.6359184263e-01
5.9938559425e-01 5.9938559425e-17 1.0000000000e-16 4.0000000000e+07 4.1012759780e-39 7.1138066309e-37 2.8455226524e-13 1.2000000000e+08 5.6359184263e-01
6.4932200875e-01 6.4932200875e-17 1.0000000000e-16 4.0000000000e+07 -1.6236925042e-38 -6.5573555498e-37 -2.6229422199e-13 1.2000000000e+08 5.6359184263e-01
6.9925842325e-01 6.9925842325e-17 1.0000000000e-16 4.0000000000e+07 9.0401669750e-39 -1.2377158168e-37 -4.9508632672e-14 1.2000000000e+08 5.6359184263e-01
7.4919483775e-01 7.4919483775e-17 1.0000000000e-16 4.0000000000e+07 7.6326469859e-39 1.0622532980e-36 4.2490131918e-13 1.2000000000e+08 5.6359184263e-01
7.9913125224e-01 7.9913125224e-17 1.0000000000e-16 4.0000000000e+07 -6.0718610540e-39 -1.6243325686e-36 -6.4973302744e-13 1.2000000000e+08 5.6359184263e-01
8.4906766674e-01 8.4906766674e-17 1.0000000000e-16 4.0000000000e+07 -1.0075676637e-38 1.5458216401e-36 6.1832865602e-13 1.2000000000e+08 5.6359184263e-01
8.9900408124e-01 8.9900408124e-17 1.0000000000e-16 4.0000000000e+07 2.2460438492e-38 -9.4740459931e-37 -3.7896183973e-13 1.2000000000e+08 5.6359184263e-01
9.4894049574e-01 9.4894049574e-17 1.0000000000e-16 4.0000000000e+07 -1.7792594739e-38 3.4845633810e-37 1.3938253524e-13 1.2000000000e+08 5.6359184263e-01
9.9887691023e-01 9.9887691023e-17 1.0000000000e-16 4.0000000000e+07 2.6154222281e-39 -3.9524526298e-37 -1.5809810519e-13 1.2000000000e+08 5.6359184263e-01
1.0488133247e+00 1.0488133247e-16 1.0000000000e-16 4.0000000000e+07 1.1730715182e-39 1.0175405653e-36 4.0701622613e-13 1.2000000000e+08 5.6359184263e-01
1.0987497392e+00 1.0987497392e-16 1.0000000000e-16 4.0000000000e+07 2.0853372917e-38 -9.8428273352e-37 -3.9371309341e-13 1.2000000000e+08 5.6359184263e-01
1.1486861537e+00 1.1486861537e-16 1.0000000000e-16 4.0000000000e+07 -2.9456528746e-38 -1.1387073402e-37 -4.5548293609e-14 1.2000000000e+08 5.6359184263e-01
1.1986225682e+00 1.1986225682e-16 1.0000000000e-16 4.0000000000e+07 8.1361581038e-39 1.1691521622e-36 4.6766086487e-13 1.2000000000e+08 5.6359184263e-01
1.2485589827e+00 1.2485589827e-16 1.0000000000e-16 4.0000000000e+07 5.6279638681e-38 5.4270824448e-37 2.1708329779e-13 1.2000000000e+08 5.6359184263e-01
1.2984953972e+00 1.2984953972e-16 1.0000000000e-16 4.0000000000e+07 5.7206062416e-38 2.1321017168e-38 8.5284068674e-15 1.2000000000e+08 5.6359184263e-01
1.3484318117e+00 1.3484318117e-16 1.0000000000e-16 4.0000000000e+07 1.4062818109e-37 3.3462532059e-36 1.3385012823e-12 1.2000000000e+08 5.6359184263e-01
1.3983682262e+00 1.3983682262e-16 1.0000000000e-16 4.0000000000e+07 3.0146099815e-37 2.4051843529e-36 9.6207374117e-13 1.2000000000e+08 5.6359184263e-01
1.4483046407e+00 1.4483046407e-16 1.0000000000e-16 4.0000000000e+07 4.2509909445e-37 3.4897881558e-36 1.3959152623e-12 1.2000000000e+08 5.6359184263e-01
1.4982410552e+00 1.4982410552e-16 1.0000000000e-16 4.0000000000e+07 6.8109551951e-37 6.4613767222e-36 2.5845506889e-12 1.2000000000e+08 5.6359184263e-01
1.5481774697e+00 1.5481774697e-16 1.0000000000e-16 4.0000000000e+07 1.0281496993e-36 6.9492404358e-36 2.7796961743e-12 1.2000000000e+08 5.6359184263e-01
1.5981138842e+00 1.5981138842e-16 1.0000000000e-16 4.0000000000e+07 1.3690691199e-36 7.4524116985e-36 2.9809646794e-12 1.2000000000e+08 5.6359184263e-01
1.6480502987e+00 1.6480502987e-16 1.0000000000e-16 4.0000000000e+07 1.8485418509e-36 1.1723188113e-35 4.6892752453e-12 1.2000000000e+08 5.6359184263e-01
1.6979867132e+00 1.6979867132e-16 1.0000000000e-16 4.0000000000e+07 2.4945208271e-36 1.3829024947e-35 5.5316099786e-12 1.2000000000e+08 5.6359184263e-01
1.7479231277e+00 1.7479231277e-16 1.0000000000e-16 4.0000000000e+07 3.2157100306e-36 1.4985080379e-35 5.9940321517e-12 1.2000000000e+08 5.6359184263e-01
1.7978595422e+00 1.7978595422e-16 1.0000000000e-16 4.0000000000e+07 4.0045757581e-36 1.6855918125e-35 6.7423672498e-12 1.2000000000e+08 5.6359184263e-01
1.8477959567e+00 1.8477959567e-16 1.0000000000e-16 4.0000000000e+07 4.9250205618e-36 2.0225296214e-35 8.0901184856e-12 1.2000000000e+08 5.6359184263e-01
1.8977323712e+00 1.8977323712e-16 1.0000000000e-16 4.0000000000e+07 6.0216886984e-36 2.3382761352e-35 9.3531045408e-12 1.2000000000e+08 5.6359184263e-01
1.9476687857e+00 1.9476687857e-16 1.0000000000e-16 4.0000000000e+07 7.2487597374e-36 2.6074201271e-35 1.0429680508e-11 1.2000000000e+08 5.6359184263e-01
1.9976052002e+00 1.9976052002e-16 1.0000000000e-16 4.0000000000e+07 8.7009991283e-36 3.3351877136e-35 1.3340750855e-11 1.2000000000e+08 5.6359184263e-01
2.0475416147e+00 2.0475416147e-16 1.0000000000e-16 4.0000000000e+07 1.0869441828e-35 5.9796997435e-35 2.3918798974e-11 1.2000000000e+08 5.6359184263e-01
2.0974780292e+00 2.0974780292e-16 1.0000000000e-16 4.0000000000e+07 1.6640219120e-35 2.2156869923e-34 8.8627479694e-11 1.2000000000e+08 5.6359184263e-01
2.1474144437e+00 2.1474144437e-16 1.0000000000e-16 4.0000000000e+07 5.0504878628e-35 1.6067295401e-33 6.4269181602e-10 1.2000000000e+08 5.6359184263e-01
2.1973508582e+00 2.1973508582e-16 1.0000000000e-16 4.0000000000e+07 3.5393071495e-34 1.5503982001e-32 6.2015928005e-09 1.2000000000e+08 5.6359184263e-01
2.2472872727e+00 2.2472872727e-16 1.0000000000e-16 4.0000000000e+07 3.5250891103e-33 1.6620276119e-31 6.6481104477e-08 1.2000000000e+08 5.6359184263e-01
2.2972236872e+00 2.2972236872e-16 1.0000000000e-16 4.0000000000e+07 3.8169521227e-32 1.8187462973e-30 7.2749851890e-07 1.2000000000e+08 5.6359184263e-01
2.3471601017e+00 2.3471601017e-16 1.0000000000e-16 4.0000000000e+07 4.0987942182e-31 1.9238667145e-29 7.6954668577e-06 1.2000000000e+08 5.6359184263e-01
2.3970965162e+00 2.3970965162e-16 1.0000000002e-16 4.0000000000e+07 4.1598541732e-30 1.8908178930e-28 7.5632715707e-05 1.2000000000e+08 5.6359184263e-01
2.4470329307e+00 2.4470329307e-16 1.0000000015e-16 4.0000000002e+07 3.8617715390e-29 1.6769606228e-27 6.7078424815e-04 1.2000000000e+08 5.6359184263e-01
2.4969693452e+00 2.4969693454e-16 1.0000000115e-16 4.0000000014e+07 3.2040530041e-28 1.3139184134e-26 5.2556735952e-03 1.2000000000e+08 5.6359184263e-01
2.5469057597e+00 2.5469057617e-16 1.0000000784e-16 4.0000000094e+07 2.3374693358e-27 8.9579017224e-26 3.5831604166e-02 1.2000000000e+08 5.6359184263e-01
2.5968421742e+00 2.5968421871e-16 1.0000004599e-16 4.0000000552e+07 1.4829825355e-26 5.2586916447e-25 2.1034757195e-01 1.2000000000e+08 5.6359184263e-01
2.6467785887e+00 2.6467786597e-16 1.0000023063e-16 4.0000002768e+07 8.1240219337e-26 2.6389450449e-24 1.0555756566e+00 1.2000000000e+08 5.6359184263e-01
2.6967150032e+00 2.6967153373e-16 1.0000098221e-16 4.0000011787e+07 3.8246342807e-25 1.1252412059e-23 4.5009219411e+00 1.2000000000e+08 5.6359184263e-01
2.7466514177e+00 2.7466527616e-16 1.0000352457e-16 4.0000042293e+07 1.5405809840e-24 4.0450088412e-23 1.6179482215e+01 1.2000000000e+08 5.6359184263e-01
2.7965878322e+00 2.7965924275e-16 1.0001052914e-16 4.0000126337e+07 5.2780217343e-24 1.2117288931e-22 4.8464205948e+01 1.1999999998e+08 5.6359184263e-01
2.8465242466e+00 2.8465375263e-16 1.0002595888e-16 4.0000311481e+07 1.5295423856e-23 3.0001447257e-22 1.1997557919e+02 1.2000000004e+08 5.6359184263e-01
2.8964606611e+00 2.8964935163e-16 1.0005561835e-16 4.0000667214e+07 3.7978823701e-23 6.4578155662e-22 2.5817333965e+02 1.1999999994e+08 5.6359184263e-01
2.9463970756e+00 2.9464715147e-16 1.0012040664e-16 4.0001443958e+07 8.6361889800e-23 1.4026562641e-21 5.6040799097e+02 1.1999999985e+08 5.6359184263e-01
2.9963334901e+00 2.9965074350e-16 1.0031952005e-16 4.0003827955e+07 2.0238017166e-22 3.7272357374e-21 1.4862879837e+03 1.1999999956e+08 5.6359184263e-01
3.0462699046e+00 3.0467631288e-16 1.0115462983e-16 4.0013775611e+07 5.7564041396e-22 1.3534790864e-20 5.3539623987e+03 1.1999999934e+08 5.6359184263e-01
3.0962063191e+00 3.0978803334e-16 1.0401609651e-16 4.0047247749e+07 1.9760662141e-21 4.8142034933e-20 1.8535169697e+04 1.2000000401e+08 5.6359184263e-01
3.1461427336e+00 3.1510197868e-16 1.0898126271e-16 4.0103188607e+07 5.8934695235e-21 1.1159175787e-19 4.1063804927e+04 1.2000000618e+08 5.6359184263e-01
3.1960791481e+00 3.2067870951e-16 1.1438959852e-16 4.0161274289e+07 1.3275134063e-20 1.8493208282e-19 6.4928177032e+04 1.1999999177e+08 5.6359184263e-01
3.2460155626e+00 3.2653425309e-16 1.2021812274e-16 4.0220872269e+07 2.4530959112e-20 2.6771104378e-19 8.9566959218e+04 1.2000001165e+08 5.6359184263e-01
3.2959519771e+00 3.3269905431e-16 1.2681671452e-16 4.0284929851e+07 4.0278449881e-20 3.6562275990e-19 1.1614468401e+05 1.2000001517e+08 5.6359184263e-01
3.3458883916e+00 3.3921764263e-16 1.3442629560e-16 4.0354747609e+07 6.1403487084e-20 4.8397442157e-19 1.4528902656e+05 1.1999995933e+08 5.6359184263e-01
3.3958248061e+00 3.4614508653e-16 1.4321137106e-16 4.0430597914e+07 8.9052852275e-20 6.2775998520e-19 1.7722553287e+05 1.1999997936e+08 5.6359184263e-01
3.4457612206e+00 3.5354332101e-16 1.5331800743e-16 4.0512291798e+07 1.2463485088e-19 8.0259169146e-19 2.1207442847e+05 1.2000005204e+08 5.6359184263e-01
3.4956976351e+00 3.6148339301e-16 1.6491984796e-16 4.0599585900e+07 1.6985014607e-19 1.0147741558e-18 2.4981474952e+05 1.1999995409e+08 5.6359184263e-01
3.5456340496e+00 3.7004481035e-16 1.7820964788e-16 4.0692341737e+07 2.2679821230e-19 1.2734799537e-18 2.9078606061e+05 1.2000000441e+08 5.6359184263e-01
3.5955704641e+00 3.7931470414e-16 1.9329653229e-16 4.0789541377e+07 2.9807817772e-19 1.5913165349e-18 3.3580049717e+05 1.2000004889e+08 5.6359184263e-01
3.6455068786e+00 3.8938189193e-16 2.1017734036e-16 4.0889482044e+07 3.8700884202e-19 1.9834375264e-18 3.8587286803e+05 1.1999974043e+08 5.6359184263e-01
3.6954432931e+00 4.0034079588e-16 2.2897421654e-16 4.0991969875e+07 4.9768187683e-19 2.4617662080e-18 4.4071619835e+05 1.2000041720e+08 5.6359184263e-01
3.7453797076e+00 4.1229639741e-16 2.5033045085e-16 4.1098174872e+07 6.3466958968e-19 3.0429239573e-18 4.9957414486e+05 1.1999996623e+08 5.6359184263e-01
3.7953161221e+00 4.2538802553e-16 2.7445150951e-16 4.1207627943e+07 8.0362805478e-19 3.7450824379e-18 5.6230684972e+05 1.1999949712e+08 5.6359184263e-01
3.8452525366e+00 4.3976334702e-16 3.0170282851e-16 4.1320674621e+07 1.0112606028e-18 4.5925705707e-18 6.2899017274e+05 1.2000056863e+08 5.6359184263e-01
3.8951889511e+00 4.5559399158e-16 3.3298434387e-16 4.1437651375e+07 1.2655626215e-18 5.6246951329e-18 6.9995529911e+05 1.1999965594e+08 5.6359184263e-01
3.9451253656e+00 4.7310288222e-16 3.6912732469e-16 4.1560160782e+07 1.5769969035e-18 6.8900646359e-18 7.7575452943e+05 1.2000007346e+08 5.6359184263e-01
3.9950617801e+00 4.9257168783e-16 4.1166456465e-16 4.1689596288e+07 1.9588880455e-18 8.4540520008e-18 8.5614853737e+05 1.2000025042e+08 5.6359184263e-01
4.0449981946e+00 5.1440809454e-16 4.6494344971e-16 4.1833781033e+07 2.4286502071e-18 1.0431181425e-17 9.3855663502e+05 1.1999974619e+08 5.6359184263e-01
4.0949346091e+00 5.3929247390e-16 5.3519926078e-16 4.2001030174e+07 3.0099498695e-18 1.2960761878e-17 1.0171264996e+06 1.2000008454e+08 5.6359184263e-01
4.1448710236e+00 5.6825794826e-16 6.2862558154e-16 4.2192286656e+07 3.7369328274e-18 1.6306185061e-17 1.0944435838e+06 1.2000010392e+08 5.6359184263e-01
4.1948074381e+00 6.0249493515e-16 7.4535372167e-16 4.2394483725e+07 4.6571592949e-18 2.0692985987e-17 1.1769827293e+06 1.1999980169e+08 5.6359184263e-01
4.2447438526e+00 6.4326073179e-16 8.9857149377e-16 4.2616523394e+07 5.8294962302e-18 2.6756460100e-17 1.2689778339e+06 1.2000032962e+08 5.6359184263e-01
4.2946802671e+00 6.9300886825e-16 1.0834344468e-15 4.2837934795e+07 7.3688292537e-18 3.4549384184e-17 1.3660487455e+06 1.1999953769e+08 5.6359184263e-01
4.3446166816e+00 7.5167968542e-16 1.3261001482e-15 4.3077876437e+07 9.2925177478e-18 4.5114220512e-17 1.4655188897e+06 1.2000086538e+08 5.6359184263e-01
4.3945530961e+00 8.3394880050e-16 1.8889852445e-15 4.3495660713e+07 1.2285796339e-17 7.1586563277e-17 1.6483479037e+06 1.1999909619e+08 5.6359184263e-01
4.4444895106e+00 9.0195967486e-16 6.2192759189e-16 4.2178049719e+07 1.4689374380e-17 1.6842620741e-17 1.1422373027e+06 1.1999968564e+08 5.6359184263e-01
4.4944259251e+00 9.1446539474e-16 7.6729901127e-17 3.9682495659e+07 1.4928069135e-17 2.6487156910e-19 1.3698394936e+05 1.2000175210e+08 5.6359184263e-01
4.5443623396e+00 9.1693439293e-16 4.0675243471e-17 3.8919731233e+07 1.4923845733e-17 -1.7793292151e-19 -1.7025347341e+05 1.1999862116e+08 5.6359184263e-01
4.5942987541e+00 9.1922409367e-16 5.2580990515e-17 3.9228378826e+07 1.4917169086e-17 -7.2752673433e-20 -5.4277589793e+04 1.1999936943e+08 5.6359184263e-01
4.6442351686e+00 9.2212279955e-16 6.2260132424e-17 3.9431851840e+07 1.4916032791e-17 1.2281249749e-20 7.7782105761e+03 1.2000143416e+08 5.6359184263e-01
4.6941715831e+00 9.2540327655e-16 6.9699296736e-17 3.9566924017e+07 1.4917601340e-17 4.9203355581e-20 2.7931780130e+04 1.2000033218e+08 5.6359184263e-01
4.7441079976e+00 9.2920839096e-16 8.4088522674e-17 3.9791187699e+07 1.4920910219e-17 8.1459914308e-20 3.8547314629e+04 1.1999748471e+08 5.6359184263e-01
4.7940444121e+00 9.3394283175e-16 1.0722939824e-16 4.0084361997e+07 1.4925865916e-17 1.2881662798e-19 4.8154073714e+04 1.2000188527e+08 5.6359184263e-01
4.8439808266e+00 9.4019719933e-16 1.4650293578e-16 4.0458434584e+07 1.4936596861e-17 3.3821239661e-19 9.3401159858e+04 1.2000085677e+08 5.6359184263e-01
4.8939172411e+00 9.4887056274e-16 2.0332470219e-16 4.0850556171e+07 1.4962968630e-17 7.4991271863e-19 1.5066714130e+05 1.1999784101e+08 5.6359184263e-01
4.9438536556e+00 9.6092107991e-16 2.8541116973e-16 4.1258401171e+07 1.5017775342e-17 1.5431397843e-18 2.2307284030e+05 1.2000137830e+08 5.6359184263e-01
4.9937900701e+00 9.7808673170e-16 4.0699676767e-16 4.1683255985e+07 1.5127698540e-17 2.9188686086e-18 2.9894081983e+05 1.1999981289e+08 5.6359184263e-01
5.0437264845e+00 1.0020536050e-15 5.6032268259e-16 4.2066445329e+07 1.5315087654e-17 4.7169977014e-18 3.5413045391e+05 1.1999966398e+08 5.6359184263e-01
5.0936628990e+00 1.0353755820e-15 7.8934314878e-16 4.2477283179e+07 1.5622195724e-17 7.8165293148e-18 4.2063446005e+05 1.2000019726e+08 5.6359184263e-01
5.1435993135e+00 1.0825080249e-15 1.1150910438e-15 4.2890930930e+07 1.6120199240e-17 1.2444263799e-17 4.7865693303e+05 1.1999916525e+08 5.6359184263e-01
5.1935357280e+00 1.1495906421e-15 1.6113588344e-15 4.3332831386e+07 1.6909309866e-17 1.9643689243e-17 5.2826015882e+05 1.2000101502e+08 5.6359184263e-01
5.2434721425e+00 1.2474781896e-15 2.3395632615e-15 4.3779070715e+07 1.8166498912e-17 3.2217464611e-17 6.0286921267e+05 1.2000013288e+08 5.6359184263e-01
5.2934085570e+00 1.3935672670e-15 3.7581688483e-15 4.4346589137e+07 2.0360563804e-17 5.7982690767e-17 6.8419878625e+05 1.1999973964e+08 5.6359184263e-01
5.3433449715e+00 1.6524950839e-15 6.5267190864e-15 4.5008406440e+07 2.4244433021e-17 1.0574137769e-16 7.2919499698e+05 1.1999991515e+08 5.6359184263e-01
5.3932813860e+00 1.9546670841e-15 4.6192486161e-15 4.4558724982e+07 3.2115250045e-17 2.0051558007e-16 1.9342363509e+06 1.2000047479e+08 5.6359184263e-01
5.4432178005e+00 2.1153556121e-15 2.3941172342e-15 4.3663637345e+07 4.2135752386e-17 1.9892735201e-16 3.6280143812e+06 1.1999796320e+08 5.6359184263e-01
5.4931542150e+00 2.2491987601e-15 3.5098916948e-15 4.4090224202e+07 5.4213603983e-17 3.2131188616e-16 4.0362251407e+06 1.1999938901e+08 5.6359184263e-01
5.5430906295e+00 2.5199469058e-15 7.7447574082e-15 4.5061834463e+07 7.7991486137e-17 6.5995383341e-16 3.8398530550e+06 1.2000339298e+08 5.6359184263e-01
5.5930270440e+00 3.0248435627e-15 1.1991248114e-14 4.5595316947e+07 1.2011143179e-16 9.8301117268e-16 3.7377848874e+06 1.2000035164e+08 5.6359184263e-01
5.6429634585e+00 3.6669279034e-15 1.3551008410e-14 4.5757581383e+07 1.7131186266e-16 1.0476813452e-15 3.5376971932e+06 1.1999922385e+08 5.6359184263e-01
5.6928998730e+00 4.6107159145e-15 3.3245748229e-14 4.6837846071e+07 2.4281522844e-16 2.5070568293e-15 3.5320348652e+06 1.1999901817e+08 5.6359184263e-01
5.7428362875e+00 1.1374411335e-14 3.7194210701e-13 4.9724279332e+07 7.5547829380e-16 2.8346636288e-14 3.7896114324e+06 1.1999859285e+08 5.6359184263e-01
5.7927727020e+00 8.3441161533e-14 3.5032190975e-12 5.2399310574e+07 6.3543347354e-15 2.7457096316e-13 4.1068881999e+06 1.1999886941e+08 5.6359184263e-01
5.8427091165e+00 8.5988426622e-13 4.5192128196e-11 5.5458202878e+07 6.7842836370e-14 3.5669430502e-12 4.3772280533e+06 1.2000309840e+08 5.6359184263e-01
5.8926455310e+00 3.5650425469e-11 1.0259860590e-08 6.1892783217e+07 3.0408149365e-12 9.2147229218e-10 5.5587972489e+06 1.2000287072e+08 5.6359184264e-01
5.9425819455e+00 1.0517530916e-01 7.3294477487e+00 7.2533590378e+07 4.8836820689e-03 3.7885515586e-01 3.7492217191e+06 1.1999733012e+08 4.4608842557e-01
5.9925183600e+00 6.0448332130e-01 1.0151666052e+01 3.8322432994e+07 2.8031563941e-02 2.7640587559e-01 1.0434292846e+06 1.1999893276e+08 1.5770209498e-01
6.0424547745e+00 1.0414987078e+00 7.7063348189e+00 2.8915819178e+07 2.7491941773e-02 -1.4340971511e-01 -5.3810397392e+05 1.1999872110e+08 8.2327397884e-02
6.0923911890e+00 1.3973464171e+00 6.5957682378e+00 2.6226439058e+07 2.0580114016e-02 -1.5379370954e-01 -6.1152260138e+05 1.1999888358e+08 6.1559927923e-02
6.1423276035e+00 1.6978794346e+00 5.6032049772e+00 2.5277051040e+07 1.4985946388e-02 -1.0360540667e-01 -4.6738235761e+05 1.2000402013e+08 5.5271180718e-02
6.1922640180e+00 1.9608846080e+00 4.7959826471e+00 2.4885491672e+07 9.1432385035e-03 -1.0478313608e-01 -5.4370085384e+05 1.2000376365e+08 5.3586150436e-02
6.2422004325e+00 2.1863704325e+00 4.3444430011e+00 2.4804698096e+07 4.9451599421e-03 -8.3782496010e-02 -4.7835810452e+05 1.1999496508e+08 5.3908673023e-02
6.2921368470e+00 2.3900743671e+00 3.7728611680e+00 2.4748093961e+07 1.6754301187e-03 -4.2069422208e-02 -2.7595449907e+05 1.1999562961e+08 5.4824225688e-02
6.3420732615e+00 2.5693093968e+00 3.4570432870e+00 2.4808341431e+07 1.2868971749e-04 -2.3661758567e-02 -1.6980087799e+05 1.2000170918e+08 5.6182566639e-02
6.3920096760e+00 2.7338786847e+00 3.1300305001e+00 2.4855662222e+07 2.0665382713e-04 2.5171377950e-02 1.9988663624e+05 1.2000236512e+08 5.7571618122e-02
6.4419460905e+00 2.8812395104e+00 2.7797177899e+00 2.4896416197e+07 1.9824150241e-03 5.7009162328e-02 5.1059997439e+05 1.2000375661e+08 5.9131463968e-02
6.4918825050e+00 3.0155403584e+00 2.6023087218e+00 2.4982126935e+07 6.6039039790e-03 1.2634826558e-01 1.2129415632e+06 1.1999872556e+08 6.0705473690e-02
6.5418189195e+00 3.1437226938e+00 2.5696261541e+00 2.5047296099e+07 1.5699278564e-02 2.4818853632e-01 2.4192047345e+06 1.2000017618e+08 6.2062709129e-02
6.5917553340e+00 3.2744346436e+00 2.7410140250e+00 2.5050226971e+07 3.1653102133e-02 4.2418534445e-01 3.8766453069e+06 1.1999220094e+08 6.2894882378e-02
6.6416917485e+00 3.4266963185e+00 3.3660372112e+00 2.4732202386e+07 6.3876706470e-02 8.7710153807e-01 6.4445671250e+06 1.2000562077e+08 6.2348759868e-02
6.6916281630e+00 3.6018145571e+00 3.5399014152e+00 2.4565004635e+07 1.1204567215e-01 9.5301811373e-01 6.6134311765e+06 1.2000033687e+08 6.0846987073e-02
6.7415645775e+00 3.7689872835e+00 3.0019042385e+00 2.4629271423e+07 1.5237764380e-01 6.3021995238e-01 5.1706706911e+06 1.1999784625e+08 6.0360300596e-02
6.7915009920e+00 3.8910083750e+00 1.9552369574e+00 2.4428661496e+07 1.7584551573e-01 3.6355699693e-01 4.5422682806e+06 1.2000231387e+08 6.2034730674e-02
6.8414374065e+00 3.9868183843e+00 2.1624662985e+00 2.4680811993e+07 1.9509619427e-01 4.6628622498e-01 5.3218506394e+06 1.2000055440e+08 6.4308844212e-02
6.8913738210e+00 4.1243522078e+00 3.3676827667e+00 2.5281974960e+07 2.2391333720e-01 6.4151987505e-01 4.8160383685e+06 1.1999982906e+08 6.3990574094e-02
6.9413102355e+00 4.3133165830e+00 4.0140759699e+00 2.5459891530e+07 2.5240053420e-01 4.5548803815e-01 2.8890026326e+06 1.2000454646e+08 6.1394401077e-02
6.9912466500e+00 4.5076041880e+00 3.6743734906e+00 2.5246019289e+07 2.6925357284e-01 2.4764468887e-01 1.7015261535e+06 1.1998681791e+08 5.9690079154e-02
7.0411830645e+00 4.6787424347e+00 3.2132517971e+00 2.5097967799e+07 2.7964104306e-01 1.8153833086e-01 1.4179539824e+06 1.2001060168e+08 5.9622193320e-02
7.0911194790e+00 4.8310455007e+00 2.9068149533e+00 2.5068252724e+07 2.8775755224e-01 1.4639236387e-01 1.2624817311e+06 1.1999529006e+08 6.0339444277e-02
7.1410558935e+00 4.9707132173e+00 2.6694085465e+00 2.5091022088e+07 2.9475595669e-01 1.3197521841e-01 1.2404969350e+06 1.2000905925e+08 6.1348946355e-02
7.1909923080e+00 5.0967070672e+00 2.4173713241e+00 2.5128807086e+07 3.0072454108e-01 1.0988077742e-01 1.1422212346e+06 1.1999429277e+08 6.2644696459e-02
7.2409287225e+00 5.2146252754e+00 2.2810636139e+00 2.5214907734e+07 3.0602624591e-01 1.0251022067e-01 1.1331493521e+06 1.1999351785e+08 6.3939961248e-02
7.2908651370e+00 5.3228264613e+00 2.0739429688e+00 2.5273731278e+07 3.1092371700e-01 9.3201111605e-02 1.1357785074e+06 1.2000925027e+08 6.5355390310e-02
7.3408015514e+00 5.4236913330e+00 1.9737908724e+00 2.5384080815e+07 3.1532609766e-01 8.6349473687e-02 1.1105036755e+06 1.1999757687e+08 6.6780474002e-02
7.3907379659e+00 5.5200226452e+00 1.8677567153e+00 2.5476632181e+07 3.1973584400e-01 8.6807880015e-02 1.1840794957e+06 1.2000599138e+08 6.8114574283e-02
7.4406743804e+00 5.6104456154e+00 1.7885759202e+00 2.5585460585e+07 3.2381098294e-01 8.0393437966e-02 1.1500228283e+06 1.1998977942e+08 6.9470006140e-02
7.4906107949e+00 5.6988874037e+00 1.7250813387e+00 2.5681655751e+07 3.2793731737e-01 8.2510002399e-02 1.2283440961e+06 1.1999167048e+08 7.0657622705e-02
7.5405472094e+00 5.7823840222e+00 1.6510677826e+00 2.5781641458e+07 3.3189514890e-01 7.7744840813e-02 1.2139959559e+06 1.2001063200e+08 7.1889088192e-02
7.5904836239e+00 5.8647527426e+00 1.6217071472e+00 2.5888482435e+07 3.3576694756e-01 7.5813008619e-02 1.2102578110e+06 1.2001313948e+08 7.2951622248e-02
7.6404200384e+00 5.9428018522e+00 1.5227426121e+00 2.5944166762e+07 3.3941390493e-01 7.1469802824e-02 1.2176873939e+06 1.1999448346e+08 7.4081532445e-02
7.6903564529e+00 6.0189599500e+00 1.5161262704e+00 2.6063291115e+07 3.4297945213e-01 6.9819287702e-02 1.2002433150e+06 1.1998741411e+08 7.5122702871e-02
7.7402928674e+00 6.0920172257e+00 1.4209535252e+00 2.6114935497e+07 3.4629384399e-01 6.4316639539e-02 1.1820406953e+06 1.1999107009e+08 7.6188183438e-02
7.7902292819e+00 6.1630009707e+00 1.4219836791e+00 2.6243788132e+07 3.4950606694e-01 6.3802519861e-02 1.1775239323e+06 1.2001593109e+08 7.7206281246e-02
7.8401656964e+00 6.2329800110e+00 1.3774791089e+00 2.6314184498e+07 3.5264258970e-01 6.2586404882e-02 1.1955972286e+06 1.2000871233e+08 7.8129966503e-02
7.8901021109e+00 6.3010858130e+00 1.3619431733e+00 2.6405068075e+07 3.5579543918e-01 6.4348227714e-02 1.2475699182e+06 1.2000072520e+08 7.9033472950e-02
7.9400385254e+00 6.3692148874e+00 1.3558943709e+00 2.6484060154e+07 3.5911433309e-01 6.7865414185e-02 1.3255838731e+06 1.1998598154e+08 7.9792537162e-02
7.9899749399e+00 6.4358209390e+00 1.3186463984e+00 2.6545067656e+07 3.6244488078e-01 6.5717491134e-02 1.3229287628e+06 1.2000377745e+08 8.0545132291e-02
8.0399113544e+00 6.5013582922e+00 1.3020714967e+00 2.6612442018e+07 3.6575932888e-01 6.6732190484e-02 1.3639086290e+06 1.1999769740e+08 8.1259969663e-02
8.0898477689e+00 6.5649534059e+00 1.2483377583e+00 2.6653967039e+07 3.6896012866e-01 6.1206337878e-02 1.3068512119e+06 1.1999168047e+08 8.2015764702e-02
8.1397841834e+00 6.6271494060e+00 1.2356266702e+00 2.6734654893e+07 3.7199413311e-01 6.0253149946e-02 1.3036681781e+06 1.2000406000e+08 8.2765386893e-02
8.1897205979e+00 6.6870321373e+00 1.1645109278e+00 2.6765856895e+07 3.7487955419e-01 5.5031425880e-02 1.2648771555e+06 1.2001062387e+08 8.3591392548e-02
8.2396570124e+00 6.7450876440e+00 1.1692824894e+00 2.6873844274e+07 3.7759538801e-01 5.4508924775e-02 1.2527890986e+06 1.2001122447e+08 8.4443352359e-02
8.2895934269e+00 6.8023384944e+00 1.1026230963e+00 2.6896387390e+07 3.8022840829e-01 4.9736116474e-02 1.2132176992e+06 1.1998678182e+08 8.5249785545e-02
8.3395298414e+00 6.8552567930e+00 1.0395366772e+00 2.6951852068e+07 3.8258788233e-01 4.6048647469e-02 1.1938937430e+06 1.1998097041e+08 8.6305210642e-02
8.3894662559e+00 6.9075455305e+00 1.0433069240e+00 2.7081650961e+07 3.8487484114e-01 4.4677996495e-02 1.1597295857e+06 1.2001214010e+08 8.7278957520e-02
8.4394026704e+00 6.9576769541e+00 9.6311774321e-01 2.7111878325e+07 3.8699864493e-01 4.0941748943e-02 1.1525150726e+06 1.2001475165e+08 8.8323694520e-02
8.4893390849e+00 7.0050094817e+00 9.4103600944e-01 2.7218072611e+07 3.8903252597e-01 4.0495786595e-02 1.1712806406e+06 1.1999307674e+08 8.9487026213e-02
8.5392754994e+00 7.0511253033e+00 8.9684098549e-01 2.7296270768e+07 3.9100121579e-01 3.8457013893e-02 1.1704784696e+06 1.1998686331e+08 9.0630943009e-02
8.5892119139e+00 7.0942404140e+00 8.3483711637e-01 2.7368010985e+07 3.9290225427e-01 3.7821103301e-02 1.2398686526e+06 1.2000985042e+08 9.1925825469e-02
8.6391483284e+00 7.1347119181e+00 7.8172421442e-01 2.7458506106e+07 3.9474196565e-01 3.5196567662e-02 1.2362993882e+06 1.2001000068e+08 9.3335315184e-02
8.6890847429e+00 7.1721704991e+00 7.2312761130e-01 2.7548592123e+07 3.9640949173e-01 3.2137832688e-02 1.2243372132e+06 1.1999012213e+08 9.4898688606e-02
8.7390211574e+00 7.2070559893e+00 6.6913992631e-01 2.7656400858e+07 3.9798180120e-01 3.0625410170e-02 1.2657870003e+06 1.1999646717e+08 9.6575335613e-02
8.7889575719e+00 7.2388395721e+00 6.0882383695e-01 2.7765763070e+07 3.9945563371e-01 2.8563375903e-02 1.3026492717e+06 1.2000612600e+08 9.8425923461e-02
8.8388939864e+00 7.2681541851e+00 5.6425194754e-01 2.7906283742e+07 4.0084163833e-01 2.6841690327e-02 1.3275130545e+06 1.1999276894e+08 1.0039151142e-01
8.8888304009e+00 7.2949851236e+00 5.0730713961e-01 2.8030778830e+07 4.0212694824e-01 2.4418611016e-02 1.3492273837e+06 1.2000043829e+08 1.0248563985e-01
8.9387668154e+00 7.3188014811e+00 4.5075269337e-01 2.8165526151e+07 4.0327295098e-01 2.1695538588e-02 1.3556574779e+06 1.2000776359e+08 1.0477798688e-01
8.9887032299e+00 7.3402968656e+00 4.1055188780e-01 2.8340570615e+07 4.0431250256e-01 1.9979312530e-02 1.3791804018e+06 1.1999545916e+08 1.0720282788e-01
9.0386396444e+00 7.3597108954e+00 3.6519623884e-01 2.8505656926e+07 4.0526053243e-01 1.7847491923e-02 1.3930989086e+06 1.1999839284e+08 1.0974782157e-01
9.0885760589e+00 7.3765607485e+00 3.1131970870e-01 2.8644830500e+07 4.0608046931e-01 1.5068359370e-02 1.3864544647e+06 1.2000505789e+08 1.1248730642e-01
9.1385124734e+00 7.3910563072e+00 2.6912123667e-01 2.8821074536e+07 4.0677712105e-01 1.2822522214e-02 1.3732058943e+06 1.2000222875e+08 1.1541205966e-01
9.1884488879e+00 7.4032041672e+00 2.1726818486e-01 2.8938870133e+07 4.0734933897e-01 1.0093027454e-02 1.3443330919e+06 1.1999324124e+08 1.1854094507e-01
9.2383853024e+00 7.4128925015e+00 1.7157771812e-01 2.9062618502e+07 4.0779184772e-01 7.6846514407e-03 1.3016614021e+06 1.1999844451e+08 1.2190682596e-01
9.2883217169e+00 7.4204831791e+00 1.3545566337e-01 2.9208722913e+07 4.0812712201e-01 5.9078300676e-03 1.2739236380e+06 1.2000383001e+08 1.2546691690e-01
9.3382581314e+00 7.4263994233e+00 9.9923631224e-02 2.9279123540e+07 4.0837716623e-01 4.0094575138e-03 1.1748312230e+06 1.1999700456e+08 1.2907588979e-01
9.3881945459e+00 7.4306133929e+00 7.2350909789e-02 2.9271306761e+07 4.0853913586e-01 2.6867122384e-03 1.0869742804e+06 1.1999255298e+08 1.3221939147e-01
9.4381309603e+00 7.4338599847e+00 5.8762526059e-02 2.9328946510e+07 4.0865628776e-01 2.0397608493e-03 1.0180644171e+06 1.2000396504e+08 1.3473518341e-01
9.4880673748e+00 7.4365572206e+00 5.0172934034e-02 2.9395935605e+07 4.0874764997e-01 1.6899808532e-03 9.9014676521e+05 1.2001834608e+08 1.3683541703e-01
9.5380037893e+00 7.4389439558e+00 4.5720529949e-02 2.9505100532e+07 4.0882845652e-01 1.5302132100e-03 9.8750155887e+05 1.2000804914e+08 1.3869367040e-01
9.5879402038e+00 7.4411381176e+00 4.2521377187e-02 2.9618014608e+07 4.0889922534e-01 1.3333874935e-03 9.2876319806e+05 1.1998131393e+08 1.4039893694e-01
9.6378766183e+00 7.4432129246e+00 4.0313169887e-02 2.9747658819e+07 4.0896552879e-01 1.3313001174e-03 9.8238520535e+05 1.1999038589e+08 1.4200702274e-01
9.6878130328e+00 7.4451273496e+00 3.6603720838e-02 2.9810776205e+07 4.0903072666e-01 1.2816059280e-03 1.0437645853e+06 1.2000262025e+08 1.4348896558e-01
9.7377494473e+00 7.4469579573e+00 3.7524591690e-02 3.0007094053e+07 4.0909639299e-01 1.3683114838e-03 1.0941904905e+06 1.1999665867e+08 1.4490240535e-01
9.7876858618e+00 7.4488433910e+00 3.6693053870e-02 3.0153107445e+07 4.0916522985e-01 1.3484604816e-03 1.1081190989e+06 1.1999524038e+08 1.4634949687e-01
9.8376222763e+00 7.4505638127e+00 3.3023571567e-02 3.0185457953e+07 4.0923081917e-01 1.3143513924e-03 1.2013933323e+06 1.2001007158e+08 1.4766959270e-01
9.8875586908e+00 7.4522032608e+00 3.1814882454e-02 3.0291087935e+07 4.0929726710e-01 1.2992887854e-03 1.2370585027e+06 1.2001393937e+08 1.4892519539e-01
9.9374951053e+00 7.4536700591e+00 2.7909035946e-02 3.0260554576e+07 4.0935915468e-01 1.2449095056e-03 1.3498012654e+06 1.1999917076e+08 1.5004996573e-01
9.9874315198e+00 7.4551074437e+00 2.9499615369e-02 3.0450828077e+07 4.0942725478e-01 1.4659083778e-03 1.5131764747e+06 1.1999538199e+08 1.5114947915e-01
1.0037367934e+01 7.4566064686e+00 3.2284888798e-02 3.0684768111e+07 4.0950644063e-01 1.8398181895e-03 1.7486321500e+06 1.1999771526e+08 1.5229002175e-01
1.0087304349e+01 7.4586274123e+00 5.0513556314e-02 3.1382812073e+07 4.0963378658e-01 3.4325377577e-03 2.1325500568e+06 1.2000427198e+08 1.5379974271e-01
1.0137240763e+01 7.4614313780e+00 5.5231173442e-02 3.1714743240e+07 4.0983705553e-01 4.2131573046e-03 2.4192714696e+06 1.1999665228e+08 1.5584890121e-01
1.0187177178e+01 7.4635008214e+00 2.6141410912e-02 3.0997979895e+07 4.0999758285e-01 2.0132445574e-03 2.3872664916e+06 1.1998481039e+08 1.5737481219e-01
1.0237113592e+01 7.4643524929e+00 1.1817137091e-02 3.0138949326e+07 4.1006120504e-01 8.5831373134e-04 2.1890813195e+06 1.1999740833e+08 1.5802697476e-01
1.0287050007e+01 7.4648731252e+00 9.5304552435e-03 2.9925456603e+07 4.1009972442e-01 7.2316593152e-04 2.2707279083e+06 1.2000538180e+08 1.5843441110e-01
1.0336986421e+01 7.4653135123e+00 8.2555777641e-03 2.9798338622e+07 4.1013303780e-01 6.1391582765e-04 2.2159165888e+06 1.2000521457e+08 1.5878127303e-01
1.0386922836e+01 7.4657165866e+00 7.9842381276e-03 2.9795955168e+07 4.1016280618e-01 5.9250290902e-04 2.2111302083e+06 1.2000191630e+08 1.5909963450e-01
1.0436859250e+01 7.4661076693e+00 7.5745900486e-03 2.9773341263e+07 4.1019170263e-01 5.4807120900e-04 2.1542962771e+06 1.2000020426e+08 1.5940863134e-01
1.0486795665e+01 7.4664631535e+00 6.6243826972e-03 2.9654280191e+07 4.1021674386e-01 4.6043379332e-04 2.0611479350e+06 1.2000795163e+08 1.5969035434e-01
1.0536732079e+01 7.4667712555e+00 5.7523857115e-03 2.9514320605e+07 4.1023829313e-01 4.0214886780e-04 2.0633440124e+06 1.2000959806e+08 1.5993586082e-01
1.0586668494e+01 7.4670397412e+00 5.0479389120e-03 2.9385566828e+07 4.1025664882e-01 3.3639683966e-04 1.9582669253e+06 1.1999170998e+08 1.6015091978e-01
1.0636604908e+01 7.4672830441e+00 4.7581522816e-03 2.9341375357e+07 4.1027266903e-01 3.1103368310e-04 1.9180041967e+06 1.1999506157e+08 1.6034649607e-01
1.0686541323e+01 7.4675139786e+00 4.4369808677e-03 2.9285365499e+07 4.1028760001e-01 2.8260362978e-04 1.8652662331e+06 1.2000480650e+08 1.6053242814e-01
1.0736477737e+01 7.4677237369e+00 3.9925903316e-03 2.9178960960e+07 4.1030079870e-01 2.4928921074e-04 1.8218749092e+06 1.1999442876e+08 1.6070190493e-01
1.0786414152e+01 7.4679178899e+00 3.8349974464e-03 2.9149185259e+07 4.1031285607e-01 2.3586597373e-04 1.7927784987e+06 1.1998619440e+08 1.6085921527e-01
1.0836350566e+01 7.4681093164e+00 3.8265603666e-03 2.9169921541e+07 4.1032443345e-01 2.2789957990e-04 1.7372815866e+06 1.1999242740e+08 1.6101432227e-01
1.0886286981e+01 7.4682971450e+00 3.6594955491e-03 2.9138765361e+07 4.1033552941e-01 2.1450684684e-04 1.7080126467e+06 1.2000284937e+08 1.6116655396e-01
1.0936223395e+01 7.4684730230e+00 3.3979708181e-03 2.9071447027e+07 4.1034569210e-01 1.9298450354e-04 1.6510850363e+06 1.2000890355e+08 1.6130942902e-01
1.0986159810e+01 7.4686396353e+00 3.3033515484e-03 2.9056779273e+07 4.1035503309e-01 1.8353107641e-04 1.6143670751e+06 1.2001301319e+08 1.6144502366e-01
1.1036096224e+01 7.4688025111e+00 3.1855750333e-03 2.9029731830e+07 4.1036401110e-01 1.7365157343e-04 1.5824642508e+06 1.2000872712e+08 1.6157764551e-01
1.1086032639e+01 7.4689548075e+00 2.9148353671e-03 2.8941293172e+07 4.1037216999e-01 1.5313500791e-04 1.5204718623e+06 1.2000943304e+08 1.6170195103e-01
1.1135969053e+01 7.4690965721e+00 2.8027810662e-03 2.8906163043e+07 4.1037949460e-01 1.4305484353e-04 1.4753798222e+06 1.1999201434e+08 1.6181796411e-01
1.1185905468e+01 7.4692366032e+00 2.7968943007e-03 2.8914387418e+07 4.1038664322e-01 1.4319102930e-04 1.4803136804e+06 1.1998051999e+08 1.6193257541e-01
1.1235841882e+01 7.4693738669e+00 2.6863344184e-03 2.8883026700e+07 4.1039360834e-01 1.3372733268e-04 1.4378143294e+06 1.1998684643e+08 1.6204497666e-01
1.1285778297e+01 7.4695050203e+00 2.5793118659e-03 2.8850702775e+07 4.1040001752e-01 1.2541800648e-04 1.4028538680e+06 1.1999489850e+08 1.6215253803e-01
1.1335714711e+01 7.4696324550e+00 2.5259777252e-03 2.8840106307e+07 4.1040631480e-01 1.2609345990e-04 1.4396598798e+06 1.2001015242e+08 1.6225714705e-01
1.1385651126e+01 7.4697567865e+00 2.4479058659e-03 2.8819549690e+07 4.1041236696e-01 1.1463502680e-04 1.3496147450e+06 1.2001312616e+08 1.6235928039e-01
1.1435587540e+01 7.4698762966e+00 2.3307280635e-03 2.8771366151e+07 4.1041784453e-01 1.0677262300e-04 1.3180406069e+06 1.2000285278e+08 1.6245757594e-01
1.1485523955e+01 7.4699893323e+00 2.2088379127e-03 2.8717066573e+07 4.1042307654e-01 1.0169358646e-04 1.3221167002e+06 1.1999954950e+08 1.6255074164e-01
1.1535460369e+01 7.4700990559e+00 2.2017757802e-03 2.8728147231e+07 4.1042795736e-01 9.4927868061e-05 1.2385919559e+06 1.2000158105e+08 1.6264125989e-01
1.1585396784e+01 7.4702084498e+00 2.1533767130e-03 2.8711641979e+07 4.1043266471e-01 9.2989926392e-05 1.2398636328e+06 1.1999910071e+08 1.6273148749e-01
1.1635333198e+01 7.4703126258e+00 2.0306393214e-03 2.8654270145e+07 4.1043707712e-01 8.3148297476e-05 1.1733022959e+06 1.1999946274e+08 1.6281756382e-01
1.1685269613e+01 7.4704138635e+00 2.0446121925e-03 2.8676533923e+07 4.1044109499e-01 7.9425659446e-05 1.1139778125e+06 1.2000659846e+08 1.6290128414e-01
1.1735206027e+01 7.4705165281e+00 2.0456451209e-03 2.8687926363e+07 4.1044501156e-01 7.6276017089e-05 1.0696873760e+06 1.2000235593e+08 1.6298610763e-01
1.1785142442e+01 7.4706165533e+00 1.9616520829e-03 2.8643646124e+07 4.1044868373e-01 7.1784132325e-05 1.0481773509e+06 1.1998298552e+08 1.6306881609e-01
1.1835078856e+01 7.4707135644e+00 1.9318086978e-03 2.8634874467e+07 4.1045226160e-01 7.1388495716e-05 1.0581796301e+06 1.1998442810e+08 1.6314911725e-01
1.1885015271e+01 7.4708088939e+00 1.8718074549e-03 2.8612087123e+07 4.1045576323e-01 6.8823136344e-05 1.0520171655e+06 1.2000703535e+08 1.6322806528e-01
1.1934951685e+01 7.4708996776e+00 1.7693524030e-03 2.8554467034e+07 4.1045917700e-01 6.8211168954e-05 1.1008172097e+06 1.2001832922e+08 1.6330338853e-01
1.1984888100e+01 7.4709872101e+00 1.7569390773e-03 2.8551304550e+07 4.1046257853e-01 6.8195064989e-05 1.1082103497e+06 1.2000503541e+08 1.6337611358e-01
1.2000000000e+01 7.4710138801e+00 1.7733490658e-03 2.8563655840e+07 4.1046361274e-01 6.8750616534e-05 1.1073786810e+06 1.1999869328e+08 1.6339826238e-01
