# BP5-QD time series at fltst_strk+16dp+10 (x2=16km, x3=10km)
# Columns: time(s), slip_strike(m), slip_dip(m), log10(V_strike)(m/s), log10(V_dip)(m/s), tau_strike(MPa), tau_dip(MPa), log10(state)(s)
0.000000000000E+00 0.000000000000E+00 0.000000000000E+00 -9.000000000000E+00 -2.000000000000E+01 -1.949004093596E+01 -1.949004093596E-10 8.146128035678E+00
1.083333333333E-01 1.083012976287E-10 1.695565511336E-17 -9.000262792893E+00 -1.549447837958E+01 -1.948998042566E+01 -6.245911355532E-06 8.146128035678E+00
1.822779908748E-01 1.821843744409E-10 4.957371448963E-17 -9.000464107191E+00 -1.524722019057E+01 -1.948993407133E+01 -1.104216637966E-05 8.146128035679E+00
3.339269168250E-01 3.335903362355E-10 1.784553793388E-16 -9.000945507258E+00 -1.493753803608E+01 -1.948982322485E+01 -2.255357390362E-05 8.146128035679E+00
3.923764891489E-01 3.918985665985E-10 2.535359549582E-16 -9.001160518188E+00 -1.484826118915E+01 -1.948977371675E+01 -2.771444116371E-05 8.146128035680E+00
5.104531452881E-01 5.095948775512E-10 4.558854742765E-16 -9.001656848190E+00 -1.469295960812E+01 -1.948965943252E+01 -3.967358903203E-05 8.146128035681E+00
5.593743988867E-01 5.583168988525E-10 5.620421712855E-16 -9.001890758102E+00 -1.463529255675E+01 -1.948960557275E+01 -4.533162123409E-05 8.146128035682E+00
6.572945607711E-01 6.557540440023E-10 8.198231921757E-16 -9.002418627289E+00 -1.452766459854E+01 -1.948948402635E+01 -5.815062278270E-05 8.146128035683E+00
7.505416238005E-01 7.484219304825E-10 1.129635985402E-15 -9.003009011747E+00 -1.443206314549E+01 -1.948934808525E+01 -7.256766992635E-05 8.146128035685E+00
8.354824176976E-01 8.327167773750E-10 1.476003729445E-15 -9.003637507850E+00 -1.434893262468E+01 -1.948920336861E+01 -8.800330258343E-05 8.146128035687E+00
9.134245975837E-01 9.099508432884E-10 1.856643209113E-15 -9.004305857244E+00 -1.427493403495E+01 -1.948904947539E+01 -1.045111148267E-04 8.146128035689E+00
9.856683946287E-01 9.814245910359E-10 2.271605938162E-15 -9.005018491452E+00 -1.420769274694E+01 -1.948888538519E+01 -1.222116889460E-04 8.146128035691E+00
1.053175960954E+00 1.048099388659E-09 2.721488466181E-15 -9.005779708512E+00 -1.414565494946E+01 -1.948871010835E+01 -1.412237874743E-04 8.146128035694E+00
1.116659317412E+00 1.110686061090E-09 3.207109017976E-15 -9.006593499415E+00 -1.408777010828E+01 -1.948852272591E+01 -1.616599019273E-04 8.146128035697E+00
1.176660799029E+00 1.169725505025E-09 3.729415806492E-15 -9.007463630034E+00 -1.403329889612E+01 -1.948832237073E+01 -1.836281204299E-04 8.146128035700E+00
1.233605218618E+00 1.225640930703E-09 4.289443944236E-15 -9.008393715064E+00 -1.398170267879E+01 -1.948810821050E+01 -2.072338611186E-04 8.146128035703E+00
1.287833473358E+00 1.278771513719E-09 4.888289873853E-15 -9.009387270613E+00 -1.393257738307E+01 -1.948787943559E+01 -2.325811275735E-04 8.146128035706E+00
1.339624831550E+00 1.329394710013E-09 5.527094903073E-15 -9.010447753659E+00 -1.388561207375E+01 -1.948763525000E+01 -2.597734859299E-04 8.146128035710E+00
1.389212163578E+00 1.377741504698E-09 6.207034366112E-15 -9.011578595100E+00 -1.384056191270E+01 -1.948737486372E+01 -2.889149544470E-04 8.146128035714E+00
1.436792642984E+00 1.424007123806E-09 6.929310954925E-15 -9.012783232689E+00 -1.379722968326E+01 -1.948709748518E+01 -3.201110803946E-04 8.146128035718E+00
1.482535471092E+00 1.468358762829E-09 7.695152734678E-15 -9.014065158691E+00 -1.375545187598E+01 -1.948680231023E+01 -3.534710598246E-04 8.146128035722E+00
1.526587619322E+00 1.510941323255E-09 8.505819687153E-15 -9.015428008989E+00 -1.371508643108E+01 -1.948648850167E+01 -3.891124829815E-04 8.146128035727E+00
1.569078011414E+00 1.551881584887E-09 9.362616791405E-15 -9.016875629938E+00 -1.367600641994E+01 -1.948615517383E+01 -4.271647101519E-04 8.146128035732E+00
1.610120404804E+00 1.591291092697E-09 1.026689449746E-14 -9.018411983005E+00 -1.363810485275E+01 -1.948580141453E+01 -4.677625005448E-04 8.146128035737E+00
1.649824340420E+00 1.629276732573E-09 1.122025029994E-14 -9.020041454995E+00 -1.360128654834E+01 -1.948542621365E+01 -5.110516754213E-04 8.146128035742E+00
1.688321336653E+00 1.665965580084E-09 1.222527704618E-14 -9.021770406800E+00 -1.356543114003E+01 -1.948502810651E+01 -5.572374592287E-04 8.146128035748E+00
1.725681024245E+00 1.701424860133E-09 1.328345131782E-14 -9.023603736991E+00 -1.353046602499E+01 -1.948460596516E+01 -6.064979531703E-04 8.146128035753E+00
1.741826051439E+00 1.716701081264E-09 1.376781888090E-14 -9.024447481109E+00 -1.351529979290E+01 -1.948441168518E+01 -6.292670410102E-04 8.146128035756E+00
1.754499499996E+00 1.728671418542E-09 1.416007674839E-14 -9.025132904450E+00 -1.350337017245E+01 -1.948425386001E+01 -6.478083048887E-04 8.146128035758E+00
1.765242549999E+00 1.738803466728E-09 1.450113676339E-14 -9.025730432507E+00 -1.349324043573E+01 -1.948411627355E+01 -6.640040210906E-04 8.146128035760E+00
1.774684677438E+00 1.747696940710E-09 1.480754060431E-14 -9.026268501558E+00 -1.348432402051E+01 -1.948399237807E+01 -6.786134015947E-04 8.146128035762E+00
1.783069969700E+00 1.755585658706E-09 1.508497731728E-14 -9.026756741325E+00 -1.347639489169E+01 -1.948387995624E+01 -6.918903840379E-04 8.146128035763E+00
1.790600503875E+00 1.762662610501E-09 1.533849011848E-14 -9.027203752592E+00 -1.346926524271E+01 -1.948377702766E+01 -7.040632252143E-04 8.146128035765E+00
1.797454047146E+00 1.769096965173E-09 1.557285978395E-14 -9.027617758474E+00 -1.346276919775E+01 -1.948368169887E+01 -7.153516557303E-04 8.146128035766E+00
1.803788084927E+00 1.775038094303E-09 1.579260497239E-14 -9.028006589345E+00 -1.345675927504E+01 -1.948359216686E+01 -7.259661056832E-04 8.146128035767E+00
1.809724368038E+00 1.780601279451E-09 1.600133115959E-14 -9.028376515773E+00 -1.345112127329E+01 -1.948350698777E+01 -7.360755194233E-04 8.146128035769E+00
