# BP5-QD time series at fltst_strk-16dp+10 (x2=-16km, x3=10km)
# Columns: time(s), slip_strike(m), slip_dip(m), log10(V_strike)(m/s), log10(V_dip)(m/s), tau_strike(MPa), tau_dip(MPa), log10(state)(s)
0.000000000000E+00 0.000000000000E+00 0.000000000000E+00 -9.000000000000E+00 -2.000000000000E+01 -1.949004093596E+01 -1.949004093596E-10 8.146128035678E+00
1.083333333333E-01 1.055206399053E-10 -8.862185781777E-16 -9.023475068572E+00 -1.378559238705E+01 -1.948463559854E+01 3.369573775753E-04 8.146128035687E+00
1.822779908748E-01 1.741682119706E-10 -2.512283302490E-15 -9.041435490493E+00 -1.355922156194E+01 -1.948050005238E+01 5.913083738185E-04 8.146128035703E+00
3.339269168250E-01 3.056552413384E-10 -8.421080834789E-15 -9.084314729154E+00 -1.329934898333E+01 -1.947062671547E+01 1.186712936056E-03 8.146128035766E+00
3.923764891489E-01 3.527610463183E-10 -1.160125962827E-14 -9.103439196811E+00 -1.323224663493E+01 -1.946622312643E+01 1.447019084308E-03 8.146128035801E+00
5.104531452881E-01 4.413787876235E-10 -1.947347329159E-14 -9.147535919577E+00 -1.312795210757E+01 -1.945606942818E+01 2.035349146293E-03 8.146128035893E+00
5.593743988867E-01 4.754004593411E-10 -2.326592908870E-14 -9.168298347756E+00 -1.309423568260E+01 -1.945128867217E+01 2.306805851191E-03 8.146128035939E+00
6.572945607711E-01 5.384959712605E-10 -3.168478899884E-14 -9.215121342267E+00 -1.304045459863E+01 -1.944050719905E+01 2.906526821817E-03 8.146128036047E+00
7.505416238005E-01 5.921132466073E-10 -4.056403582034E-14 -9.267458460612E+00 -1.300475887064E+01 -1.942845602423E+01 3.557442413633E-03 8.146128036170E+00
8.354824176976E-01 6.352457766205E-10 -4.917939150194E-14 -9.323165893565E+00 -1.298506110467E+01 -1.941562877946E+01 4.229180769152E-03 8.146128036299E+00
9.134245975837E-01 6.699214456087E-10 -5.732802286218E-14 -9.382424722485E+00 -1.297817217174E+01 -1.940198376706E+01 4.921513578202E-03 8.146128036434E+00
9.856683946287E-01 6.978383428902E-10 -6.490536017347E-14 -9.445659426039E+00 -1.298214274404E+01 -1.938742324422E+01 5.636853832715E-03 8.146128036571E+00
1.053175960954E+00 7.202803769654E-10 -7.184332996628E-14 -9.513288445387E+00 -1.299583406688E+01 -1.937185085802E+01 6.377133303600E-03 8.146128036711E+00
1.116659317412E+00 7.382456256292E-10 -7.810005596357E-14 -9.585709382885E+00 -1.301858603135E+01 -1.935517505369E+01 7.143654716798E-03 8.146128036852E+00
1.176660799029E+00 7.525355005371E-10 -8.365657414427E-14 -9.663306430353E+00 -1.305003750463E+01 -1.933730736424E+01 7.937156180598E-03 8.146128036994E+00
1.233605218618E+00 7.638090316064E-10 -8.851447866848E-14 -9.746456730227E+00 -1.309002745323E+01 -1.931816094585E+01 8.757800683889E-03 8.146128037136E+00
1.287833473358E+00 7.726164966431E-10 -9.269348042257E-14 -9.835534748083E+00 -1.313853637235E+01 -1.929764957120E+01 9.605119921146E-03 8.146128037276E+00
1.339624831550E+00 7.794210472101E-10 -9.622867016751E-14 -9.930915713105E+00 -1.319564796225E+01 -1.927568683743E+01 1.047798114909E-02 8.146128037416E+00
1.389212163578E+00 7.846132803494E-10 -9.916748485922E-14 -1.003297877882E+01 -1.326152263301E+01 -1.925218543853E+01 1.137460127874E-02 8.146128037554E+00
1.436792642984E+00 7.885216613559E-10 -1.015664544465E-13 -1.014211017090E+01 -1.333638008082E+01 -1.922705644062E+01 1.229257569466E-02 8.146128037689E+00
1.482535471092E+00 7.914205353775E-10 -1.034878588039E-13 -1.025870707833E+01 -1.342049049821E+01 -1.920020838622E+01 1.322886310735E-02 8.146128037822E+00
1.526587619322E+00 7.935367612987E-10 -1.049964628859E-13 -1.038318385506E+01 -1.351417482872E+01 -1.917154586647E+01 1.417967115994E-02 8.146128037952E+00
1.569078011414E+00 7.950555659522E-10 -1.061565236282E-13 -1.051597616217E+01 -1.361780266346E+01 -1.914096856769E+01 1.514040208068E-02 8.146128038079E+00
1.610120404804E+00 7.961259657342E-10 -1.070292727778E-13 -1.065753539913E+01 -1.373177652516E+01 -1.910837255368E+01 1.610581009754E-02 8.146128038203E+00
1.649824340420E+00 7.968660216668E-10 -1.076710975846E-13 -1.080835955496E+01 -1.385655432607E+01 -1.907364316202E+01 1.707021072293E-02 8.146128038324E+00
1.688321336653E+00 7.973676889043E-10 -1.081322676231E-13 -1.096912376828E+01 -1.399276982282E+01 -1.903662494123E+01 1.802784846880E-02 8.146128038442E+00
1.725681024245E+00 7.977001854072E-10 -1.084551332545E-13 -1.114035228537E+01 -1.414097819205E+01 -1.899719718834E+01 1.896983808316E-02 8.146128038557E+00
1.741826051439E+00 7.978070972203E-10 -1.085630533112E-13 -1.121940291170E+01 -1.421038507516E+01 -1.897899469068E+01 1.937720084888E-02 8.146128038607E+00
1.754499499996E+00 7.978782013529E-10 -1.086362586104E-13 -1.128373180377E+01 -1.426730921004E+01 -1.896418208262E+01 1.969503288246E-02 8.146128038646E+00
1.765242549999E+00 7.979306512939E-10 -1.086911096340E-13 -1.133989220130E+01 -1.431733464147E+01 -1.895125038891E+01 1.996160371183E-02 8.146128038679E+00
1.774684677438E+00 7.979714087075E-10 -1.087342969856E-13 -1.139052835263E+01 -1.436271228089E+01 -1.893959073453E+01 2.019234053667E-02 8.146128038708E+00
1.783069969700E+00 7.980037885711E-10 -1.087689974268E-13 -1.143652790875E+01 -1.440416982715E+01 -1.892899872519E+01 2.039321620558E-02 8.146128038734E+00
1.790600503875E+00 7.980300583557E-10 -1.087974271729E-13 -1.147868719906E+01 -1.444237216860E+01 -1.891929099468E+01 2.056931777028E-02 8.146128038757E+00
1.797454047146E+00 7.980518299319E-10 -1.088211918707E-13 -1.151777130222E+01 -1.447797124649E+01 -1.891029137284E+01 2.072517833856E-02 8.146128038778E+00
1.803788084927E+00 7.980702681378E-10 -1.088414715915E-13 -1.155451179829E+01 -1.451160203768E+01 -1.890183140322E+01 2.086477211605E-02 8.146128038798E+00
1.809724368038E+00 7.980861782440E-10 -1.088590904343E-13 -1.158949571913E+01 -1.454377880912E+01 -1.889377591372E+01 2.099112284250E-02 8.146128038816E+00
