# BP5-QD time series at fltst_strk-24dp+10 (x2=-24km, x3=10km)
# Columns: time(s), slip_strike(m), slip_dip(m), log10(V_strike)(m/s), log10(V_dip)(m/s), tau_strike(MPa), tau_dip(MPa), log10(state)(s)
0.000000000000E+00 0.000000000000E+00 0.000000000000E+00 -1.522878745280E+00 -2.000000000000E+01 -2.148917812530E+01 -7.163059375100E-18 8.226462786634E+00
1.083333333333E-01 3.447648497752E-03 -3.901517993373E-10 -1.471744878016E+00 -8.093169079969E+00 -2.149839680001E+01 5.140221958227E-06 8.214945135261E+00
1.822779908748E-01 6.049398730223E-03 -1.299766023036E-09 -1.435625176274E+00 -7.767099713805E+00 -2.150523859857E+01 1.002466175401E-05 8.206253398787E+00
3.339269168250E-01 1.213053295683E-02 -6.028567706913E-09 -1.358572571784E+00 -7.312953562557E+00 -2.152082267859E+01 2.390440170475E-05 8.185937991251E+00
3.923764891489E-01 1.478275691845E-02 -9.385880511261E-09 -1.327860781748E+00 -7.174734893260E+00 -2.152743371709E+01 3.062796549842E-05 8.177077635806E+00
5.104531452881E-01 2.075763987407E-02 -2.002492100413E-08 -1.264249952322E+00 -6.934757371066E+00 -2.154189789881E+01 4.600198207449E-05 8.157117184661E+00
5.593743988867E-01 2.350395349049E-02 -2.632032847107E-08 -1.237332727318E+00 -6.848901038731E+00 -2.154834271174E+01 5.270424091347E-05 8.147942501367E+00
6.572945607711E-01 2.954490679035E-02 -4.293863759157E-08 -1.182596421405E+00 -6.701574500595E+00 -2.156205898662E+01 6.526978026249E-05 8.127761327211E+00
7.505416238005E-01 3.605748976080E-02 -6.403351741769E-08 -1.129579942837E+00 -6.598617299529E+00 -2.157612755555E+01 7.327167914667E-05 8.106004567183E+00
8.354824176976E-01 4.272799261324E-02 -8.683976619078E-08 -1.080719919377E+00 -6.554302742141E+00 -2.158975519052E+01 7.255459046436E-05 8.083720239961E+00
9.134245975837E-01 4.954825658553E-02 -1.080363775764E-07 -1.035578702890E+00 -6.597021018689E+00 -2.160286408489E+01 5.930195589311E-05 8.060935601744E+00
9.856683946287E-01 5.653647423503E-02 -1.228405398138E-07 -9.936205003565E-01 -6.863505375062E+00 -2.161542631375E+01 2.916613829271E-05 8.037589876172E+00
1.053175960954E+00 6.370579287897E-02 -1.245269034461E-07 -9.544375800402E-01 -6.929870984806E+00 -2.162739585103E+01 -2.288604905751E-05 8.013639141654E+00
1.116659317412E+00 7.106318569450E-02 -1.039979270761E-07 -9.177236362085E-01 -6.241620613717E+00 -2.163870893343E+01 -1.026441889975E-04 7.989060102711E+00
1.176660799029E+00 7.861089606123E-02 -4.933339804489E-08 -8.832415515672E-01 -5.882790391091E+00 -2.164928912440E+01 -2.167179085782E-04 7.963845264828E+00
1.233605218618E+00 8.634762215467E-02 5.468883296202E-08 -8.508020434273E-01 -5.615198212354E+00 -2.165905122805E+01 -3.726003509034E-04 7.937998977044E+00
1.287833473358E+00 9.426935509234E-02 2.270986357882E-07 -8.202499745958E-01 -5.393588275639E+00 -2.166790407394E+01 -5.787334746456E-04 7.911534631939E+00
1.339624831550E+00 1.023699809524E-01 4.912624018321E-07 -7.914554076427E-01 -5.200790578726E+00 -2.167575248932E+01 -8.445765369173E-04 7.884472654454E+00
1.389212163578E+00 1.106417267752E-01 8.754305196347E-07 -7.643076277593E-01 -5.028286649657E+00 -2.168249866734E+01 -1.180674834244E-03 7.856839011917E+00
1.436792642984E+00 1.190755011167E-01 1.413295980924E-06 -7.387110809720E-01 -4.871159900745E+00 -2.168804303582E+01 -1.598716828857E-03 7.828664076347E+00
1.482535471092E+00 1.276611631567E-01 2.144547680191E-06 -7.145826382759E-01 -4.726287370115E+00 -2.169228454464E+01 -2.111546066989E-03 7.799981725436E+00
1.526587619322E+00 1.363877446474E-01 3.115379617170E-06 -6.918499176110E-01 -4.591563080293E+00 -2.169512001093E+01 -2.733058289113E-03 7.770828601074E+00
1.569078011414E+00 1.452435943510E-01 4.378896778030E-06 -6.704502733836E-01 -4.465500574022E+00 -2.169644297397E+01 -3.478069360696E-03 7.741243626822E+00
1.610120404804E+00 1.542164208559E-01 5.995498020288E-06 -6.503290659781E-01 -4.346946970954E+00 -2.169614540665E+01 -4.362793705164E-03 7.711267864862E+00
1.649824340420E+00 1.632953663593E-01 8.034006450791E-06 -6.314340549006E-01 -4.234909179470E+00 -2.169411917479E+01 -5.405886174450E-03 7.680937588055E+00
1.688321336653E+00 1.724773785062E-01 1.057491086362E-05 -6.137068407110E-01 -4.128481157933E+00 -2.169024439193E+01 -6.629642778450E-03 7.650262993357E+00
1.725681024245E+00 1.817471205054E-01 1.370647399184E-05 -5.971246929332E-01 -4.027069040770E+00 -2.168438809296E+01 -8.057546556765E-03 7.619295316613E+00
1.741826051439E+00 1.858624947772E-01 1.530170156482E-05 -5.901651464896E-01 -3.983774111970E+00 -2.168113707177E+01 -8.759374399119E-03 7.605546974708E+00
1.754499499996E+00 1.891391027317E-01 1.666984761500E-05 -5.847949473299E-01 -3.949999652334E+00 -2.167825372976E+01 -9.350171787943E-03 7.594600721949E+00
1.765242549999E+00 1.919483025300E-01 1.791568576967E-05 -5.803091991888E-01 -3.921508879181E+00 -2.167556938602E+01 -9.880315996388E-03 7.585215952148E+00
1.774684677438E+00 1.944412405655E-01 1.908007466776E-05 -5.764186980066E-01 -3.896569564639E+00 -2.167302015272E+01 -1.036975673095E-02 7.576887726489E+00
1.783069969700E+00 1.966738382320E-01 2.017160777385E-05 -5.730057002650E-01 -3.874498290952E+00 -2.167060153136E+01 -1.082376553356E-02 7.569429226880E+00
1.790600503875E+00 1.986937805223E-01 2.120021736324E-05 -5.699752389357E-01 -3.854736306570E+00 -2.166830114120E+01 -1.124770183297E-02 7.562681150790E+00
1.797454047146E+00 2.005443585360E-01 2.217786502286E-05 -5.672464021886E-01 -3.836798489236E+00 -2.166609876021E+01 -1.164739037060E-02 7.556498874479E+00
1.803788084927E+00 2.022649796281E-01 2.311797972562E-05 -5.647496999673E-01 -3.820259876897E+00 -2.166396856899E+01 -1.202895333202E-02 7.550750748737E+00
1.809724368038E+00 2.038865132594E-01 2.403212125554E-05 -5.624322838588E-01 -3.804793800493E+00 -2.166188741887E+01 -1.239751886317E-02 7.545333647121E+00
