# BP5-QD time series at fltst_strk+00dp+00 (x2=0km, x3=0km)
# Columns: time(s), slip_strike(m), slip_dip(m), log10(V_strike)(m/s), log10(V_dip)(m/s), tau_strike(MPa), tau_dip(MPa), log10(state)(s)
0.000000000000E+00 0.000000000000E+00 0.000000000000E+00 -9.000000000000E+00 -2.000000000000E+01 -1.327306118488E+01 -1.327306118488E-10 8.146128035678E+00
1.083333333333E-01 1.083180590229E-10 -2.494273950644E-17 -9.000125278673E+00 -1.532710400807E+01 -1.327277272007E+01 6.251481183247E-06 8.146128035678E+00
1.822779908748E-01 1.822333547637E-10 -7.286075283004E-17 -9.000221227624E+00 -1.508046818854E+01 -1.327255178945E+01 1.103335184508E-05 8.146128035678E+00
3.339269168250E-01 3.337664306564E-10 -2.617142625399E-16 -9.000450589091E+00 -1.477230358677E+01 -1.327202366514E+01 2.244316744727E-05 8.146128035679E+00
3.923764891489E-01 3.921486063123E-10 -3.714669885972E-16 -9.000552992769E+00 -1.468370650471E+01 -1.327178787194E+01 2.752807986763E-05 8.146128035679E+00
5.104531452881E-01 5.100438956755E-10 -6.664886002033E-16 -9.000789290309E+00 -1.452996207303E+01 -1.327124377672E+01 3.924088956543E-05 8.146128035680E+00
5.593743988867E-01 5.588701432761E-10 -8.208643840798E-16 -9.000900608404E+00 -1.447301868501E+01 -1.327098745732E+01 4.474918829985E-05 8.146128035680E+00
6.572945607711E-01 6.565599674209E-10 -1.194725003004E-15 -9.001151719526E+00 -1.436698992727E+01 -1.327040925255E+01 5.715393133871E-05 8.146128035681E+00
7.505416238005E-01 7.495308257355E-10 -1.642333757814E-15 -9.001432404869E+00 -1.427311017036E+01 -1.326976295060E+01 7.098807496497E-05 8.146128035681E+00
8.354824176976E-01 8.341635581113E-10 -2.140763982361E-15 -9.001731026319E+00 -1.419172527947E+01 -1.326907534922E+01 8.567347982173E-05 8.146128035682E+00
9.134245975837E-01 9.117680086763E-10 -2.686310759376E-15 -9.002048387554E+00 -1.411948004253E+01 -1.326834459787E+01 1.012476815712E-04 8.146128035683E+00
9.856683946287E-01 9.836445103371E-10 -3.278655073968E-15 -9.002386568954E+00 -1.405399207421E+01 -1.326756590629E+01 1.178109745067E-04 8.146128035685E+00
1.053175960954E+00 1.050754829594E-09 -3.918264633187E-15 -9.002747585023E+00 -1.399369975284E+01 -1.326673463591E+01 1.354602505532E-04 8.146128035686E+00
1.116659317412E+00 1.113810401786E-09 -4.605927216973E-15 -9.003133302280E+00 -1.393754436221E+01 -1.326584648891E+01 1.542850719760E-04 8.146128035687E+00
1.176660799029E+00 1.173352856831E-09 -5.342620281163E-15 -9.003545478333E+00 -1.388477845483E+01 -1.326489741824E+01 1.743696594258E-04 8.146128035689E+00
1.233605218618E+00 1.229806219620E-09 -6.129451052129E-15 -9.003985796904E+00 -1.383485571123E+01 -1.326388354699E+01 1.957946343079E-04 8.146128035690E+00
1.287833473358E+00 1.283510537709E-09 -6.967621884863E-15 -9.004455892619E+00 -1.378736504129E+01 -1.326280111127E+01 2.186382327657E-04 8.146128035692E+00
1.339624831550E+00 1.334744181059E-09 -7.858408614662E-15 -9.004957369680E+00 -1.374198926944E+01 -1.326164641727E+01 2.429772121514E-04 8.146128035693E+00
1.389212163578E+00 1.383739081029E-09 -8.803146795896E-15 -9.005491817748E+00 -1.369847818100E+01 -1.326041580465E+01 2.688876026821E-04 8.146128035695E+00
1.436792642984E+00 1.430691435943E-09 -9.803223328119E-15 -9.006060828356E+00 -1.365663036294E+01 -1.325910560876E+01 2.964453860045E-04 8.146128035697E+00
1.482535471092E+00 1.475769436794E-09 -1.086007261681E-14 -9.006666020798E+00 -1.361628051903E+01 -1.325771210103E+01 3.257272446691E-04 8.146128035699E+00
1.526587619322E+00 1.519119005343E-09 -1.197517813807E-14 -9.007309093658E+00 -1.357729016560E+01 -1.325623137030E+01 3.568116317658E-04 8.146128035701E+00
1.569078011414E+00 1.560867969424E-09 -1.315007416507E-14 -9.007991859029E+00 -1.353954150607E+01 -1.325465924408E+01 3.897794335791E-04 8.146128035704E+00
1.610120404804E+00 1.601128945711E-09 -1.438633747142E-14 -9.008716180370E+00 -1.350293429391E+01 -1.325299143156E+01 4.247132436794E-04 8.146128035706E+00
1.649824340420E+00 1.640010110569E-09 -1.568587211048E-14 -9.009484107398E+00 -1.346737508883E+01 -1.325122321308E+01 4.617054363375E-04 8.146128035709E+00
1.688321336653E+00 1.677640749657E-09 -1.705192035606E-14 -9.010298587238E+00 -1.343275225113E+01 -1.324934780262E+01 5.008882417386E-04 8.146128035711E+00
1.725681024245E+00 1.714089226302E-09 -1.848615268922E-14 -9.011161838644E+00 -1.339900963714E+01 -1.324736009129E+01 5.423523708977E-04 8.146128035714E+00
1.741826051439E+00 1.729817448809E-09 -1.914133330032E-14 -9.011558988156E+00 -1.338438218531E+01 -1.324644562001E+01 5.614048546324E-04 8.146128035715E+00
1.754499499996E+00 1.742153477034E-09 -1.967133223928E-14 -9.011881553734E+00 -1.337287979014E+01 -1.324570288470E+01 5.768684307213E-04 8.146128035717E+00
1.765242549999E+00 1.752603231178E-09 -2.013173534569E-14 -9.012162711612E+00 -1.336311495371E+01 -1.324505549421E+01 5.903390881651E-04 8.146128035717E+00
1.774684677438E+00 1.761781928655E-09 -2.054502825922E-14 -9.012415859270E+00 -1.335452120829E+01 -1.324447259968E+01 6.024615297080E-04 8.146128035718E+00
1.783069969700E+00 1.769928744452E-09 -2.091898590306E-14 -9.012645538480E+00 -1.334688009955E+01 -1.324394374329E+01 6.134550786757E-04 8.146128035719E+00
1.790600503875E+00 1.777241405371E-09 -2.126048104639E-14 -9.012855803435E+00 -1.334001023334E+01 -1.324345958990E+01 6.235151650620E-04 8.146128035720E+00
1.797454047146E+00 1.783893558944E-09 -2.157600878289E-14 -9.013050527988E+00 -1.333375147029E+01 -1.324301121964E+01 6.328281720234E-04 8.146128035720E+00
1.803788084927E+00 1.790038800010E-09 -2.187169217960E-14 -9.013233399219E+00 -1.332796146473E+01 -1.324259014268E+01 6.415712177803E-04 8.146128035721E+00
1.809724368038E+00 1.795795776207E-09 -2.215241085151E-14 -9.013407369135E+00 -1.332252997506E+01 -1.324218956177E+01 6.498860197419E-04 8.146128035721E+00
