# BP5-QD time series at fltst_strk-16dp+00 (x2=-16km, x3=0km)
# Columns: time(s), slip_strike(m), slip_dip(m), log10(V_strike)(m/s), log10(V_dip)(m/s), tau_strike(MPa), tau_dip(MPa), log10(state)(s)
0.000000000000E+00 0.000000000000E+00 0.000000000000E+00 -9.000000000000E+00 -2.000000000000E+01 -1.327306118488E+01 -1.327306118488E-10 8.146128035678E+00
1.083333333333E-01 1.082315527042E-10 -1.582881104501E-15 -9.000835834279E+00 -1.352444416025E+01 -1.327113659982E+01 3.974658253909E-04 8.146128035679E+00
1.822779908748E-01 1.819803737131E-10 -4.626243823876E-15 -9.001478325298E+00 -1.327744649966E+01 -1.326965719786E+01 7.028967403239E-04 8.146128035679E+00
3.339269168250E-01 3.328553194975E-10 -1.663784225633E-14 -9.003022371673E+00 -1.296845091858E+01 -1.326610184498E+01 1.436530264955E-03 8.146128035682E+00
3.923764891489E-01 3.908539304990E-10 -2.362735102015E-14 -9.003715430513E+00 -1.287950610945E+01 -1.326450598129E+01 1.765632852394E-03 8.146128035683E+00
5.104531452881E-01 5.077150672667E-10 -4.243958993563E-14 -9.005323080130E+00 -1.272502686877E+01 -1.326080411700E+01 2.528518125836E-03 8.146128035687E+00
5.593743988867E-01 5.559986000644E-10 -5.229496303364E-14 -9.006084366469E+00 -1.266777280852E+01 -1.325905112220E+01 2.889508677561E-03 8.146128035689E+00
6.572945607711E-01 6.523702071206E-10 -7.618828565102E-14 -9.007810466024E+00 -1.256113122856E+01 -1.325507644285E+01 3.707331951460E-03 8.146128035694E+00
7.505416238005E-01 7.437563965803E-10 -1.048328478449E-13 -9.009753421852E+00 -1.246671228220E+01 -1.325060235425E+01 4.626757746941E-03 8.146128035699E+00
8.354824176976E-01 8.266173397029E-10 -1.367645261397E-13 -9.011835002522E+00 -1.238491862143E+01 -1.324580898595E+01 5.610413475500E-03 8.146128035706E+00
9.134245975837E-01 9.022748757117E-10 -1.717415569255E-13 -9.014062120510E+00 -1.231241500659E+01 -1.324068040667E+01 6.661275824771E-03 8.146128035713E+00
9.856683946287E-01 9.720295071033E-10 -2.097342443054E-13 -9.016450679601E+00 -1.224683605962E+01 -1.323517997773E+01 7.786539147256E-03 8.146128035721E+00
1.053175960954E+00 1.036840507934E-09 -2.507584083663E-13 -9.019016288678E+00 -1.218663717558E+01 -1.322927173622E+01 8.993216534482E-03 8.146128035729E+00
1.116659317412E+00 1.097415825882E-09 -2.948449850786E-13 -9.021773646462E+00 -1.213077644133E+01 -1.322292181153E+01 1.028785027405E-02 8.146128035738E+00
1.176660799029E+00 1.154293090230E-09 -3.420311179499E-13 -9.024736782363E+00 -1.207852262568E+01 -1.321609787049E+01 1.167662687999E-02 8.146128035748E+00
1.233605218618E+00 1.207892045913E-09 -3.923557708785E-13 -9.027919282233E+00 -1.202934476904E+01 -1.320876859721E+01 1.316548446903E-02 8.146128035758E+00
1.287833473358E+00 1.258548325053E-09 -4.458569804294E-13 -9.031334450944E+00 -1.198284614722E+01 -1.320090331834E+01 1.476019020774E-02 8.146128035769E+00
1.339624831550E+00 1.306535843829E-09 -5.025699649224E-13 -9.034995437305E+00 -1.193872292963E+01 -1.319247171500E+01 1.646640069588E-02 8.146128035781E+00
1.389212163578E+00 1.352082109732E-09 -5.625257689810E-13 -9.038915348159E+00 -1.189673714635E+01 -1.318344355957E+01 1.828972038767E-02 8.146128035793E+00
1.436792642984E+00 1.395378973529E-09 -6.257503314355E-13 -9.043107399719E+00 -1.185669784401E+01 -1.317378836669E+01 2.023579345929E-02 8.146128035807E+00
1.482535471092E+00 1.436590373956E-09 -6.922641554551E-13 -9.047585274181E+00 -1.181844515959E+01 -1.316347457108E+01 2.231056935479E-02 8.146128035821E+00
1.526587619322E+00 1.475858038566E-09 -7.620833582454E-13 -9.052363984048E+00 -1.178183319000E+01 -1.315246753546E+01 2.452099182502E-02 8.146128035836E+00
1.569078011414E+00 1.513305576656E-09 -8.352218860821E-13 -9.057460362826E+00 -1.174672624016E+01 -1.314072841857E+01 2.687531495001E-02 8.146128035851E+00
1.610120404804E+00 1.549041372356E-09 -9.116913048927E-13 -9.062891775959E+00 -1.171301606414E+01 -1.312821714368E+01 2.938200736432E-02 8.146128035868E+00
1.649824340420E+00 1.583168398139E-09 -9.915158669919E-13 -9.068676608578E+00 -1.168061671046E+01 -1.311489127440E+01 3.204974604808E-02 8.146128035885E+00
1.688321336653E+00 1.615806143719E-09 -1.074791034383E-12 -9.074840012701E+00 -1.164943346534E+01 -1.310069277356E+01 3.488998714323E-02 8.146128035903E+00
1.725681024245E+00 1.647019222608E-09 -1.161503811584E-12 -9.081402002862E+00 -1.161942413873E+01 -1.308557542467E+01 3.791147566169E-02 8.146128035922E+00
1.741826051439E+00 1.660358535441E-09 -1.200865732530E-12 -9.084430644489E+00 -1.160654184691E+01 -1.307859789507E+01 3.930519769999E-02 8.146128035931E+00
1.754499499996E+00 1.670763464933E-09 -1.232590768278E-12 -9.086894850068E+00 -1.159646889348E+01 -1.307292063725E+01 4.043882994749E-02 8.146128035938E+00
1.765242549999E+00 1.679536755981E-09 -1.260064844129E-12 -9.089045825712E+00 -1.158795838396E+01 -1.306796495099E+01 4.142813690433E-02 8.146128035944E+00
1.774684677438E+00 1.687211407849E-09 -1.284659885497E-12 -9.090984939450E+00 -1.158050033889E+01 -1.306349731809E+01 4.231984428056E-02 8.146128035950E+00
1.783069969700E+00 1.693998066814E-09 -1.306858523739E-12 -9.092746249161E+00 -1.157389453586E+01 -1.305943928802E+01 4.312968080732E-02 8.146128035955E+00
1.790600503875E+00 1.700069277950E-09 -1.327083818209E-12 -9.094360300099E+00 -1.156797629867E+01 -1.305572049812E+01 4.387173859244E-02 8.146128035959E+00
1.797454047146E+00 1.705574935481E-09 -1.345731710951E-12 -9.095856425333E+00 -1.156260192527E+01 -1.305227337452E+01 4.455953615665E-02 8.146128035963E+00
1.803788084927E+00 1.710646280972E-09 -1.363172266817E-12 -9.097262659869E+00 -1.155764507948E+01 -1.304903333076E+01 4.520598335870E-02 8.146128035967E+00
1.809724368038E+00 1.715384164738E-09 -1.379699136887E-12 -9.098601492236E+00 -1.155300849193E+01 -1.304594855709E+01 4.582143246995E-02 8.146128035971E+00
