# BP5-QD time series at fltst_strk+36dp+00 (x2=36km, x3=0km)
# Columns: time(s), slip_strike(m), slip_dip(m), log10(V_strike)(m/s), log10(V_dip)(m/s), tau_strike(MPa), tau_dip(MPa), log10(state)(s)
0.000000000000E+00 0.000000000000E+00 0.000000000000E+00 -9.000000000000E+00 -2.000000000000E+01 -1.327306118488E+01 -1.327306118488E-10 8.146128035678E+00
1.083333333333E-01 1.083321786434E-10 -2.852123879606E-19 -9.000009469330E+00 -1.726793625409E+01 -1.327303938094E+01 7.162153064065E-08 8.146128035678E+00
1.822779908748E-01 1.822746165682E-10 -8.347734577779E-19 -9.000016719692E+00 -1.702071176089E+01 -1.327302268637E+01 1.265536849981E-07 8.146128035678E+00
3.339269168250E-01 3.339147851125E-10 -3.004153110061E-18 -9.000034044061E+00 -1.671176058220E+01 -1.327298279553E+01 2.577757109503E-07 8.146128035678E+00
3.923764891489E-01 3.923592629282E-10 -4.266277812588E-18 -9.000041775614E+00 -1.662288505090E+01 -1.327296499298E+01 3.163185591055E-07 8.146128035678E+00
5.104531452881E-01 5.104222100862E-10 -7.662357150999E-18 -9.000059608590E+00 -1.646856433180E+01 -1.327292393103E+01 4.512964135414E-07 8.146128035678E+00
5.593743988867E-01 5.593362827176E-10 -9.441061984263E-18 -9.000068005952E+00 -1.641137115716E+01 -1.327290459539E+01 5.148287855014E-07 8.146128035678E+00
6.572945607711E-01 6.572390352740E-10 -1.375255783683E-17 -9.000086940465E+00 -1.630481609098E+01 -1.327286099706E+01 6.580143967174E-07 8.146128035678E+00
7.505416238005E-01 7.504652231721E-10 -1.892086514974E-17 -9.000108091996E+00 -1.621039738018E+01 -1.327281229386E+01 8.178500120152E-07 8.146128035678E+00
8.354824176976E-01 8.353827350945E-10 -2.468303195059E-17 -9.000130580923E+00 -1.612848570416E+01 -1.327276051119E+01 9.876569746338E-07 8.146128035679E+00
9.134245975837E-01 9.132993914988E-10 -3.099745913024E-17 -9.000154466003E+00 -1.605572470368E+01 -1.327270551377E+01 1.167855797403E-06 8.146128035679E+00
9.856683946287E-01 9.855154310096E-10 -3.786161614571E-17 -9.000179901910E+00 -1.598972942785E+01 -1.327264694542E+01 1.359590171209E-06 8.146128035679E+00
1.053175960954E+00 1.052992976229E-09 -4.528208874023E-17 -9.000207038037E+00 -1.592893639548E+01 -1.327258446218E+01 1.563961796890E-06 8.146128035679E+00
1.116659317412E+00 1.116444003220E-09 -5.326920148555E-17 -9.000236012341E+00 -1.587228552290E+01 -1.327251774638E+01 1.781984015778E-06 8.146128035679E+00
1.176660799029E+00 1.176410792994E-09 -6.183551968968E-17 -9.000266954328E+00 -1.581902818575E+01 -1.327244649983E+01 2.014604278675E-06 8.146128035679E+00
1.233605218618E+00 1.233318097879E-09 -7.099516642461E-17 -9.000299987720E+00 -1.576861686771E+01 -1.327237043763E+01 2.262724162792E-06 8.146128035679E+00
1.287833473358E+00 1.287506749649E-09 -8.076343332681E-17 -9.000335232364E+00 -1.572063915088E+01 -1.327228928384E+01 2.527213428283E-06 8.146128035679E+00
1.339624831550E+00 1.339255947235E-09 -9.115654314747E-17 -9.000372805636E+00 -1.567477638145E+01 -1.327220276818E+01 2.808920400306E-06 8.146128035679E+00
1.389212163578E+00 1.388798488253E-09 -1.021915043250E-16 -9.000412823615E+00 -1.563077674017E+01 -1.327211062338E+01 3.108680409549E-06 8.146128035680E+00
1.436792642984E+00 1.436331470389E-09 -1.138860287589E-16 -9.000455402195E+00 -1.558843708439E+01 -1.327201258257E+01 3.427323529832E-06 8.146128035680E+00
1.482535471092E+00 1.482024016098E-09 -1.262585049271E-16 -9.000500658564E+00 -1.554759016092E+01 -1.327190837593E+01 3.765683994633E-06 8.146128035680E+00
1.526587619322E+00 1.526023014668E-09 -1.393280420590E-16 -9.000548713781E+00 -1.550809501103E+01 -1.327179772471E+01 4.124615378959E-06 8.146128035680E+00
1.569078011414E+00 1.568457304082E-09 -1.531145288408E-16 -9.000599694788E+00 -1.546983071405E+01 -1.327168033660E+01 4.505001017503E-06 8.146128035680E+00
1.610120404804E+00 1.609440552534E-09 -1.676385715492E-16 -9.000653731961E+00 -1.543269396691E+01 -1.327155591141E+01 4.907740669810E-06 8.146128035680E+00
1.649824340420E+00 1.649082194496E-09 -1.829248583007E-16 -9.000710970594E+00 -1.539658872752E+01 -1.327142411459E+01 5.333837387205E-06 8.146128035681E+00
1.688321336653E+00 1.687513575640E-09 -1.990141113507E-16 -9.000771623898E+00 -1.536140008312E+01 -1.327128445519E+01 5.784748720165E-06 8.146128035681E+00
1.725681024245E+00 1.724804226345E-09 -2.159288943620E-16 -9.000835851402E+00 -1.532706862868E+01 -1.327113656590E+01 6.261456114019E-06 8.146128035681E+00
1.741826051439E+00 1.740917666022E-09 -2.236634632961E-16 -9.000865381016E+00 -1.531217311958E+01 -1.327106857145E+01 6.480345405711E-06 8.146128035681E+00
1.754499499996E+00 1.753565539053E-09 -2.299237234314E-16 -9.000889356356E+00 -1.530045413702E+01 -1.327101336619E+01 6.657931244082E-06 8.146128035681E+00
1.765242549999E+00 1.764286354978E-09 -2.353644627074E-16 -9.000910247648E+00 -1.529050129442E+01 -1.327096526221E+01 6.812577652916E-06 8.146128035681E+00
1.774684677438E+00 1.773708509944E-09 -2.402504908491E-16 -9.000929052556E+00 -1.528173887745E+01 -1.327092196231E+01 6.951703978926E-06 8.146128035681E+00
1.783069969700E+00 1.782075719603E-09 -2.446731250942E-16 -9.000946109877E+00 -1.527394522811E+01 -1.327088268638E+01 7.077839200992E-06 8.146128035681E+00
1.790600503875E+00 1.789589731725E-09 -2.487131963620E-16 -9.000961721774E+00 -1.526693613035E+01 -1.327084673866E+01 7.193234607816E-06 8.146128035681E+00
1.797454047146E+00 1.796428001494E-09 -2.524472103729E-16 -9.000976176686E+00 -1.526054878414E+01 -1.327081345499E+01 7.300034909749E-06 8.146128035681E+00
1.803788084927E+00 1.802747719559E-09 -2.559473861130E-16 -9.000989748921E+00 -1.525463833975E+01 -1.327078220376E+01 7.400276229131E-06 8.146128035681E+00
1.809724368038E+00 1.808670401582E-09 -2.592713138647E-16 -9.001002658010E+00 -1.524909256198E+01 -1.327075247949E+01 7.495586925633E-06 8.146128035682E+00
