# BP5-QD time series at fltst_strk+00dp+10 (x2=0km, x3=10km)
# Columns: time(s), slip_strike(m), slip_dip(m), log10(V_strike)(m/s), log10(V_dip)(m/s), tau_strike(MPa), tau_dip(MPa), log10(state)(s)
0.000000000000E+00 0.000000000000E+00 0.000000000000E+00 -9.000000000000E+00 -2.000000000000E+01 -1.949004093596E+01 -1.949004093596E-10 8.146128035678E+00
1.083333333333E-01 1.082267340204E-10 -4.076857405518E-17 -9.000874877964E+00 -1.511458985118E+01 -1.948983948785E+01 1.500007011891E-05 8.146128035679E+00
1.822779908748E-01 1.819665766557E-10 -1.187441491487E-16 -9.001545183948E+00 -1.486991711598E+01 -1.948968514418E+01 2.638960508344E-05 8.146128035679E+00
3.339269168250E-01 3.328080834509E-10 -4.236102917736E-16 -9.003148454998E+00 -1.456652587217E+01 -1.948931597731E+01 5.326220963892E-05 8.146128035682E+00
3.923764891489E-01 3.907883106883E-10 -5.994408553101E-16 -9.003864714924E+00 -1.448008652612E+01 -1.948915105232E+01 6.509851930493E-05 8.146128035683E+00
5.104531452881E-01 5.076030359987E-10 -1.068147135641E-15 -9.005518565731E+00 -1.433135482870E+01 -1.948877023898E+01 9.203397346032E-05 8.146128035687E+00
5.593743988867E-01 5.558638141700E-10 -1.311363161983E-15 -9.006298207008E+00 -1.427678011636E+01 -1.948859071988E+01 1.045438586791E-04 8.146128035689E+00
6.572945607711E-01 6.521841419739E-10 -1.895135908682E-15 -9.008058150844E+00 -1.417608902284E+01 -1.948818547766E+01 1.323550548507E-04 8.146128035694E+00
7.505416238005E-01 7.435153373941E-10 -2.585067909459E-15 -9.010027360169E+00 -1.408813766386E+01 -1.948773205021E+01 1.627987237349E-04 8.146128035700E+00
8.354824176976E-01 8.263223821975E-10 -3.342663660478E-15 -9.012124645557E+00 -1.401298663153E+01 -1.948724913211E+01 1.944860927555E-04 8.146128035707E+00
9.134245975837E-01 9.019289422821E-10 -4.159795296299E-15 -9.014355977569E+00 -1.394726223903E+01 -1.948673534856E+01 2.274221838233E-04 8.146128035714E+00
9.856683946287E-01 9.716368692301E-10 -5.033506508068E-15 -9.016736323046E+00 -1.388859155898E+01 -1.948618725332E+01 2.617409266749E-04 8.146128035722E+00
1.053175960954E+00 1.036406681446E-09 -5.961918455610E-15 -9.019280230579E+00 -1.383542144005E+01 -1.948560149644E+01 2.975586687152E-04 8.146128035730E+00
1.116659317412E+00 1.096947524412E-09 -6.943496744409E-15 -9.022001249961E+00 -1.378669892399E+01 -1.948497495796E+01 3.349671189827E-04 8.146128035739E+00
1.176660799029E+00 1.153798189630E-09 -7.976845484374E-15 -9.024912203851E+00 -1.374168059545E+01 -1.948430468533E+01 3.740386842554E-04 8.146128035749E+00
1.233605218618E+00 1.207379549604E-09 -9.060612575308E-15 -9.028025432673E+00 -1.369982339331E+01 -1.948358783707E+01 4.148307800347E-04 8.146128035760E+00
1.287833473358E+00 1.258028327004E-09 -1.019343499434E-14 -9.031352968575E+00 -1.366071941014E+01 -1.948282164265E+01 4.573886812869E-04 8.146128035771E+00
1.339624831550E+00 1.306019487943E-09 -1.137390443731E-14 -9.034906666441E+00 -1.362405506280E+01 -1.948200337238E+01 5.017475006632E-04 8.146128035782E+00
1.389212163578E+00 1.351581545505E-09 -1.260054491529E-14 -9.038698314684E+00 -1.358958457959E+01 -1.948113031185E+01 5.479335416449E-04 8.146128035795E+00
1.436792642984E+00 1.394907309856E-09 -1.387179735436E-14 -9.042739747480E+00 -1.355711267890E+01 -1.948019973614E+01 5.959646143573E-04 8.146128035808E+00
1.482535471092E+00 1.436161640026E-09 -1.518600615434E-14 -9.047043013133E+00 -1.352648447213E+01 -1.947920887101E+01 6.458473106158E-04 8.146128035822E+00
1.526587619322E+00 1.475487181838E-09 -1.654139838953E-14 -9.051620696939E+00 -1.349758228020E+01 -1.947815481857E+01 6.975674867524E-04 8.146128035837E+00
1.569078011414E+00 1.513008533286E-09 -1.793604426852E-14 -9.056486147459E+00 -1.347032064910E+01 -1.947703450518E+01 7.510836913077E-04 8.146128035852E+00
1.610120404804E+00 1.548835162407E-09 -1.936782455939E-14 -9.061653112110E+00 -1.344462900737E+01 -1.947584476538E+01 8.063440934101E-04 8.146128035868E+00
1.649824340420E+00 1.583071190178E-09 -2.083476836536E-14 -9.067136756970E+00 -1.342043786023E+01 -1.947458210704E+01 8.633105415259E-04 8.146128035885E+00
1.688321336653E+00 1.615837380270E-09 -2.233610558626E-14 -9.072958796207E+00 -1.339768173332E+01 -1.947324153027E+01 9.219668658120E-04 8.146128035903E+00
1.725681024245E+00 1.647199476659E-09 -2.386893767938E-14 -9.079135878166E+00 -1.337635573541E+01 -1.947181920163E+01 9.821700147868E-04 8.146128035922E+00
1.741826051439E+00 1.660611393142E-09 -2.455471718753E-14 -9.081979845125E+00 -1.336739497315E+01 -1.947116435265E+01 1.009198960640E-03 8.146128035930E+00
1.754499499996E+00 1.671077036421E-09 -2.510295979249E-14 -9.084290667028E+00 -1.336047532079E+01 -1.947063226511E+01 1.030849823088E-03 8.146128035937E+00
1.765242549999E+00 1.679904465736E-09 -2.557453829554E-14 -9.086305521205E+00 -1.335469089621E+01 -1.947016832679E+01 1.049504563072E-03 8.146128035943E+00
1.774684677438E+00 1.687628795273E-09 -2.599419750288E-14 -9.088120167031E+00 -1.334967012383E+01 -1.946975048824E+01 1.066130650340E-03 8.146128035948E+00
1.783069969700E+00 1.694461264517E-09 -2.637095160925E-14 -9.089766998058E+00 -1.334526207446E+01 -1.946937129056E+01 1.081077555638E-03 8.146128035953E+00
1.790600503875E+00 1.700575009733E-09 -2.671255884707E-14 -9.091274962638E+00 -1.334134493021E+01 -1.946902406812E+01 1.094647310704E-03 8.146128035958E+00
1.797454047146E+00 1.706120551050E-09 -2.702613231507E-14 -9.092671754803E+00 -1.333781472835E+01 -1.946870244413E+01 1.107118311474E-03 8.146128035962E+00
1.803788084927E+00 1.711229772918E-09 -2.731820147387E-14 -9.093983759680E+00 -1.333458198061E+01 -1.946840034318E+01 1.118747421747E-03 8.146128035965E+00
1.809724368038E+00 1.716004057945E-09 -2.759390185182E-14 -9.095232112107E+00 -1.333157847840E+01 -1.946811289877E+01 1.129737357081E-03 8.146128035969E+00
