# BP5-QD time series at fltst_strk-36dp+00 (x2=-36km, x3=0km)
# Columns: time(s), slip_strike(m), slip_dip(m), log10(V_strike)(m/s), log10(V_dip)(m/s), tau_strike(MPa), tau_dip(MPa), log10(state)(s)
0.000000000000E+00 0.000000000000E+00 0.000000000000E+00 -9.000000000000E+00 -2.000000000000E+01 -1.327306118488E+01 -1.327306118488E-10 8.146128035678E+00
1.083333333333E-01 1.082693640279E-10 4.845459459219E-16 -9.000525342924E+00 -1.403867432381E+01 -1.327185153758E+01 -1.215577167504E-04 8.146128035678E+00
1.822779908748E-01 1.820908269106E-10 1.415650187180E-15 -9.000929796969E+00 -1.379190279025E+01 -1.327092024663E+01 -2.147474650373E-04 8.146128035679E+00
3.339269168250E-01 3.332519855022E-10 5.087817659862E-15 -9.001904589938E+00 -1.348328377752E+01 -1.326867569778E+01 -4.379740627945E-04 8.146128035680E+00
3.923764891489E-01 3.914168296348E-10 7.223615205266E-15 -9.002343625595E+00 -1.339443766920E+01 -1.326766477742E+01 -5.378986402562E-04 8.146128035681E+00
5.104531452881E-01 5.087243134755E-10 1.297073855207E-14 -9.003366097155E+00 -1.324004070014E+01 -1.326531043910E+01 -7.692062688123E-04 8.146128035684E+00
5.593743988867E-01 5.572410682064E-10 1.598144528071E-14 -9.003852405238E+00 -1.318276216737E+01 -1.326419066708E+01 -8.785591251717E-04 8.146128035685E+00
6.572945607711E-01 6.541763636990E-10 2.328217020618E-14 -9.004960415305E+00 -1.307593798945E+01 -1.326163936230E+01 -1.126210674486E-03 8.146128035688E+00
7.505416238005E-01 7.462350861443E-10 3.204033648940E-14 -9.006216884578E+00 -1.298113966875E+01 -1.325874621029E+01 -1.404687357071E-03 8.146128035692E+00
8.354824176976E-01 8.298415394769E-10 4.181419263962E-14 -9.007574080430E+00 -1.289878222469E+01 -1.325562111901E+01 -1.702910949848E-03 8.146128035696E+00
9.134245975837E-01 9.063105763033E-10 5.253628708905E-14 -9.009038830658E+00 -1.282554030423E+01 -1.325224836547E+01 -2.022032319787E-03 8.146128035700E+00
9.856683946287E-01 9.769406053599E-10 6.420491887056E-14 -9.010624057895E+00 -1.275905573107E+01 -1.324859819241E+01 -2.364494214422E-03 8.146128035705E+00
1.053175960954E+00 1.042689759659E-09 7.683327811119E-14 -9.012342819919E+00 -1.269779022427E+01 -1.324464053103E+01 -2.732705125586E-03 8.146128035711E+00
1.116659317412E+00 1.104265082289E-09 9.044016278562E-14 -9.014207907134E+00 -1.264070793248E+01 -1.324034592784E+01 -3.128954923434E-03 8.146128035717E+00
1.176660799029E+00 1.162203326665E-09 1.050472532339E-13 -9.016231998254E+00 -1.258708360218E+01 -1.323568518612E+01 -3.555452041092E-03 8.146128035723E+00
1.233605218618E+00 1.216923290709E-09 1.206777594732E-13 -9.018427810535E+00 -1.253639220942E+01 -1.323062901997E+01 -4.014357936437E-03 8.146128035730E+00
1.287833473358E+00 1.268759528237E-09 1.373555600475E-13 -9.020808211177E+00 -1.248824295550E+01 -1.322514779774E+01 -4.507811943269E-03 8.146128035737E+00
1.339624831550E+00 1.317984706875E-09 1.551045908147E-13 -9.023386304078E+00 -1.244233802156E+01 -1.321921134223E+01 -5.037949715738E-03 8.146128035745E+00
1.389212163578E+00 1.364824890042E-09 1.739483797743E-13 -9.026175504886E+00 -1.239844579517E+01 -1.321278875777E+01 -5.606917957509E-03 8.146128035754E+00
1.436792642984E+00 1.409470275316E-09 1.939096761794E-13 -9.029189616441E+00 -1.235638292153E+01 -1.320584825650E+01 -6.216887343416E-03 8.146128035763E+00
1.482535471092E+00 1.452082943840E-09 2.150101541130E-13 -9.032442926538E+00 -1.231600192266E+01 -1.319835693315E+01 -6.870065426098E-03 8.146128035773E+00
1.526587619322E+00 1.492802610369E-09 2.372701968893E-13 -9.035950369868E+00 -1.227718240095E+01 -1.319028039208E+01 -7.568712287989E-03 8.146128035783E+00
1.569078011414E+00 1.531750808110E-09 2.607086609401E-13 -9.039727706576E+00 -1.223982464041E+01 -1.318158233603E+01 -8.315160049255E-03 8.146128035794E+00
1.610120404804E+00 1.569033800577E-09 2.853424898976E-13 -9.043791467395E+00 -1.220384460755E+01 -1.317222469235E+01 -9.111838007851E-03 8.146128035806E+00
1.649824340420E+00 1.604752661426E-09 3.111923582351E-13 -9.048160246644E+00 -1.216915702171E+01 -1.316216463537E+01 -9.961633137362E-03 8.146128035818E+00
1.688321336653E+00 1.639026206214E-09 3.383036191046E-13 -9.052860902627E+00 -1.213562618201E+01 -1.315134030808E+01 -1.086937910538E-02 8.146128035831E+00
1.725681024245E+00 1.671915811228E-09 3.666909140943E-13 -9.057920153686E+00 -1.210314149190E+01 -1.313969017340E+01 -1.184032945458E-02 8.146128035845E+00
1.741826051439E+00 1.686007106704E-09 3.796307755621E-13 -9.060274353606E+00 -1.208911599605E+01 -1.313426904396E+01 -1.229035042457E-02 8.146128035851E+00
1.754499499996E+00 1.697013991846E-09 3.900850155024E-13 -9.062198542292E+00 -1.207811301424E+01 -1.312983811196E+01 -1.265741149754E-02 8.146128035857E+00
1.765242549999E+00 1.706305595250E-09 3.991566196580E-13 -9.063884407419E+00 -1.206879160971E+01 -1.312595597287E+01 -1.297847727235E-02 8.146128035861E+00
1.774684677438E+00 1.714441891043E-09 4.072920196894E-13 -9.065409111982E+00 -1.206060398293E+01 -1.312244494152E+01 -1.326844071527E-02 8.146128035865E+00
1.783069969700E+00 1.721643302615E-09 4.146465174603E-13 -9.066797935068E+00 -1.205333726338E+01 -1.311924680789E+01 -1.353223633839E-02 8.146128035869E+00
1.790600503875E+00 1.728090817300E-09 4.213570025523E-13 -9.068073843666E+00 -1.204681530299E+01 -1.311630868566E+01 -1.377432004935E-02 8.146128035872E+00
1.797454047146E+00 1.733942095026E-09 4.275524050792E-13 -9.069259200572E+00 -1.204088331930E+01 -1.311357907945E+01 -1.399900345783E-02 8.146128035875E+00
1.803788084927E+00 1.739335525064E-09 4.333539006084E-13 -9.070375622144E+00 -1.203540438586E+01 -1.311100821243E+01 -1.421043347023E-02 8.146128035878E+00
1.809724368038E+00 1.744377586673E-09 4.388579058109E-13 -9.071440536948E+00 -1.203027275214E+01 -1.310855595103E+01 -1.441194635543E-02 8.146128035881E+00
