# BP5-QD time series at fltst_strk+00dp+22 (x2=0km, x3=22km)
# Columns: time(s), slip_strike(m), slip_dip(m), log10(V_strike)(m/s), log10(V_dip)(m/s), tau_strike(MPa), tau_dip(MPa), log10(state)(s)
0.000000000000E+00 0.000000000000E+00 0.000000000000E+00 -9.000000000000E+00 -2.000000000000E+01 -1.327306118488E+01 -1.327306118488E-10 8.146128035678E+00
1.083333333333E-01 1.083266641309E-10 6.180959939655E-17 -9.000054699274E+00 -1.493255507634E+01 -1.327293523514E+01 -1.550481533941E-05 8.146128035678E+00
1.822779908748E-01 1.822584996713E-10 1.808226654595E-16 -9.000096600400E+00 -1.468490052147E+01 -1.327283875421E+01 -2.742583742740E-05 8.146128035678E+00
3.339269168250E-01 3.338568222618E-10 6.518321809070E-16 -9.000196791557E+00 -1.437425404206E+01 -1.327260805547E+01 -5.609175380905E-05 8.146128035678E+00
3.923764891489E-01 3.922769486226E-10 9.266435362361E-16 -9.000241537440E+00 -1.428453916784E+01 -1.327250502420E+01 -6.896921263206E-05 8.146128035679E+00
5.104531452881E-01 5.102743437478E-10 1.668550310994E-15 -9.000344820631E+00 -1.412821527568E+01 -1.327226720569E+01 -9.887230559525E-05 8.146128035679E+00
5.593743988867E-01 5.591540668305E-10 2.058435168578E-15 -9.000393491884E+00 -1.407006321524E+01 -1.327215513589E+01 -1.130503018002E-04 8.146128035679E+00
6.572945607711E-01 6.569735115009E-10 3.006933343880E-15 -9.000503319909E+00 -1.396133873324E+01 -1.327190224722E+01 -1.452438528908E-04 8.146128035679E+00
7.505416238005E-01 7.500997522383E-10 4.149925647534E-15 -9.000626139687E+00 -1.386451484320E+01 -1.327161944382E+01 -1.815662887214E-04 8.146128035680E+00
8.354824176976E-01 8.349057290042E-10 5.431477219241E-15 -9.000756871196E+00 -1.378009506695E+01 -1.327131842285E+01 -2.205849477121E-04 8.146128035680E+00
9.134245975837E-01 9.127000397268E-10 6.844119733861E-15 -9.000895874749E+00 -1.370474474351E+01 -1.327099835463E+01 -2.624549248748E-04 8.146128035680E+00
9.856683946287E-01 9.847829445907E-10 8.389057102849E-15 -9.001044070217E+00 -1.363608769902E+01 -1.327065712106E+01 -3.075026051738E-04 8.146128035681E+00
1.053175960954E+00 1.052116410257E-09 1.006959837464E-14 -9.001202349642E+00 -1.357256867374E+01 -1.327029266810E+01 -3.560526127108E-04 8.146128035682E+00
1.116659317412E+00 1.115412183243E-09 1.188997581617E-14 -9.001371541171E+00 -1.351313615786E+01 -1.326990308881E+01 -4.084163638823E-04 8.146128035682E+00
1.176660799029E+00 1.175212270377E-09 1.385501511732E-14 -9.001552426134E+00 -1.345705013075E+01 -1.326948658407E+01 -4.648966482598E-04 8.146128035683E+00
1.233605218618E+00 1.231941118384E-09 1.596998442764E-14 -9.001745754436E+00 -1.340377136427E+01 -1.326904142710E+01 -5.257919590760E-04 8.146128035683E+00
1.287833473358E+00 1.285939229567E-09 1.824050809169E-14 -9.001952255498E+00 -1.335289516878E+01 -1.326856593828E+01 -5.913996643896E-04 8.146128035684E+00
1.339624831550E+00 1.337485454102E-09 2.067251426269E-14 -9.002172646421E+00 -1.330410991170E+01 -1.326805846634E+01 -6.620184777725E-04 8.146128035685E+00
1.389212163578E+00 1.386812224385E-09 2.327220359253E-14 -9.002407638713E+00 -1.325716998080E+01 -1.326751737288E+01 -7.379506555707E-04 8.146128035686E+00
1.436792642984E+00 1.434116257978E-09 2.604603341106E-14 -9.002657944649E+00 -1.321187742450E+01 -1.326694101774E+01 -8.195044543889E-04 8.146128035687E+00
1.482535471092E+00 1.479566282779E-09 2.900071817530E-14 -9.002924285427E+00 -1.316806851914E+01 -1.326632774017E+01 -9.069983322109E-04 8.146128035687E+00
1.526587619322E+00 1.523308778074E-09 3.214325671271E-14 -9.003207404866E+00 -1.312560268076E+01 -1.326567582733E+01 -1.000769599724E-03 8.146128035688E+00
1.569078011414E+00 1.565472154989E-09 3.548097698665E-14 -9.003508080115E+00 -1.308435610825E+01 -1.326498348963E+01 -1.101180939784E-03 8.146128035689E+00
1.610120404804E+00 1.606169638924E-09 3.902154267328E-14 -9.003827109719E+00 -1.304422348073E+01 -1.326424888816E+01 -1.208610300654E-03 8.146128035690E+00
1.649824340420E+00 1.645510139216E-09 4.277377646951E-14 -9.004165383490E+00 -1.300510798040E+01 -1.326346997388E+01 -1.323471402890E-03 8.146128035692E+00
1.688321336653E+00 1.683624156736E-09 4.675067979820E-14 -9.004524190982E+00 -1.296688463635E+01 -1.326264377723E+01 -1.446337543653E-03 8.146128035693E+00
1.725681024245E+00 1.720580728325E-09 5.096112941635E-14 -9.004904498478E+00 -1.292947975269E+01 -1.326176807300E+01 -1.577706352973E-03 8.146128035694E+00
1.741826051439E+00 1.736541260144E-09 5.289626930140E-14 -9.005079464209E+00 -1.291321330586E+01 -1.326136519270E+01 -1.638529984484E-03 8.146128035695E+00
1.754499499996E+00 1.749065305945E-09 5.446699641315E-14 -9.005221570474E+00 -1.290039966170E+01 -1.326103797518E+01 -1.688104888404E-03 8.146128035695E+00
1.765242549999E+00 1.759678457390E-09 5.583530376288E-14 -9.005345432702E+00 -1.288950607810E+01 -1.326075276669E+01 -1.731440344129E-03 8.146128035695E+00
1.774684677438E+00 1.769003887602E-09 5.706662163016E-14 -9.005456952740E+00 -1.287990708024E+01 -1.326049597753E+01 -1.770555890905E-03 8.146128035696E+00
1.783069969700E+00 1.777283515767E-09 5.818319872525E-14 -9.005558131167E+00 -1.287136278720E+01 -1.326026300116E+01 -1.806123659825E-03 8.146128035696E+00
1.790600503875E+00 1.784717497375E-09 5.920487216008E-14 -9.005650753927E+00 -1.286367336094E+01 -1.326004972522E+01 -1.838749406971E-03 8.146128035696E+00
1.797454047146E+00 1.791481778327E-09 6.015056749091E-14 -9.005736527648E+00 -1.285666174747E+01 -1.325985222002E+01 -1.869017914476E-03 8.146128035697E+00
1.803788084927E+00 1.797732122772E-09 6.103827083120E-14 -9.005817076733E+00 -1.285017007156E+01 -1.325966674515E+01 -1.897490517660E-03 8.146128035697E+00
1.809724368038E+00 1.803588908135E-09 6.188237173062E-14 -9.005893701784E+00 -1.284407589710E+01 -1.325949030584E+01 -1.924618405900E-03 8.146128035697E+00
