# BP5-QD time series at fltst_strk+16dp+00 (x2=16km, x3=0km)
# Columns: time(s), slip_strike(m), slip_dip(m), log10(V_strike)(m/s), log10(V_dip)(m/s), tau_strike(MPa), tau_dip(MPa), log10(state)(s)
0.000000000000E+00 0.000000000000E+00 0.000000000000E+00 -9.000000000000E+00 -2.000000000000E+01 -1.327306118488E+01 -1.327306118488E-10 8.146128035678E+00
1.083333333333E-01 1.083294955540E-10 -4.335308371223E-18 -9.000031473328E+00 -1.608692017405E+01 -1.327298871486E+01 1.086625830148E-06 8.146128035678E+00
1.822779908748E-01 1.822667759603E-10 -1.266767124693E-17 -9.000055571894E+00 -1.584012941171E+01 -1.327293322587E+01 1.918196391700E-06 8.146128035678E+00
3.339269168250E-01 3.338865962978E-10 -4.552559089873E-17 -9.000113155827E+00 -1.553164489256E+01 -1.327280063396E+01 3.903290138199E-06 8.146128035678E+00
3.923764891489E-01 3.923192371113E-10 -6.463035419391E-17 -9.000138855261E+00 -1.544291602510E+01 -1.327274145883E+01 4.788323292983E-06 8.146128035678E+00
5.104531452881E-01 5.103503325705E-10 -1.160102276038E-16 -9.000198133323E+00 -1.528888646049E+01 -1.327260496604E+01 6.827596411517E-06 8.146128035679E+00
5.593743988867E-01 5.592477212686E-10 -1.429081579634E-16 -9.000226047625E+00 -1.523181685567E+01 -1.327254069099E+01 7.786875972750E-06 8.146128035679E+00
6.572945607711E-01 6.571100269616E-10 -2.080783816380E-16 -9.000288991328E+00 -1.512552020077E+01 -1.327239575775E+01 9.947595417752E-06 8.146128035679E+00
7.505416238005E-01 7.502877179949E-10 -2.861528545803E-16 -9.000359308415E+00 -1.503136553062E+01 -1.327223384667E+01 1.235770440751E-05 8.146128035679E+00
8.354824176976E-01 8.351511439922E-10 -3.731461400428E-16 -9.000434075519E+00 -1.494971274787E+01 -1.327206168905E+01 1.491625225513E-05 8.146128035679E+00
9.134245975837E-01 9.130085101685E-10 -4.684207896110E-16 -9.000513488737E+00 -1.487720665891E+01 -1.327187883336E+01 1.762946925964E-05 8.146128035680E+00
9.856683946287E-01 9.851600731695E-10 -5.719295722280E-16 -9.000598063203E+00 -1.481146379405E+01 -1.327168409345E+01 2.051447016483E-05 8.146128035680E+00
1.053175960954E+00 1.052567887802E-09 -6.837626041436E-16 -9.000688296677E+00 -1.475092160714E+01 -1.327147632319E+01 2.358771795424E-05 8.146128035680E+00
1.116659317412E+00 1.115943826954E-09 -8.040660680764E-16 -9.000784649091E+00 -1.469452056706E+01 -1.327125446355E+01 2.686433277021E-05 8.146128035680E+00
1.176660799029E+00 1.175830047139E-09 -9.330195646447E-16 -9.000887552437E+00 -1.464151237899E+01 -1.327101751983E+01 3.035843614390E-05 8.146128035681E+00
1.233605218618E+00 1.232651161262E-09 -1.070825780947E-15 -9.000997419635E+00 -1.459134973306E+01 -1.327076454125E+01 3.408345641485E-05 8.146128035681E+00
1.287833473358E+00 1.286747850411E-09 -1.217704595892E-15 -9.001114650822E+00 -1.454362035443E+01 -1.327049460646E+01 3.805234330073E-05 8.146128035682E+00
1.339624831550E+00 1.338399153774E-09 -1.373889475095E-15 -9.001239638048E+00 -1.449800570302E+01 -1.327020681272E+01 4.227772663502E-05 8.146128035682E+00
1.389212163578E+00 1.387837701522E-09 -1.539625251887E-15 -9.001372769185E+00 -1.445425406722E+01 -1.326990026694E+01 4.677204520968E-05 8.146128035683E+00
1.436792642984E+00 1.435260416930E-09 -1.715166854187E-15 -9.001514431727E+00 -1.441216243969E+01 -1.326957407686E+01 5.154766236683E-05 8.146128035683E+00
1.482535471092E+00 1.480836241249E-09 -1.900778837571E-15 -9.001665018057E+00 -1.437156383247E+01 -1.326922733900E+01 5.661699569922E-05 8.146128035684E+00
1.526587619322E+00 1.524711875134E-09 -2.096735898531E-15 -9.001824934976E+00 -1.433231791506E+01 -1.326885911667E+01 6.199270728697E-05 8.146128035684E+00
1.569078011414E+00 1.567015959538E-09 -2.303323495977E-15 -9.001994610784E+00 -1.429430473194E+01 -1.326846842365E+01 6.768784290253E-05 8.146128035685E+00
1.610120404804E+00 1.607861957521E-09 -2.520836783690E-15 -9.002174485505E+00 -1.425742169521E+01 -1.326805424677E+01 7.371570591483E-05 8.146128035685E+00
1.649824340420E+00 1.647359058597E-09 -2.749631068146E-15 -9.002365047995E+00 -1.422157294853E+01 -1.326761546039E+01 8.009123217759E-05 8.146128035686E+00
1.688321336653E+00 1.685638210046E-09 -2.990300700309E-15 -9.002567012036E+00 -1.418664313538E+01 -1.326715042096E+01 8.683634387327E-05 8.146128035687E+00
1.725681024245E+00 1.722768712246E-09 -3.243167885242E-15 -9.002780911650E+00 -1.415257142285E+01 -1.326665789885E+01 9.396606040653E-05 8.146128035687E+00
1.741826051439E+00 1.738808883564E-09 -3.358746039350E-15 -9.002879266617E+00 -1.413779064411E+01 -1.326643142815E+01 9.723950493014E-05 8.146128035688E+00
1.754499499996E+00 1.751397436447E-09 -3.452271351501E-15 -9.002959127002E+00 -1.412616279017E+01 -1.326624754280E+01 9.989515696443E-05 8.146128035688E+00
1.765242549999E+00 1.762066684743E-09 -3.533537592284E-15 -9.003028718446E+00 -1.411628794928E+01 -1.326608730256E+01 1.022077011295E-04 8.146128035688E+00
1.774684677438E+00 1.771442519282E-09 -3.606505966470E-15 -9.003091363029E+00 -1.410759467109E+01 -1.326594305806E+01 1.042881157381E-04 8.146128035688E+00
1.783069969700E+00 1.779767793044E-09 -3.672544016812E-15 -9.003148188560E+00 -1.409986288632E+01 -1.326581221243E+01 1.061742367012E-04 8.146128035688E+00
1.790600503875E+00 1.787243489645E-09 -3.732861519891E-15 -9.003200201038E+00 -1.409290972474E+01 -1.326569244926E+01 1.078997406302E-04 8.146128035689E+00
1.797454047146E+00 1.794046340417E-09 -3.788602769393E-15 -9.003248360947E+00 -1.408657360257E+01 -1.326558155695E+01 1.094967054795E-04 8.146128035689E+00
1.803788084927E+00 1.800332852229E-09 -3.840847343395E-15 -9.003293581834E+00 -1.408071077460E+01 -1.326547743200E+01 1.109955818975E-04 8.146128035689E+00
1.809724368038E+00 1.806223995274E-09 -3.890455909700E-15 -9.003336594879E+00 -1.407520987185E+01 -1.326537839080E+01 1.124207208346E-04 8.146128035689E+00
